0.323540 12.381750 -9.591200
-0.323500 12.381750 -9.591200
0.000020 12.424350 -9.591200
0.625020 12.256880 -9.591200
-0.624980 12.256880 -9.591200
0.883900 12.058230 -9.591200
-0.883860 12.058230 -9.591200
1.082550 11.799350 -9.591200
-1.082510 11.799350 -9.591200
1.207430 11.497870 -9.591200
-1.207390 11.497870 -9.591200
1.250020 11.174350 -9.591200
-1.249980 11.174350 -9.591200
1.207430 10.850820 -9.591200
-1.207390 10.850820 -9.591200
1.082550 10.549350 -9.591200
-1.082510 10.549350 -9.591200
0.883900 10.290460 -9.591200
-0.883860 10.290460 -9.591200
-0.624980 10.091810 -9.591200
0.625020 10.091810 -9.591200
0.323540 9.966940 -9.591200
-0.323500 9.966940 -9.591200
0.000020 9.924347 -9.591200
0.000020 9.924347 -9.591200
0.323540 9.966940 -9.591200
-0.323500 9.966940 -9.591200
-0.624980 10.091810 -9.591200
0.625020 10.091810 -9.591200
0.883900 10.290460 -9.591200
-0.883860 10.290460 -9.591200
-1.082510 10.549350 -9.591200
1.082550 10.549350 -9.591200
-1.207390 10.850820 -9.591200
1.207430 10.850820 -9.591200
-1.249980 11.174350 -9.591200
1.250020 11.174350 -9.591200
-1.207390 11.497870 -9.591200
1.207430 11.497870 -9.591200
-1.082510 11.799350 -9.591200
1.082550 11.799350 -9.591200
-0.883860 12.058230 -9.591200
0.883900 12.058230 -9.591200
-0.624980 12.256880 -9.591200
0.625020 12.256880 -9.591200
-0.323500 12.381750 -9.591200
0.323540 12.381750 -9.591200
0.000020 12.424350 -9.591200
-0.323500 9.966940 -9.591200
-0.624980 10.091810 -9.015729
-0.624980 10.091810 -9.591200
-0.323500 9.966940 -9.015729
-0.323500 9.966940 -9.015729
-0.323500 9.966940 -9.591200
-0.624980 10.091810 -9.015729
-0.624980 10.091810 -9.591200
-0.624980 10.091810 -9.591200
-0.883860 10.290460 -9.015729
-0.883860 10.290460 -9.591200
-0.624980 10.091810 -9.015729
-0.624980 10.091810 -9.015729
-0.624980 10.091810 -9.591200
-0.883860 10.290460 -9.015729
-0.883860 10.290460 -9.591200
-0.883860 10.290460 -9.015729
-1.082510 10.549350 -9.591200
-0.883860 10.290460 -9.591200
-1.082510 10.549350 -9.015729
-1.082510 10.549350 -9.015729
-0.883860 10.290460 -9.015729
-1.082510 10.549350 -9.591200
-0.883860 10.290460 -9.591200
-1.082510 10.549350 -9.015729
-1.207390 10.850820 -9.591200
-1.082510 10.549350 -9.591200
-1.207390 10.850820 -9.015729
-1.207390 10.850820 -9.015729
-1.082510 10.549350 -9.015729
-1.207390 10.850820 -9.591200
-1.082510 10.549350 -9.591200
-1.207390 10.850820 -9.015729
-1.249980 11.174350 -9.591200
-1.207390 10.850820 -9.591200
-1.249980 11.174350 -9.015729
-1.249980 11.174350 -9.015729
-1.207390 10.850820 -9.015729
-1.249980 11.174350 -9.591200
-1.207390 10.850820 -9.591200
-1.249980 11.174350 -9.015729
-1.207390 11.497870 -9.591200
-1.249980 11.174350 -9.591200
-1.207390 11.497870 -9.015729
-1.207390 11.497870 -9.015729
-1.249980 11.174350 -9.015729
-1.207390 11.497870 -9.591200
-1.249980 11.174350 -9.591200
-1.207390 11.497870 -9.015729
-1.082510 11.799350 -9.591200
-1.207390 11.497870 -9.591200
-1.082510 11.799350 -9.015729
-1.082510 11.799350 -9.015729
-1.207390 11.497870 -9.015729
-1.082510 11.799350 -9.591200
-1.207390 11.497870 -9.591200
-1.082510 11.799350 -9.015729
-0.883860 12.058230 -9.591200
-1.082510 11.799350 -9.591200
-0.883860 12.058230 -9.015729
-0.883860 12.058230 -9.015729
-1.082510 11.799350 -9.015729
-0.883860 12.058230 -9.591200
-1.082510 11.799350 -9.591200
-0.624980 12.256880 -9.015729
-0.883860 12.058230 -9.591200
-0.883860 12.058230 -9.015729
-0.624980 12.256880 -9.591200
-0.624980 12.256880 -9.591200
-0.624980 12.256880 -9.015729
-0.883860 12.058230 -9.591200
-0.883860 12.058230 -9.015729
-0.323500 12.381750 -9.015729
-0.624980 12.256880 -9.591200
-0.624980 12.256880 -9.015729
-0.323500 12.381750 -9.591200
-0.323500 12.381750 -9.591200
-0.323500 12.381750 -9.015729
-0.624980 12.256880 -9.591200
-0.624980 12.256880 -9.015729
0.000020 12.424350 -9.015729
-0.323500 12.381750 -9.591200
-0.323500 12.381750 -9.015729
0.000020 12.424350 -9.591200
0.000020 12.424350 -9.591200
0.000020 12.424350 -9.015729
-0.323500 12.381750 -9.591200
-0.323500 12.381750 -9.015729
0.323540 12.381750 -9.015729
0.000020 12.424350 -9.591200
0.000020 12.424350 -9.015729
0.323540 12.381750 -9.591200
0.323540 12.381750 -9.591200
0.323540 12.381750 -9.015729
0.000020 12.424350 -9.591200
0.000020 12.424350 -9.015729
0.625020 12.256880 -9.015729
0.323540 12.381750 -9.591200
0.323540 12.381750 -9.015729
0.625020 12.256880 -9.591200
0.625020 12.256880 -9.591200
0.625020 12.256880 -9.015729
0.323540 12.381750 -9.591200
0.323540 12.381750 -9.015729
0.883900 12.058230 -9.015729
0.625020 12.256880 -9.591200
0.625020 12.256880 -9.015729
0.883900 12.058230 -9.591200
0.883900 12.058230 -9.591200
0.883900 12.058230 -9.015729
0.625020 12.256880 -9.591200
0.625020 12.256880 -9.015729
0.883900 12.058230 -9.015729
1.082550 11.799350 -9.591200
0.883900 12.058230 -9.591200
1.082550 11.799350 -9.015729
1.082550 11.799350 -9.015729
0.883900 12.058230 -9.015729
1.082550 11.799350 -9.591200
0.883900 12.058230 -9.591200
1.082550 11.799350 -9.015729
1.207430 11.497870 -9.591200
1.082550 11.799350 -9.591200
1.207430 11.497870 -9.015729
1.207430 11.497870 -9.015729
1.082550 11.799350 -9.015729
1.207430 11.497870 -9.591200
1.082550 11.799350 -9.591200
1.207430 11.497870 -9.015729
1.250020 11.174350 -9.591200
1.207430 11.497870 -9.591200
1.250020 11.174350 -9.015729
1.250020 11.174350 -9.015729
1.207430 11.497870 -9.015729
1.250020 11.174350 -9.591200
1.207430 11.497870 -9.591200
1.250020 11.174350 -9.015729
1.207430 10.850820 -9.591200
1.250020 11.174350 -9.591200
1.207430 10.850820 -9.015729
1.207430 10.850820 -9.015729
1.250020 11.174350 -9.015729
1.207430 10.850820 -9.591200
1.250020 11.174350 -9.591200
1.207430 10.850820 -9.015729
1.082550 10.549350 -9.591200
1.207430 10.850820 -9.591200
1.082550 10.549350 -9.015729
1.082550 10.549350 -9.015729
1.207430 10.850820 -9.015729
1.082550 10.549350 -9.591200
1.207430 10.850820 -9.591200
1.082550 10.549350 -9.015729
0.883900 10.290460 -9.591200
1.082550 10.549350 -9.591200
0.883900 10.290460 -9.015729
0.883900 10.290460 -9.015729
1.082550 10.549350 -9.015729
0.883900 10.290460 -9.591200
1.082550 10.549350 -9.591200
0.883900 10.290460 -9.591200
0.625020 10.091810 -9.015729
0.625020 10.091810 -9.591200
0.883900 10.290460 -9.015729
0.883900 10.290460 -9.015729
0.883900 10.290460 -9.591200
0.625020 10.091810 -9.015729
0.625020 10.091810 -9.591200
0.625020 10.091810 -9.591200
0.323540 9.966940 -9.015729
0.323540 9.966940 -9.591200
0.625020 10.091810 -9.015729
0.625020 10.091810 -9.015729
0.625020 10.091810 -9.591200
0.323540 9.966940 -9.015729
0.323540 9.966940 -9.591200
0.323540 9.966940 -9.591200
0.000020 9.924347 -9.015729
0.000020 9.924347 -9.591200
0.323540 9.966940 -9.015729
0.323540 9.966940 -9.015729
0.323540 9.966940 -9.591200
0.000020 9.924347 -9.015729
0.000020 9.924347 -9.591200
0.000020 9.924347 -9.591200
-0.323500 9.966940 -9.015729
-0.323500 9.966940 -9.591200
0.000020 9.924347 -9.015729
0.000020 9.924347 -9.015729
0.000020 9.924347 -9.591200
-0.323500 9.966940 -9.015729
-0.323500 9.966940 -9.591200
-0.323500 12.381750 -9.015729
0.323540 12.381750 -9.015729
0.000020 12.424350 -9.015729
-0.624980 12.256880 -9.015729
0.625020 12.256880 -9.015729
-0.883860 12.058230 -9.015729
0.883900 12.058230 -9.015729
-1.082510 11.799350 -9.015729
1.082550 11.799350 -9.015729
-1.207390 11.497870 -9.015729
1.207430 11.497870 -9.015729
-1.249980 11.174350 -9.015729
1.250020 11.174350 -9.015729
-1.207390 10.850820 -9.015729
1.207430 10.850820 -9.015729
-1.082510 10.549350 -9.015729
1.082550 10.549350 -9.015729
-0.883860 10.290460 -9.015729
0.883900 10.290460 -9.015729
-0.624980 10.091810 -9.015729
0.625020 10.091810 -9.015729
-0.323500 9.966940 -9.015729
0.323540 9.966940 -9.015729
0.000020 9.924347 -9.015729
0.000020 9.924347 -9.015729
-0.323500 9.966940 -9.015729
0.323540 9.966940 -9.015729
0.625020 10.091810 -9.015729
-0.624980 10.091810 -9.015729
0.883900 10.290460 -9.015729
-0.883860 10.290460 -9.015729
1.082550 10.549350 -9.015729
-1.082510 10.549350 -9.015729
1.207430 10.850820 -9.015729
-1.207390 10.850820 -9.015729
1.250020 11.174350 -9.015729
-1.249980 11.174350 -9.015729
1.207430 11.497870 -9.015729
-1.207390 11.497870 -9.015729
1.082550 11.799350 -9.015729
-1.082510 11.799350 -9.015729
0.883900 12.058230 -9.015729
-0.883860 12.058230 -9.015729
0.625020 12.256880 -9.015729
-0.624980 12.256880 -9.015729
0.323540 12.381750 -9.015729
-0.323500 12.381750 -9.015729
0.000020 12.424350 -9.015729
15.028700 23.845650 7.190200
14.476000 23.629250 4.847700
15.348600 21.558150 4.847700
15.348600 21.558150 4.847700
14.476000 23.629250 4.847700
15.028700 23.845650 7.190200
13.979000 25.776550 7.190200
13.979000 25.776550 7.190200
14.598700 21.370050 2.574300
14.598700 21.370050 2.574300
15.923700 21.710750 7.190200
15.923700 21.710750 7.190200
14.337400 25.912050 9.591200
14.337400 25.912050 9.591200
13.456800 25.494550 4.847700
13.456800 25.494550 4.847700
15.302200 19.173050 2.574300
15.302200 19.173050 2.574300
13.755200 23.355750 2.574300
13.755200 23.355750 2.574300
16.072300 19.279150 4.847700
16.072300 19.279150 4.847700
15.408000 23.922850 9.591200
15.408000 23.922850 9.591200
13.106400 27.697150 9.591200
13.106400 27.697150 9.591200
12.775100 27.504750 7.190200
12.775100 27.504750 7.190200
14.358000 19.058350 0.380780
14.358000 19.058350 0.380780
13.679500 21.151650 0.380780
13.679500 21.151650 0.380780
16.662900 19.370950 7.190200
16.662900 19.370950 7.190200
16.318300 21.729350 9.591200
16.318300 21.729350 9.591200
12.292500 27.157550 4.847700
12.292500 27.157550 4.847700
12.775800 25.133750 2.574300
12.775800 25.133750 2.574300
14.900100 16.750350 0.380780
14.900100 16.750350 0.380780
15.860800 16.764800 2.574300
15.860800 16.764800 2.574300
12.871700 23.029950 0.380780
12.871700 23.029950 0.380780
16.644500 16.792480 4.847700
16.644500 16.792480 4.847700
11.715100 29.278150 9.591200
11.715100 29.278150 9.591200
11.417300 29.032250 7.190200
11.417300 29.032250 7.190200
13.768200 16.605100 -1.722290
13.768200 16.605100 -1.722290
13.245700 18.813830 -1.722290
13.245700 18.813830 -1.722290
12.596400 20.802150 -1.722290
12.596400 20.802150 -1.722290
17.245400 16.826310 7.190200
17.245400 16.826310 7.190200
17.068300 19.331750 9.591200
17.068300 19.331750 9.591200
10.983500 28.622750 4.847700
10.983500 28.622750 4.847700
11.663100 26.710150 2.574300
11.663100 26.710150 2.574300
11.941000 24.698750 0.380780
11.941000 24.698750 0.380780
14.163900 14.091300 -1.722290
14.163900 14.091300 -1.722290
15.309600 14.130230 0.380780
15.309600 14.130230 0.380780
16.281900 14.036520 2.574300
16.281900 14.036520 2.574300
11.830700 22.569650 -1.722290
11.830700 22.569650 -1.722290
17.075100 13.979700 4.847700
17.075100 13.979700 4.847700
10.163400 30.654950 9.591200
10.163400 30.654950 9.591200
9.904700 30.360950 7.190200
9.904700 30.360950 7.190200
12.850800 14.187460 -3.724160
12.850800 14.187460 -3.724160
12.470800 16.555830 -3.724160
12.470800 16.555830 -3.724160
11.970700 18.630200 -3.724160
11.970700 18.630200 -3.724160
11.355100 20.480150 -3.724160
11.355100 20.480150 -3.724160
17.683400 13.951340 7.190200
17.683400 13.951340 7.190200
17.657900 16.730050 9.591200
17.657900 16.730050 9.591200
9.527700 29.895050 4.847700
9.527700 29.895050 4.847700
10.417700 28.092750 2.574300
10.417700 28.092750 2.574300
10.891600 26.167250 0.380780
10.891600 26.167250 0.380780
10.957400 24.124150 -1.722290
10.957400 24.124150 -1.722290
13.142000 9.834189 -3.724160
13.142000 9.834189 -3.724160
14.460800 9.568206 -1.722290
14.460800 9.568206 -1.722290
15.611400 9.498094 0.380780
15.611400 9.498094 0.380780
16.587900 9.281493 2.574300
16.587900 9.281493 2.574300
10.637600 22.105250 -3.724160
10.637600 22.105250 -3.724160
17.384600 9.132033 4.847700
17.384600 9.132033 4.847700
8.451400 31.827550 9.591200
8.451400 31.827550 9.591200
8.235700 31.492750 7.190200
8.235700 31.492750 7.190200
11.660800 10.073660 -5.614150
11.660800 10.073660 -5.614150
11.376000 14.241050 -5.614150
11.376000 14.241050 -5.614150
11.013700 16.451080 -5.614150
11.013700 16.451080 -5.614150
10.538700 18.379240 -5.614150
10.538700 18.379240 -5.614150
9.960800 20.078850 -5.614150
9.960800 20.078850 -5.614150
17.995500 9.037681 7.190200
17.995500 9.037681 7.190200
18.100900 13.792830 9.591200
18.100900 13.792830 9.591200
7.921500 30.978750 4.847700
7.921500 30.978750 4.847700
9.036100 29.290450 2.574300
9.036100 29.290450 2.574300
9.724200 27.447350 0.380780
9.724200 27.447350 0.380780
9.982600 25.478350 -1.722290
9.982600 25.478350 -1.722290
9.830100 23.515650 -3.724160
9.830100 23.515650 -3.724160
11.719700 5.797420 -5.614150
11.719700 5.797420 -5.614150
13.201800 5.395070 -3.724160
13.201800 5.395070 -3.724160
14.521400 4.980630 -1.722290
14.521400 4.980630 -1.722290
15.672800 4.821230 0.380780
15.672800 4.821230 0.380780
17.447100 4.270520 4.847700
16.649900 4.498560 2.574300
17.447100 4.270520 4.847700
16.649900 4.498560 2.574300
9.297500 21.549350 -5.614150
9.297500 21.549350 -5.614150
18.058400 4.121120 7.190200
18.058400 4.121120 7.190200
6.579100 32.796050 9.591200
6.579100 32.796050 9.591200
6.408300 32.428450 7.190200
6.408300 32.428450 7.190200
10.080900 6.566370 -7.381570
10.080900 6.566370 -7.381570
10.023100 10.584300 -7.381570
10.023100 10.584300 -7.381570
9.745300 14.471880 -7.381570
9.745300 14.471880 -7.381570
9.402600 16.471660 -7.381570
9.402600 16.471660 -7.381570
8.955400 18.208040 -7.381570
8.955400 18.208040 -7.381570
16.466000 -0.278690 2.574300
16.466000 -0.278690 2.574300
7.815900 20.995850 -7.381570
7.815900 20.995850 -7.381570
17.261700 -0.585240 4.847700
17.261700 -0.585240 4.847700
18.478000 3.813560 9.591200
18.414800 8.800836 9.591200
18.414800 8.800836 9.591200
18.478000 3.813560 9.591200
6.159500 31.876450 4.847700
6.159500 31.876450 4.847700
7.511700 30.310650 2.574300
7.511700 30.310650 2.574300
8.433600 28.552450 0.380780
8.433600 28.552450 0.380780
8.907000 26.649250 -1.722290
8.907000 26.649250 -1.722290
8.940700 24.727850 -3.724160
8.940700 24.727850 -3.724160
8.563900 22.803250 -5.614150
8.563900 22.803250 -5.614150
9.909400 2.553470 -7.381570
9.909400 2.553470 -7.381570
11.545000 1.526470 -5.614150
11.545000 1.526470 -5.614150
13.024400 0.961370 -3.724160
13.024400 0.961370 -3.724160
14.341500 0.398600 -1.722290
14.341500 0.398600 -1.722290
15.490700 0.149970 0.380780
15.490700 0.149970 0.380780
8.419300 19.716350 -7.381570
8.419300 19.716350 -7.381570
7.164000 22.061750 -7.381570
7.164000 22.061750 -7.381570
17.871800 -0.789650 7.190200
17.871800 -0.789650 7.190200
18.290600 -1.167850 9.591200
18.290600 -1.167850 9.591200
4.546400 33.560350 9.591200
4.546400 33.560350 9.591200
4.420300 33.168550 7.190200
4.420300 33.168550 7.190200
8.123300 3.699950 -9.015729
8.123300 3.699950 -9.015729
8.234800 11.114680 -9.015729
8.234800 11.114680 -9.015729
7.964700 14.674630 -9.015729
7.964700 14.674630 -9.015729
7.643300 16.440660 -9.015729
7.643300 16.440660 -9.015729
7.226500 17.964980 -9.015729
7.226500 17.964980 -9.015729
6.735900 19.264850 -9.015729
6.735900 19.264850 -9.015729
15.064800 -4.520750 0.380780
15.064800 -4.520750 0.380780
16.036000 -5.053250 2.574300
16.036000 -5.053250 2.574300
5.635300 21.205650 -9.015729
5.635300 21.205650 -9.015729
6.197900 20.339250 -9.015729
6.197900 20.339250 -9.015729
16.828300 -5.436450 4.847700
16.828300 -5.436450 4.847700
17.435900 -5.694450 7.190200
17.435900 -5.694450 7.190200
4.236600 32.588650 4.847700
4.236600 32.588650 4.847700
5.835100 31.157850 2.574300
5.835100 31.157850 2.574300
7.009300 29.493850 0.380780
7.009300 29.493850 0.380780
7.723600 27.655250 -1.722290
7.723600 27.655250 -1.722290
7.970400 25.764250 -3.724160
7.970400 25.764250 -3.724160
7.770600 23.861750 -5.614150
7.770600 23.861750 -5.614150
6.476800 22.938750 -7.381570
6.476800 22.938750 -7.381570
7.728500 -0.018770 -9.015729
7.728500 -0.018770 -9.015729
8.291400 7.404950 -9.015729
8.291400 7.404950 -9.015729
9.507100 -1.470350 -7.381570
9.507100 -1.470350 -7.381570
11.135800 -2.752450 -5.614150
11.135800 -2.752450 -5.614150
12.608900 -3.477250 -3.724160
12.608900 -3.477250 -3.724160
13.920500 -4.185450 -1.722290
13.920500 -4.185450 -1.722290
5.063900 21.892350 -9.015729
5.063900 21.892350 -9.015729
17.852900 -6.142350 9.591200
17.852900 -6.142350 9.591200
2.353380 34.120450 9.591200
2.353380 34.120450 9.591200
2.269890 33.712350 7.190200
2.269890 33.712350 7.190200
6.918600 24.752450 -5.614150
6.918600 24.752450 -5.614150
-0.326470 24.135650 -9.015729
0.326500 24.135650 -9.015729
0.000020 24.176550 -9.015729
-1.484810 23.890350 -9.015729
1.484850 23.890350 -9.015729
-2.433080 23.594850 -9.015729
2.433120 23.594850 -9.015729
-3.214590 23.259850 -9.015729
-3.881710 22.881150 -9.015729
-4.485430 22.437150 -9.015729
4.485500 22.437150 -9.015729
-5.063880 21.892350 -9.015729
5.063900 21.892350 -9.015729
-5.635244 21.205650 -9.015729
5.635300 21.205650 -9.015729
-6.197864 20.339250 -9.015729
6.197900 20.339250 -9.015729
-6.735885 19.264850 -9.015729
6.735900 19.264850 -9.015729
-7.226474 17.964980 -9.015729
7.226500 17.964980 -9.015729
-7.643290 16.440660 -9.015729
7.643300 16.440660 -9.015729
-7.964650 14.674630 -9.015729
7.964700 14.674630 -9.015729
-8.234730 11.114680 -9.015729
8.234800 11.114680 -9.015729
-8.291410 7.404950 -9.015729
8.291400 7.404950 -9.015729
-8.123270 3.699950 -9.015729
8.123300 3.699950 -9.015729
-7.728480 -0.018770 -9.015729
7.728500 -0.018770 -9.015729
-7.181215 -3.391050 -9.015729
7.181300 -3.391050 -9.015729
-6.341620 -6.573350 -9.015729
6.341700 -6.573350 -9.015729
-5.192350 -9.691250 -9.015729
5.192400 -9.691250 -9.015729
-3.703070 -12.799850 -9.015729
-3.604740 -12.973250 -9.015729
-3.445870 -13.226450 -9.015729
-3.274930 -13.474250 -9.015729
-3.109690 -13.692850 -9.015729
-2.668900 -14.220950 -9.015729
2.668940 -14.220950 -9.015729
-2.205320 -14.720750 -9.015729
2.205360 -14.720750 -9.015729
-1.709400 -15.203650 -9.015729
1.709430 -15.203650 -9.015729
-1.529190 -15.362350 -9.015729
1.529230 -15.362350 -9.015729
-1.069820 -15.662650 -9.015729
1.069860 -15.662650 -9.015729
-0.690350 -15.825250 -9.015729
0.690390 -15.825250 -9.015729
-0.286400 -15.926250 -9.015729
0.286440 -15.926250 -9.015729
0.000020 -15.950550 -9.015729
0.000020 -15.950550 -9.015729
-0.286400 -15.926250 -9.015729
0.286440 -15.926250 -9.015729
0.690390 -15.825250 -9.015729
-0.690350 -15.825250 -9.015729
1.069860 -15.662650 -9.015729
-1.069820 -15.662650 -9.015729
1.529230 -15.362350 -9.015729
-1.529190 -15.362350 -9.015729
1.709430 -15.203650 -9.015729
-1.709400 -15.203650 -9.015729
2.205360 -14.720750 -9.015729
-2.205320 -14.720750 -9.015729
2.668940 -14.220950 -9.015729
-2.668900 -14.220950 -9.015729
-3.109690 -13.692850 -9.015729
-3.274930 -13.474250 -9.015729
-3.445870 -13.226450 -9.015729
-3.604740 -12.973250 -9.015729
-3.703070 -12.799850 -9.015729
5.192400 -9.691250 -9.015729
-5.192350 -9.691250 -9.015729
6.341700 -6.573350 -9.015729
-6.341620 -6.573350 -9.015729
7.181300 -3.391050 -9.015729
-7.181215 -3.391050 -9.015729
7.728500 -0.018770 -9.015729
-7.728480 -0.018770 -9.015729
8.123300 3.699950 -9.015729
-8.123270 3.699950 -9.015729
8.291400 7.404950 -9.015729
-8.291410 7.404950 -9.015729
8.234800 11.114680 -9.015729
-8.234730 11.114680 -9.015729
7.964700 14.674630 -9.015729
-7.964650 14.674630 -9.015729
7.643300 16.440660 -9.015729
-7.643290 16.440660 -9.015729
7.226500 17.964980 -9.015729
-7.226474 17.964980 -9.015729
6.735900 19.264850 -9.015729
-6.735885 19.264850 -9.015729
6.197900 20.339250 -9.015729
-6.197864 20.339250 -9.015729
5.635300 21.205650 -9.015729
-5.635244 21.205650 -9.015729
5.063900 21.892350 -9.015729
-5.063880 21.892350 -9.015729
4.485500 22.437150 -9.015729
-4.485430 22.437150 -9.015729
-3.881710 22.881150 -9.015729
-3.214590 23.259850 -9.015729
2.433120 23.594850 -9.015729
-2.433080 23.594850 -9.015729
1.484850 23.890350 -9.015729
-1.484810 23.890350 -9.015729
0.326500 24.135650 -9.015729
-0.326470 24.135650 -9.015729
0.000020 24.176550 -9.015729
13.320300 -8.460650 -1.722290
13.320300 -8.460650 -1.722290
14.454800 -8.897450 0.380780
14.454800 -8.897450 0.380780
15.417700 -9.544650 2.574300
15.417700 -9.544650 2.574300
16.203200 -10.014250 4.847700
16.203200 -10.014250 4.847700
16.805600 -10.333750 7.190200
16.805600 -10.333750 7.190200
2.148260 33.114050 4.847700
2.148260 33.114050 4.847700
5.437400 30.278450 0.380780
5.437400 30.278450 0.380780
6.417400 28.512350 -1.722290
6.417400 28.512350 -1.722290
6.909800 26.648950 -3.724160
6.909800 26.648950 -3.724160
5.995800 25.505650 -5.614150
5.995800 25.505650 -5.614150
5.755500 23.659950 -7.381570
5.755500 23.659950 -7.381570
4.485500 22.437150 -9.015729
4.485500 22.437150 -9.015729
-5.192350 -9.691250 -9.015729
-6.341620 -6.573350 -9.015729
-8.073860 -8.654650 -7.381570
-8.073860 -8.654650 -7.381570
-6.341620 -6.573350 -9.015729
-5.192350 -9.691250 -9.015729
-3.703070 -12.799850 -9.015729
-6.882045 -12.087750 -7.381570
-6.882045 -12.087750 -7.381570
-3.703070 -12.799850 -9.015729
-5.345580 -15.492950 -7.381570
-3.604740 -12.973250 -9.015729
-3.604740 -12.973250 -9.015729
-5.345580 -15.492950 -7.381570
-5.208590 -15.749350 -7.381570
-3.445870 -13.226450 -9.015729
-3.445870 -13.226450 -9.015729
-5.208590 -15.749350 -7.381570
-5.016690 -16.074150 -7.381570
-3.274930 -13.474250 -9.015729
-3.274930 -13.474250 -9.015729
-5.016690 -16.074150 -7.381570
-4.810220 -16.391950 -7.381570
-3.109690 -13.692850 -9.015729
-3.109690 -13.692850 -9.015729
-4.810220 -16.391950 -7.381570
-4.604220 -16.681350 -7.381570
-2.668900 -14.220950 -9.015729
-2.668900 -14.220950 -9.015729
-4.604220 -16.681350 -7.381570
-4.114640 -17.304050 -7.381570
-2.205320 -14.720750 -9.015729
-2.205320 -14.720750 -9.015729
-4.114640 -17.304050 -7.381570
-3.596580 -17.897150 -7.381570
-1.709400 -15.203650 -9.015729
-1.709400 -15.203650 -9.015729
-3.596580 -17.897150 -7.381570
-3.042900 -18.469550 -7.381570
-1.529190 -15.362350 -9.015729
-1.529190 -15.362350 -9.015729
-3.042900 -18.469550 -7.381570
-2.741250 -18.751650 -7.381570
-1.069820 -15.662650 -9.015729
-1.069820 -15.662650 -9.015729
-2.741250 -18.751650 -7.381570
-2.043380 -19.236050 -7.381570
-0.690350 -15.825250 -9.015729
-0.690350 -15.825250 -9.015729
-2.043380 -19.236050 -7.381570
-1.365210 -19.544550 -7.381570
-0.286400 -15.926250 -9.015729
-0.286400 -15.926250 -9.015729
-1.365210 -19.544550 -7.381570
-0.638960 -19.737450 -7.381570
0.000020 -15.950550 -9.015729
0.000020 -15.950550 -9.015729
-0.638960 -19.737450 -7.381570
0.639000 -19.737450 -7.381570
0.286440 -15.926250 -9.015729
0.286440 -15.926250 -9.015729
0.639000 -19.737450 -7.381570
1.365250 -19.544550 -7.381570
0.690390 -15.825250 -9.015729
0.690390 -15.825250 -9.015729
1.365250 -19.544550 -7.381570
2.043420 -19.236050 -7.381570
1.069860 -15.662650 -9.015729
1.069860 -15.662650 -9.015729
2.043420 -19.236050 -7.381570
2.741290 -18.751650 -7.381570
1.529230 -15.362350 -9.015729
1.529230 -15.362350 -9.015729
2.741290 -18.751650 -7.381570
1.709430 -15.203650 -9.015729
1.709430 -15.203650 -9.015729
2.205360 -14.720750 -9.015729
2.205360 -14.720750 -9.015729
4.114700 -17.304050 -7.381570
2.668940 -14.220950 -9.015729
2.668940 -14.220950 -9.015729
4.114700 -17.304050 -7.381570
4.604300 -16.681350 -7.381570
4.604300 -16.681350 -7.381570
4.810300 -16.391950 -7.381570
4.810300 -16.391950 -7.381570
5.016700 -16.074150 -7.381570
5.016700 -16.074150 -7.381570
5.208600 -15.749350 -7.381570
5.208600 -15.749350 -7.381570
5.345600 -15.492950 -7.381570
5.345600 -15.492950 -7.381570
6.882100 -12.087750 -7.381570
5.192400 -9.691250 -9.015729
5.192400 -9.691250 -9.015729
6.882100 -12.087750 -7.381570
8.073900 -8.654650 -7.381570
6.341700 -6.573350 -9.015729
6.341700 -6.573350 -9.015729
8.073900 -8.654650 -7.381570
8.944600 -5.150450 -7.381570
7.181300 -3.391050 -9.015729
7.181300 -3.391050 -9.015729
8.944600 -5.150450 -7.381570
4.985300 24.261350 -7.381570
4.985300 24.261350 -7.381570
4.134600 24.774150 -7.381570
2.433120 23.594850 -9.015729
2.433120 23.594850 -9.015729
4.134600 24.774150 -7.381570
1.484850 23.890350 -9.015729
1.484850 23.890350 -9.015729
2.022680 25.593850 -7.381570
0.326500 24.135650 -9.015729
0.326500 24.135650 -9.015729
2.022680 25.593850 -7.381570
0.682570 25.895150 -7.381570
0.000020 24.176550 -9.015729
0.000020 24.176550 -9.015729
0.682570 25.895150 -7.381570
-0.326470 24.135650 -9.015729
-0.682530 25.895150 -7.381570
-0.682530 25.895150 -7.381570
-0.326470 24.135650 -9.015729
-1.484810 23.890350 -9.015729
-2.022640 25.593850 -7.381570
-2.022640 25.593850 -7.381570
-1.484810 23.890350 -9.015729
-2.433080 23.594850 -9.015729
-3.161410 25.217050 -7.381570
-3.161410 25.217050 -7.381570
-2.433080 23.594850 -9.015729
-3.214590 23.259850 -9.015729
-4.134550 24.774150 -7.381570
-4.134550 24.774150 -7.381570
-3.214590 23.259850 -9.015729
-3.881710 22.881150 -9.015729
-4.985220 24.261350 -7.381570
-4.985220 24.261350 -7.381570
-3.881710 22.881150 -9.015729
-4.485430 22.437150 -9.015729
-5.755474 23.659950 -7.381570
-5.755474 23.659950 -7.381570
-4.485430 22.437150 -9.015729
-5.063880 21.892350 -9.015729
-6.476726 22.938750 -7.381570
-6.476726 22.938750 -7.381570
-5.063880 21.892350 -9.015729
-5.635244 21.205650 -9.015729
-7.163963 22.061750 -7.381570
-7.163963 22.061750 -7.381570
-5.635244 21.205650 -9.015729
-6.197864 20.339250 -9.015729
-7.815830 20.995850 -7.381570
-7.815830 20.995850 -7.381570
-6.197864 20.339250 -9.015729
-6.735885 19.264850 -9.015729
-8.419250 19.716350 -7.381570
-8.419250 19.716350 -7.381570
-6.735885 19.264850 -9.015729
-7.226474 17.964980 -9.015729
-8.955400 18.208040 -7.381570
-8.955400 18.208040 -7.381570
-7.226474 17.964980 -9.015729
-7.643290 16.440660 -9.015729
-9.402580 16.471660 -7.381570
-9.402580 16.471660 -7.381570
-7.643290 16.440660 -9.015729
-9.745300 14.471880 -7.381570
-7.964650 14.674630 -9.015729
-7.964650 14.674630 -9.015729
-9.745300 14.471880 -7.381570
-10.023070 10.584300 -7.381570
-8.234730 11.114680 -9.015729
-8.234730 11.114680 -9.015729
-10.023070 10.584300 -7.381570
-10.080890 6.566370 -7.381570
-8.291410 7.404950 -9.015729
-8.291410 7.404950 -9.015729
-10.080890 6.566370 -7.381570
-8.123270 3.699950 -9.015729
-8.123270 3.699950 -9.015729
-7.728480 -0.018770 -9.015729
-9.909380 2.553470 -7.381570
-9.909380 2.553470 -7.381570
-7.728480 -0.018770 -9.015729
-7.181215 -3.391050 -9.015729
-9.507050 -1.470350 -7.381570
-9.507050 -1.470350 -7.381570
-7.181215 -3.391050 -9.015729
-8.944580 -5.150450 -7.381570
-8.944580 -5.150450 -7.381570
10.559400 -6.695050 -5.614150
10.559400 -6.695050 -5.614150
12.019900 -7.593650 -3.724160
12.019900 -7.593650 -3.724160
17.219000 -10.854950 9.591200
17.219000 -10.854950 9.591200
0.000020 34.052250 7.190200
0.000020 34.052250 7.190200
0.000020 33.434150 4.847700
0.000020 33.434150 4.847700
0.000020 -19.794850 -7.381570
0.000020 -19.794850 -7.381570
0.000020 25.985950 -7.381570
0.000020 25.985950 -7.381570
11.094900 -11.570050 -3.724160
11.094900 -11.570050 -3.724160
12.372300 -12.613750 -1.722290
12.372300 -12.613750 -1.722290
13.486800 -13.169250 0.380780
13.486800 -13.169250 0.380780
14.432700 -13.945550 2.574300
14.432700 -13.945550 2.574300
15.204400 -14.513650 4.847700
15.204400 -14.513650 4.847700
15.796100 -14.904050 7.190200
15.796100 -14.904050 7.190200
0.000020 34.476550 9.591200
0.000020 34.476550 9.591200
0.000020 32.628150 2.574300
0.000020 32.628150 2.574300
1.989650 32.334050 2.574300
1.989650 32.334050 2.574300
4.968800 29.230150 -1.722290
4.968800 29.230150 -1.722290
5.739000 27.402750 -3.724160
5.739000 27.402750 -3.724160
-9.660160 -10.478450 -5.614150
-9.660160 -10.478450 -5.614150
-8.429380 -14.184950 -5.614150
-8.429380 -14.184950 -5.614150
-6.849702 -17.845050 -5.614150
-6.849702 -17.845050 -5.614150
-6.677313 -18.182450 -5.614150
-6.677313 -18.182450 -5.614150
-6.455168 -18.575450 -5.614150
-6.455168 -18.575450 -5.614150
-6.216159 -18.960050 -5.614150
-6.216159 -18.960050 -5.614150
-5.972839 -19.317450 -5.614150
-5.972839 -19.317450 -5.614150
-5.438580 -20.027950 -5.614150
-5.438580 -20.027950 -5.614150
-4.870630 -20.707550 -5.614150
-4.870630 -20.707550 -5.614150
-4.264060 -21.363250 -5.614150
-4.264060 -21.363250 -5.614150
-3.851200 -21.766950 -5.614150
-3.851200 -21.766950 -5.614150
-2.934920 -22.431850 -5.614150
-2.934920 -22.431850 -5.614150
-0.961820 -23.167950 -5.614150
-0.961820 -23.167950 -5.614150
0.000020 -23.258350 -5.614150
0.000020 -23.258350 -5.614150
0.961850 -23.167950 -5.614150
0.961850 -23.167950 -5.614150
2.934960 -22.431850 -5.614150
2.934960 -22.431850 -5.614150
4.264100 -21.363250 -5.614150
4.264100 -21.363250 -5.614150
4.870700 -20.707550 -5.614150
4.870700 -20.707550 -5.614150
5.438600 -20.027950 -5.614150
5.438600 -20.027950 -5.614150
5.972900 -19.317450 -5.614150
5.972900 -19.317450 -5.614150
6.216200 -18.960050 -5.614150
6.216200 -18.960050 -5.614150
6.455200 -18.575450 -5.614150
6.455200 -18.575450 -5.614150
6.677300 -18.182450 -5.614150
6.677300 -18.182450 -5.614150
6.849700 -17.845050 -5.614150
6.849700 -17.845050 -5.614150
8.429400 -14.184950 -5.614150
8.429400 -14.184950 -5.614150
9.660200 -10.478450 -5.614150
9.660200 -10.478450 -5.614150
4.977000 26.147650 -5.614150
4.977000 26.147650 -5.614150
2.515200 27.148550 -5.614150
2.515200 27.148550 -5.614150
1.008640 27.502550 -5.614150
1.008640 27.502550 -5.614150
-1.008600 27.502550 -5.614150
-1.008600 27.502550 -5.614150
0.000020 27.642950 -5.614150
0.000020 27.642950 -5.614150
-2.515160 27.148550 -5.614150
-2.515160 27.148550 -5.614150
-4.977000 26.147650 -5.614150
-4.977000 26.147650 -5.614150
-5.995770 25.505650 -5.614150
-5.995770 25.505650 -5.614150
-6.918518 24.752450 -5.614150
-6.918518 24.752450 -5.614150
-7.770540 23.861750 -5.614150
-7.770540 23.861750 -5.614150
-8.563890 22.803250 -5.614150
-8.563890 22.803250 -5.614150
-9.297480 21.549350 -5.614150
-9.297480 21.549350 -5.614150
-9.960790 20.078850 -5.614150
-9.960790 20.078850 -5.614150
-10.538680 18.379240 -5.614150
-10.538680 18.379240 -5.614150
-11.013650 16.451080 -5.614150
-11.013650 16.451080 -5.614150
-11.375940 14.241050 -5.614150
-11.375940 14.241050 -5.614150
-11.660760 10.073660 -5.614150
-11.660760 10.073660 -5.614150
-11.719620 5.797420 -5.614150
-11.719620 5.797420 -5.614150
-11.545010 1.526470 -5.614150
-11.545010 1.526470 -5.614150
-11.135780 -2.752450 -5.614150
-11.135780 -2.752450 -5.614150
-10.559380 -6.695050 -5.614150
-10.559380 -6.695050 -5.614150
16.202300 -15.504850 9.591200
16.202300 -15.504850 9.591200
-2.148220 33.114050 4.847700
-2.148220 33.114050 4.847700
-2.269860 33.712350 7.190200
-2.269860 33.712350 7.190200
-1.989610 32.334050 2.574300
-1.989610 32.334050 2.574300
-1.983220 -22.884450 -5.614150
-1.983220 -22.884450 -5.614150
1.983250 -22.884450 -5.614150
1.983250 -22.884450 -5.614150
-3.828380 26.694250 -5.614150
-3.828380 26.694250 -5.614150
9.828900 -15.465550 -3.724160
9.828900 -15.465550 -3.724160
11.074900 -16.682250 -1.722290
11.074900 -16.682250 -1.722290
12.162100 -17.353850 0.380780
12.162100 -17.353850 0.380780
13.084800 -18.256550 2.574300
13.084800 -18.256550 2.574300
13.837500 -18.921050 4.847700
13.837500 -18.921050 4.847700
14.414700 -19.380950 7.190200
14.414700 -19.380950 7.190200
-2.353340 34.120450 9.591200
-2.353340 34.120450 9.591200
-1.795170 31.378050 0.380780
-1.795170 31.378050 0.380780
0.000020 31.640050 0.380780
0.000020 31.640050 0.380780
1.795210 31.378050 0.380780
1.795210 31.378050 0.380780
4.431600 28.038350 -3.724160
4.431600 28.038350 -3.724160
-9.828850 -15.465550 -3.724160
-9.828850 -15.465550 -3.724160
-11.094860 -11.570050 -3.724160
-11.094860 -11.570050 -3.724160
-8.210080 -19.297750 -3.724160
-8.210080 -19.297750 -3.724160
-8.005680 -19.706550 -3.724160
-8.005680 -19.706550 -3.724160
-7.756170 -20.157550 -3.724160
-7.756170 -20.157550 -3.724160
-7.487740 -20.598850 -3.724160
-7.487740 -20.598850 -3.724160
-7.210658 -21.014650 -3.724160
-7.210658 -21.014650 -3.724160
-6.635988 -21.795550 -3.724160
-6.635988 -21.795550 -3.724160
-6.022917 -22.545150 -3.724160
-6.022917 -22.545150 -3.724160
-5.368510 -23.267950 -3.724160
-5.368510 -23.267950 -3.724160
-3.741260 -24.606650 -3.724160
-3.741260 -24.606650 -3.724160
-2.542160 -25.189250 -3.724160
-2.542160 -25.189250 -3.724160
0.000020 -25.675150 -3.724160
0.000020 -25.675150 -3.724160
-1.253820 -25.554650 -3.724160
-1.253820 -25.554650 -3.724160
1.253860 -25.554650 -3.724160
1.253860 -25.554650 -3.724160
2.542200 -25.189250 -3.724160
2.542200 -25.189250 -3.724160
5.368500 -23.267950 -3.724160
5.368500 -23.267950 -3.724160
6.023000 -22.545150 -3.724160
6.023000 -22.545150 -3.724160
6.636000 -21.795550 -3.724160
6.636000 -21.795550 -3.724160
7.210700 -21.014650 -3.724160
7.210700 -21.014650 -3.724160
7.487800 -20.598850 -3.724160
7.487800 -20.598850 -3.724160
7.756200 -20.157550 -3.724160
7.756200 -20.157550 -3.724160
8.005700 -19.706550 -3.724160
8.005700 -19.706550 -3.724160
8.210100 -19.297750 -3.724160
8.210100 -19.297750 -3.724160
1.303540 28.956250 -3.724160
1.303540 28.956250 -3.724160
2.960650 28.558350 -3.724160
2.960650 28.558350 -3.724160
0.000020 29.141550 -3.724160
0.000020 29.141550 -3.724160
-1.303510 28.956250 -3.724160
-1.303510 28.956250 -3.724160
-2.960610 28.558350 -3.724160
-2.960610 28.558350 -3.724160
-5.738943 27.402750 -3.724160
-5.738943 27.402750 -3.724160
-4.431610 28.038350 -3.724160
-4.431610 28.038350 -3.724160
-7.970410 25.764250 -3.724160
-7.970410 25.764250 -3.724160
-8.940700 24.727850 -3.724160
-8.940700 24.727850 -3.724160
-9.830030 23.515650 -3.724160
-9.830030 23.515650 -3.724160
-10.637540 22.105250 -3.724160
-10.637540 22.105250 -3.724160
-11.355020 20.480150 -3.724160
-11.355020 20.480150 -3.724160
-11.970640 18.630200 -3.724160
-11.970640 18.630200 -3.724160
-12.470750 16.555830 -3.724160
-12.470750 16.555830 -3.724160
-12.850740 14.187460 -3.724160
-12.850740 14.187460 -3.724160
-13.141930 9.834189 -3.724160
-13.141930 9.834189 -3.724160
-13.201740 5.395070 -3.724160
-13.201740 5.395070 -3.724160
-13.024330 0.961370 -3.724160
-13.024330 0.961370 -3.724160
-12.608860 -3.477250 -3.724160
-12.608860 -3.477250 -3.724160
-12.019860 -7.593650 -3.724160
-12.019860 -7.593650 -3.724160
14.810800 -20.059650 9.591200
14.810800 -20.059650 9.591200
-3.996950 31.833150 2.574300
-3.996950 31.833150 2.574300
-4.236540 32.588650 4.847700
-4.236540 32.588650 4.847700
-4.420260 33.168550 7.190200
-4.420260 33.168550 7.190200
-3.703260 30.907650 0.380780
-3.703260 30.907650 0.380780
-4.855070 -23.780850 -3.724160
-4.855070 -23.780850 -3.724160
4.855100 -23.780850 -3.724160
4.855100 -23.780850 -3.724160
-6.909740 26.648950 -3.724160
-6.909740 26.648950 -3.724160
9.421400 -20.671750 -1.722290
9.421400 -20.671750 -1.722290
10.478100 -21.446350 0.380780
10.478100 -21.446350 0.380780
11.375100 -22.463250 2.574300
11.375100 -22.463250 2.574300
12.106700 -23.214350 4.847700
12.106700 -23.214350 4.847700
12.667800 -23.736250 7.190200
12.667800 -23.736250 7.190200
-4.546360 33.560350 9.591200
-4.546360 33.560350 9.591200
-3.357230 29.810650 -1.722290
-3.357230 29.810650 -1.722290
-1.566090 30.248950 -1.722290
-1.566090 30.248950 -1.722290
0.000020 30.475950 -1.722290
0.000020 30.475950 -1.722290
1.566120 30.248950 -1.722290
1.566120 30.248950 -1.722290
-9.421340 -20.671750 -1.722290
-9.421340 -20.671750 -1.722290
-11.074900 -16.682250 -1.722290
-11.074900 -16.682250 -1.722290
-12.372290 -12.613750 -1.722290
-12.372290 -12.613750 -1.722290
-9.188430 -21.146450 -1.722290
-9.188430 -21.146450 -1.722290
-8.914570 -21.651050 -1.722290
-8.914570 -21.651050 -1.722290
-8.619930 -22.144650 -1.722290
-8.619930 -22.144650 -1.722290
-8.312790 -22.614450 -1.722290
-8.312790 -22.614450 -1.722290
-7.702140 -23.460050 -1.722290
-7.702140 -23.460050 -1.722290
-7.048897 -24.274150 -1.722290
-7.048897 -24.274150 -1.722290
-6.351897 -25.058650 -1.722290
-6.351897 -25.058650 -1.722290
-5.748902 -25.672550 -1.722290
-5.748902 -25.672550 -1.722290
-3.039830 -27.349950 -1.722290
-3.039830 -27.349950 -1.722290
-4.459210 -26.647050 -1.722290
-4.459210 -26.647050 -1.722290
-1.513810 -27.791050 -1.722290
-1.513810 -27.791050 -1.722290
0.000020 -27.939250 -1.722290
0.000020 -27.939250 -1.722290
1.513850 -27.791050 -1.722290
1.513850 -27.791050 -1.722290
4.459200 -26.647050 -1.722290
4.459200 -26.647050 -1.722290
7.048900 -24.274150 -1.722290
7.048900 -24.274150 -1.722290
6.351900 -25.058650 -1.722290
6.351900 -25.058650 -1.722290
7.702200 -23.460050 -1.722290
7.702200 -23.460050 -1.722290
8.312800 -22.614450 -1.722290
8.312800 -22.614450 -1.722290
8.620000 -22.144650 -1.722290
8.620000 -22.144650 -1.722290
8.914600 -21.651050 -1.722290
8.914600 -21.651050 -1.722290
9.188500 -21.146450 -1.722290
9.188500 -21.146450 -1.722290
-4.968710 29.230150 -1.722290
-4.968710 29.230150 -1.722290
-6.417364 28.512350 -1.722290
-6.417364 28.512350 -1.722290
-9.982600 25.478350 -1.722290
-9.982600 25.478350 -1.722290
-7.723520 27.655250 -1.722290
-7.723520 27.655250 -1.722290
-10.957380 24.124150 -1.722290
-10.957380 24.124150 -1.722290
-11.830700 22.569650 -1.722290
-11.830700 22.569650 -1.722290
-12.596410 20.802150 -1.722290
-12.596410 20.802150 -1.722290
-13.245630 18.813830 -1.722290
-13.245630 18.813830 -1.722290
-13.768140 16.605100 -1.722290
-13.768140 16.605100 -1.722290
-14.163870 14.091300 -1.722290
-14.163870 14.091300 -1.722290
-14.460750 9.568206 -1.722290
-14.460750 9.568206 -1.722290
-14.521390 4.980630 -1.722290
-14.521390 4.980630 -1.722290
-14.341490 0.398600 -1.722290
-14.341490 0.398600 -1.722290
-13.920460 -4.185450 -1.722290
-13.920460 -4.185450 -1.722290
-13.320240 -8.460650 -1.722290
-13.320240 -8.460650 -1.722290
13.052900 -24.486850 9.591200
13.052900 -24.486850 9.591200
-5.437310 30.278450 0.380780
-5.437310 30.278450 0.380780
-5.835029 31.157850 2.574300
-5.835029 31.157850 2.574300
-6.159476 31.876450 4.847700
-6.159476 31.876450 4.847700
-6.408274 32.428450 7.190200
-6.408274 32.428450 7.190200
5.748900 -25.672550 -1.722290
5.748900 -25.672550 -1.722290
-8.907000 26.649250 -1.722290
-8.907000 26.649250 -1.722290
10.220400 -21.975650 0.380780
10.220400 -21.975650 0.380780
11.096200 -23.042950 2.574300
11.096200 -23.042950 2.574300
11.810600 -23.834950 4.847700
11.810600 -23.834950 4.847700
12.358500 -24.387850 7.190200
12.358500 -24.387850 7.190200
-6.579042 32.796050 9.591200
-6.579042 32.796050 9.591200
-10.220330 -21.975650 0.380780
-10.220330 -21.975650 0.380780
-10.478110 -21.446350 0.380780
-10.478110 -21.446350 0.380780
-12.162040 -17.353850 0.380780
-12.162040 -17.353850 0.380780
-13.486790 -13.169250 0.380780
-13.486790 -13.169250 0.380780
-9.925210 -22.523250 0.380780
-9.925210 -22.523250 0.380780
-9.607720 -23.059150 0.380780
-9.607720 -23.059150 0.380780
-9.274360 -23.572750 0.380780
-9.274360 -23.572750 0.380780
-8.632320 -24.468250 0.380780
-8.632320 -24.468250 0.380780
-7.944020 -25.332350 0.380780
-7.944020 -25.332350 0.380780
-7.209860 -26.164750 0.380780
-7.209860 -26.164750 0.380780
-6.528731 -26.863250 0.380780
-6.528731 -26.863250 0.380780
-5.085590 -27.961650 0.380780
-5.085590 -27.961650 0.380780
-1.740640 -29.270250 0.380780
-1.740640 -29.270250 0.380780
-3.474030 -28.765550 0.380780
-3.474030 -28.765550 0.380780
0.000020 -29.441950 0.380780
0.000020 -29.441950 0.380780
1.740680 -29.270250 0.380780
1.740680 -29.270250 0.380780
5.085600 -27.961650 0.380780
5.085600 -27.961650 0.380780
8.632400 -24.468250 0.380780
8.632400 -24.468250 0.380780
7.944100 -25.332350 0.380780
7.944100 -25.332350 0.380780
7.209900 -26.164750 0.380780
7.209900 -26.164750 0.380780
9.274400 -23.572750 0.380780
9.274400 -23.572750 0.380780
9.607800 -23.059150 0.380780
9.607800 -23.059150 0.380780
9.925300 -22.523250 0.380780
9.925300 -22.523250 0.380780
-7.009258 29.493850 0.380780
-7.009258 29.493850 0.380780
-11.940940 24.698750 0.380780
-11.940940 24.698750 0.380780
-10.891610 26.167250 0.380780
-10.891610 26.167250 0.380780
-8.433520 28.552450 0.380780
-8.433520 28.552450 0.380780
-12.871690 23.029950 0.380780
-12.871690 23.029950 0.380780
-13.679470 21.151650 0.380780
-13.679470 21.151650 0.380780
-14.358010 19.058350 0.380780
-14.358010 19.058350 0.380780
-14.900050 16.750350 0.380780
-14.900050 16.750350 0.380780
-15.309530 14.130230 0.380780
-15.309530 14.130230 0.380780
-15.611350 9.498094 0.380780
-15.611350 9.498094 0.380780
-15.672730 4.821230 0.380780
-15.672730 4.821230 0.380780
-15.490650 0.149970 0.380780
-15.490650 0.149970 0.380780
-15.064780 -4.520750 0.380780
-15.064780 -4.520750 0.380780
-14.454770 -8.897450 0.380780
-14.454770 -8.897450 0.380780
12.734600 -25.164150 9.591200
12.734600 -25.164150 9.591200
-7.511610 30.310650 2.574300
-7.511610 30.310650 2.574300
-7.921430 30.978750 4.847700
-7.921430 30.978750 4.847700
-8.235680 31.492750 7.190200
-8.235680 31.492750 7.190200
6.528800 -26.863250 0.380780
6.528800 -26.863250 0.380780
-9.724130 27.447350 0.380780
-9.724130 27.447350 0.380780
10.783000 -23.631350 2.574300
10.783000 -23.631350 2.574300
11.482800 -24.455950 4.847700
11.482800 -24.455950 4.847700
12.019400 -25.033450 7.190200
12.019400 -25.033450 7.190200
-8.451380 31.827550 9.591200
-8.451380 31.827550 9.591200
-10.782980 -23.631350 2.574300
-10.782980 -23.631350 2.574300
-11.096130 -23.042950 2.574300
-11.096130 -23.042950 2.574300
-11.375020 -22.463250 2.574300
-11.375020 -22.463250 2.574300
-13.084720 -18.256550 2.574300
-13.084720 -18.256550 2.574300
-14.432700 -13.945550 2.574300
-14.432700 -13.945550 2.574300
-10.446080 -24.206950 2.574300
-10.446080 -24.206950 2.574300
-10.090470 -24.761750 2.574300
-10.090470 -24.761750 2.574300
-9.421790 -25.706050 2.574300
-9.421790 -25.706050 2.574300
-8.703730 -26.618550 2.574300
-8.703730 -26.618550 2.574300
-7.938040 -27.497550 2.574300
-7.938040 -27.497550 2.574300
-7.190594 -28.273650 2.574300
-7.190594 -28.273650 2.574300
-5.617213 -29.486050 2.574300
-5.617213 -29.486050 2.574300
-3.842550 -30.382350 2.574300
-3.842550 -30.382350 2.574300
0.000020 -31.138150 2.574300
0.000020 -31.138150 2.574300
-1.933160 -30.945150 2.574300
-1.933160 -30.945150 2.574300
1.933200 -30.945150 2.574300
1.933200 -30.945150 2.574300
5.617300 -29.486050 2.574300
5.617300 -29.486050 2.574300
10.090500 -24.761750 2.574300
10.090500 -24.761750 2.574300
9.421800 -25.706050 2.574300
9.421800 -25.706050 2.574300
8.703800 -26.618550 2.574300
8.703800 -26.618550 2.574300
7.938100 -27.497550 2.574300
7.938100 -27.497550 2.574300
10.446100 -24.206950 2.574300
10.446100 -24.206950 2.574300
-13.755200 23.355750 2.574300
-13.755200 23.355750 2.574300
-12.775720 25.133750 2.574300
-12.775720 25.133750 2.574300
-11.663110 26.710150 2.574300
-11.663110 26.710150 2.574300
-9.036110 29.290450 2.574300
-9.036110 29.290450 2.574300
-14.598700 21.370050 2.574300
-14.598700 21.370050 2.574300
-15.302120 19.173050 2.574300
-15.302120 19.173050 2.574300
-15.860730 16.764800 2.574300
-15.860730 16.764800 2.574300
-16.281880 14.036520 2.574300
-16.281880 14.036520 2.574300
-16.587900 9.281493 2.574300
-16.587900 9.281493 2.574300
-16.649900 4.498560 2.574300
-16.649900 4.498560 2.574300
-16.466000 -0.278690 2.574300
-16.466000 -0.278690 2.574300
-16.035990 -5.053250 2.574300
-16.035990 -5.053250 2.574300
-15.417680 -9.544650 2.574300
-15.417680 -9.544650 2.574300
12.387700 -25.831250 9.591200
12.387700 -25.831250 9.591200
-9.527690 29.895050 4.847700
-9.527690 29.895050 4.847700
-9.904650 30.360950 7.190200
-9.904650 30.360950 7.190200
7.190600 -28.273650 2.574300
7.190600 -28.273650 2.574300
-10.417660 28.092750 2.574300
-10.417660 28.092750 2.574300
11.130000 -25.063650 4.847700
11.130000 -25.063650 4.847700
11.654500 -25.665250 7.190200
11.654500 -25.665250 7.190200
-10.163390 30.654950 9.591200
-10.163390 30.654950 9.591200
-11.130000 -25.063650 4.847700
-11.130000 -25.063650 4.847700
-11.482730 -24.455950 4.847700
-11.482730 -24.455950 4.847700
-11.810600 -23.834950 4.847700
-11.810600 -23.834950 4.847700
-12.106700 -23.214350 4.847700
-12.106700 -23.214350 4.847700
-13.837420 -18.921050 4.847700
-13.837420 -18.921050 4.847700
-15.204360 -14.513650 4.847700
-15.204360 -14.513650 4.847700
-10.756230 -25.651450 4.847700
-10.756230 -25.651450 4.847700
-10.065820 -26.634450 4.847700
-10.065820 -26.634450 4.847700
-9.323500 -27.585550 4.847700
-9.323500 -27.585550 4.847700
-8.532070 -28.501450 4.847700
-8.532070 -28.501450 4.847700
-7.730530 -29.340550 4.847700
-7.730530 -29.340550 4.847700
-6.050903 -30.645450 4.847700
-6.050903 -30.645450 4.847700
-4.143170 -31.616750 4.847700
-4.143170 -31.616750 4.847700
-2.090210 -32.226950 4.847700
-2.090210 -32.226950 4.847700
0.000020 -32.437350 4.847700
0.000020 -32.437350 4.847700
2.090250 -32.226950 4.847700
2.090250 -32.226950 4.847700
4.143200 -31.616750 4.847700
4.143200 -31.616750 4.847700
6.050900 -30.645450 4.847700
6.050900 -30.645450 4.847700
10.756300 -25.651450 4.847700
10.756300 -25.651450 4.847700
10.065900 -26.634450 4.847700
10.065900 -26.634450 4.847700
9.323500 -27.585550 4.847700
9.323500 -27.585550 4.847700
8.532100 -28.501450 4.847700
8.532100 -28.501450 4.847700
-15.348580 21.558150 4.847700
-15.348580 21.558150 4.847700
-14.475950 23.629250 4.847700
-14.475950 23.629250 4.847700
-13.456710 25.494550 4.847700
-13.456710 25.494550 4.847700
-12.292480 27.157550 4.847700
-12.292480 27.157550 4.847700
-16.072300 19.279150 4.847700
-16.072300 19.279150 4.847700
-16.644400 16.792480 4.847700
-16.644400 16.792480 4.847700
-17.075100 13.979700 4.847700
-17.075100 13.979700 4.847700
-17.384600 9.132033 4.847700
-17.384600 9.132033 4.847700
-17.447100 4.270520 4.847700
-17.447100 4.270520 4.847700
-17.261600 -0.585240 4.847700
-17.261600 -0.585240 4.847700
-16.828300 -5.436450 4.847700
-16.828300 -5.436450 4.847700
-16.203200 -10.014250 4.847700
-16.203200 -10.014250 4.847700
12.014500 -26.483950 9.591200
12.014500 -26.483950 9.591200
-10.983420 28.622750 4.847700
-10.983420 28.622750 4.847700
-11.417270 29.032250 7.190200
-11.417270 29.032250 7.190200
7.730600 -29.340550 4.847700
7.730600 -29.340550 4.847700
-17.995500 9.037681 7.190200
-18.058300 4.121120 7.190200
-18.058300 4.121120 7.190200
-17.995500 9.037681 7.190200
11.266800 -26.278050 7.190200
11.266800 -26.278050 7.190200
-11.715050 29.278150 9.591200
-11.715050 29.278150 9.591200
-11.266760 -26.278050 7.190200
-11.266760 -26.278050 7.190200
-11.654460 -25.665250 7.190200
-11.654460 -25.665250 7.190200
-12.019320 -25.033450 7.190200
-12.019320 -25.033450 7.190200
-12.358470 -24.387850 7.190200
-12.358470 -24.387850 7.190200
-12.667790 -23.736250 7.190200
-12.667790 -23.736250 7.190200
-14.414620 -19.380950 7.190200
-14.414620 -19.380950 7.190200
-15.796090 -14.904050 7.190200
-15.796090 -14.904050 7.190200
-10.559680 -27.289850 7.190200
-10.559680 -27.289850 7.190200
-9.798750 -28.269750 7.190200
-9.798750 -28.269750 7.190200
-8.987590 -29.213350 7.190200
-8.987590 -29.213350 7.190200
-8.144570 -30.100250 7.190200
-8.144570 -30.100250 7.190200
-6.383472 -31.475450 7.190200
-6.383472 -31.475450 7.190200
-4.373710 -32.503950 7.190200
-4.373710 -32.503950 7.190200
-2.210650 -33.150050 7.190200
-2.210650 -33.150050 7.190200
0.000020 -33.373750 7.190200
0.000020 -33.373750 7.190200
2.210680 -33.150050 7.190200
2.210680 -33.150050 7.190200
4.373700 -32.503950 7.190200
4.373700 -32.503950 7.190200
6.383500 -31.475450 7.190200
6.383500 -31.475450 7.190200
10.559700 -27.289850 7.190200
10.559700 -27.289850 7.190200
9.798800 -28.269750 7.190200
9.798800 -28.269750 7.190200
8.987600 -29.213350 7.190200
8.987600 -29.213350 7.190200
-16.662900 19.370950 7.190200
-16.662900 19.370950 7.190200
-15.923620 21.710750 7.190200
-15.923620 21.710750 7.190200
-15.028650 23.845650 7.190200
-15.028650 23.845650 7.190200
-13.978930 25.776550 7.190200
-13.978930 25.776550 7.190200
-12.775110 27.504750 7.190200
-12.775110 27.504750 7.190200
-17.245400 16.826310 7.190200
-17.245400 16.826310 7.190200
-17.683400 13.951340 7.190200
-17.683400 13.951340 7.190200
-17.871800 -0.789650 7.190200
-17.871800 -0.789650 7.190200
-18.414800 8.800836 9.591200
-18.477900 3.813560 9.591200
-18.477900 3.813560 9.591200
-18.414800 8.800836 9.591200
-17.435900 -5.694450 7.190200
-17.435900 -5.694450 7.190200
-16.805600 -10.333750 7.190200
-16.805600 -10.333750 7.190200
11.617200 -27.118250 9.591200
11.617200 -27.118250 9.591200
-13.106370 27.697150 9.591200
-13.106370 27.697150 9.591200
8.144600 -30.100250 7.190200
8.144600 -30.100250 7.190200
-18.290600 -1.167850 9.591200
-18.290600 -1.167850 9.591200
-10.898660 -28.156850 9.591200
-10.898660 -28.156850 9.591200
-11.617180 -27.118250 9.591200
-11.617180 -27.118250 9.591200
-12.014430 -26.483950 9.591200
-12.014430 -26.483950 9.591200
-12.387620 -25.831250 9.591200
-12.387620 -25.831250 9.591200
-12.734520 -25.164150 9.591200
-12.734520 -25.164150 9.591200
-13.052890 -24.486850 9.591200
-13.052890 -24.486850 9.591200
-14.810790 -20.059650 9.591200
-14.810790 -20.059650 9.591200
-16.202240 -15.504850 9.591200
-16.202240 -15.504850 9.591200
-10.124950 -29.163250 9.591200
-10.124950 -29.163250 9.591200
-9.300260 -30.132250 9.591200
-9.300260 -30.132250 9.591200
-8.428760 -31.058350 9.591200
-8.428760 -31.058350 9.591200
-6.611738 -32.491550 9.591200
-6.611738 -32.491550 9.591200
-4.531940 -33.566650 9.591200
-4.531940 -33.566650 9.591200
-2.293310 -34.242050 9.591200
-2.293310 -34.242050 9.591200
-0.000150 -34.476450 9.591200
-0.000150 -34.476450 9.591200
2.293350 -34.242050 9.591200
2.293350 -34.242050 9.591200
4.532000 -33.566650 9.591200
4.532000 -33.566650 9.591200
6.611800 -32.491550 9.591200
6.611800 -32.491550 9.591200
10.898700 -28.156850 9.591200
10.898700 -28.156850 9.591200
10.125000 -29.163250 9.591200
10.125000 -29.163250 9.591200
9.300300 -30.132250 9.591200
9.300300 -30.132250 9.591200
-17.657900 16.730050 9.591200
-17.657900 16.730050 9.591200
-17.068300 19.331750 9.591200
-17.068300 19.331750 9.591200
-16.318310 21.729350 9.591200
-16.318310 21.729350 9.591200
-15.408000 23.922850 9.591200
-15.408000 23.922850 9.591200
-14.337360 25.912050 9.591200
-14.337360 25.912050 9.591200
-18.100900 13.792830 9.591200
-18.100900 13.792830 9.591200
-17.852900 -6.142350 9.591200
-17.852900 -6.142350 9.591200
-17.219000 -10.854950 9.591200
-17.219000 -10.854950 9.591200
8.428800 -31.058350 9.591200
8.428800 -31.058350 9.591200
-8.795950 -29.382950 4.701000
-8.972920 -27.441850 2.357300
-8.183540 -28.347950 2.357300
-8.183540 -28.347950 2.357300
-8.972920 -27.441850 2.357300
-8.795950 -29.382950 4.701000
-7.969620 -30.247950 4.701000
-7.969620 -30.247950 4.701000
-9.611850 -28.438750 4.701000
-9.611850 -28.438750 4.701000
-8.189710 -26.115750 0.095920
-8.189710 -26.115750 0.095920
-7.412983 -29.148050 2.357300
-7.412983 -29.148050 2.357300
-8.396460 -31.031250 7.116000
-8.396460 -31.031250 7.116000
-9.713180 -26.501050 2.357300
-9.713180 -26.501050 2.357300
-9.265560 -30.116850 7.116000
-9.265560 -30.116850 7.116000
-8.899300 -25.225050 0.095920
-8.899300 -25.225050 0.095920
-7.432844 -26.973950 0.095920
-7.432844 -26.973950 0.095920
-6.238044 -31.593250 4.701000
-6.238044 -31.593250 4.701000
-6.580899 -32.448950 7.116000
-6.580899 -32.448950 7.116000
-10.377130 -27.458150 4.701000
-10.377130 -27.458150 4.701000
-10.101800 -29.144150 7.116000
-10.101800 -29.144150 7.116000
-7.940360 -24.185650 -2.072190
-7.940360 -24.185650 -2.072190
-7.266904 -25.024850 -2.072190
-7.266904 -25.024850 -2.072190
-5.790941 -30.398050 2.357300
-5.790941 -30.398050 2.357300
-6.730649 -27.694050 0.095920
-6.730649 -27.694050 0.095920
-6.816224 -33.496450 9.591200
-6.816224 -33.496450 9.591200
-8.689440 -32.018950 9.591200
-8.689440 -32.018950 9.591200
-10.402540 -25.527550 2.357300
-10.402540 -25.527550 2.357300
-9.561190 -24.301750 0.095920
-9.561190 -24.301750 0.095920
-9.587890 -31.064150 9.591200
-9.587890 -31.064150 9.591200
-8.569890 -23.313850 -2.072190
-8.569890 -23.313850 -2.072190
-6.548347 -25.833650 -2.072190
-6.548347 -25.833650 -2.072190
-4.271310 -32.594650 4.701000
-4.271310 -32.594650 4.701000
-4.508970 -33.509250 7.116000
-4.508970 -33.509250 7.116000
-4.672100 -34.604750 9.591200
-4.672100 -34.604750 9.591200
-11.088900 -26.444750 4.701000
-11.088900 -26.444750 4.701000
-10.886270 -28.133850 7.116000
-10.886270 -28.133850 7.116000
-10.438090 -30.065250 9.591200
-10.438090 -30.065250 9.591200
-7.433668 -21.664650 -4.135980
-7.433668 -21.664650 -4.135980
-6.841225 -22.469550 -4.135980
-6.841225 -22.469550 -4.135980
-6.209192 -23.242450 -4.135980
-6.209192 -23.242450 -4.135980
-3.961390 -31.321950 2.357300
-3.961390 -31.321950 2.357300
-5.242870 -28.826450 0.095920
-5.242870 -28.826450 0.095920
-5.926703 -26.466550 -2.072190
-5.926703 -26.466550 -2.072190
-2.426120 35.175750 9.591200
2.426160 35.175750 9.591200
0.000020 35.542750 9.591200
-4.686970 34.598250 9.591200
4.687000 34.598250 9.591200
0.000020 34.476450 9.591200
-6.782517 33.810350 9.591200
-2.353340 34.120450 9.591200
-4.546360 33.560350 9.591200
-8.712770 32.811950 9.591200
-6.579041 32.796050 9.591200
-10.477720 31.603050 9.591200
-8.451380 31.827550 9.591200
-10.163380 30.654950 9.591200
-12.077370 30.183650 9.591200
-11.715050 29.278150 9.591200
-13.511720 28.553750 9.591200
-13.106370 27.697150 9.591200
-14.780780 26.713450 9.591200
-14.337360 25.912050 9.591200
-15.884540 24.662650 9.591200
-15.408000 23.922750 9.591200
-16.823000 22.401450 9.591200
-16.318310 21.729350 9.591200
-17.596200 19.929650 9.591200
-17.068300 19.331750 9.591200
-18.204000 17.247470 9.591200
-17.657900 16.730050 9.591200
-18.660700 14.219410 9.591200
-18.100900 13.792830 9.591200
-18.984300 9.073026 9.591200
-18.414800 8.800836 9.591200
-19.049400 3.931500 9.591200
-18.477900 3.813550 9.591200
-18.856200 -1.203950 9.591200
-18.290600 -1.167850 9.591200
-17.852900 -6.142350 9.591200
-18.405000 -6.332250 9.591200
-17.219000 -10.854950 9.591200
-17.751600 -11.190650 9.591200
-16.202240 -15.504850 9.591200
-16.703300 -15.984350 9.591200
-14.810790 -20.059650 9.591200
-15.268860 -20.680050 9.591200
-13.052890 -24.486750 9.591200
-13.456590 -25.244150 9.591200
-12.734520 -25.164150 9.591200
-12.387620 -25.831250 9.591200
-13.128370 -25.942450 9.591200
-12.014430 -26.483950 9.591200
-12.770740 -26.630150 9.591200
-11.617180 -27.118250 9.591200
-12.386010 -27.303050 9.591200
-10.898660 -28.156850 9.591200
-11.976470 -27.956950 9.591200
-11.235730 -29.027650 9.591200
-10.124950 -29.163250 9.591200
-10.438090 -30.065250 9.591200
-9.300250 -30.132250 9.591200
-9.587890 -31.064150 9.591200
-8.428760 -31.058350 9.591200
-6.611737 -32.491550 9.591200
-8.689440 -32.018950 9.591200
-6.816224 -33.496450 9.591200
-4.531940 -33.566650 9.591200
-4.672100 -34.604750 9.591200
-2.293310 -34.242050 9.591200
-0.000150 -34.476450 9.591200
6.782600 33.810350 9.591200
2.353380 34.120450 9.591200
4.546400 33.560350 9.591200
8.712800 32.811950 9.591200
6.579100 32.796050 9.591200
10.477800 31.603050 9.591200
8.451400 31.827550 9.591200
10.163400 30.654950 9.591200
12.077400 30.183650 9.591200
11.715100 29.278150 9.591200
13.511800 28.553750 9.591200
13.106400 27.697150 9.591200
14.780800 26.713450 9.591200
14.337400 25.912050 9.591200
15.884600 24.662650 9.591200
15.408000 23.922750 9.591200
16.823000 22.401450 9.591200
16.318300 21.729350 9.591200
17.596200 19.929650 9.591200
17.068300 19.331750 9.591200
18.204100 17.247470 9.591200
17.657900 16.730050 9.591200
18.660700 14.219410 9.591200
18.100900 13.792830 9.591200
18.984300 9.073026 9.591200
18.414800 8.800836 9.591200
19.049400 3.931500 9.591200
18.478000 3.813550 9.591200
18.856300 -1.203950 9.591200
18.290600 -1.167850 9.591200
17.852900 -6.142350 9.591200
18.405100 -6.332250 9.591200
17.219100 -10.854950 9.591200
17.751600 -11.190650 9.591200
16.202300 -15.504850 9.591200
16.703400 -15.984350 9.591200
14.810800 -20.059650 9.591200
15.268900 -20.680050 9.591200
13.052900 -24.486750 9.591200
13.456600 -25.244150 9.591200
12.734600 -25.164150 9.591200
12.387700 -25.831250 9.591200
13.128400 -25.942450 9.591200
12.014500 -26.483950 9.591200
12.770800 -26.630150 9.591200
11.617200 -27.118250 9.591200
12.386100 -27.303050 9.591200
10.898700 -28.156850 9.591200
11.976500 -27.956950 9.591200
11.235800 -29.027650 9.591200
10.125000 -29.163250 9.591200
10.438100 -30.065250 9.591200
9.300300 -30.132250 9.591200
9.587900 -31.064150 9.591200
8.428800 -31.058350 9.591200
6.611800 -32.491550 9.591200
8.689500 -32.018950 9.591200
6.816300 -33.496450 9.591200
4.532000 -33.566650 9.591200
4.672100 -34.604750 9.591200
2.293350 -34.242050 9.591200
-2.364240 -35.301150 9.591200
2.364280 -35.301150 9.591200
-0.000150 -35.542750 9.591200
-0.000150 -35.542750 9.591200
-2.364240 -35.301150 9.591200
2.364280 -35.301150 9.591200
4.672100 -34.604750 9.591200
-4.672100 -34.604750 9.591200
-0.000150 -34.476450 9.591200
2.293350 -34.242050 9.591200
4.532000 -33.566650 9.591200
6.816300 -33.496450 9.591200
6.611800 -32.491550 9.591200
8.689500 -32.018950 9.591200
9.587900 -31.064150 9.591200
8.428800 -31.058350 9.591200
9.300300 -30.132250 9.591200
10.438100 -30.065250 9.591200
10.125000 -29.163250 9.591200
11.235800 -29.027650 9.591200
10.898700 -28.156850 9.591200
11.976500 -27.956950 9.591200
12.386100 -27.303050 9.591200
11.617200 -27.118250 9.591200
12.770800 -26.630150 9.591200
12.014500 -26.483950 9.591200
13.128400 -25.942450 9.591200
12.387700 -25.831250 9.591200
13.456600 -25.244150 9.591200
12.734600 -25.164150 9.591200
13.052900 -24.486750 9.591200
15.268900 -20.680050 9.591200
14.810800 -20.059650 9.591200
16.703400 -15.984350 9.591200
16.202300 -15.504850 9.591200
17.751600 -11.190650 9.591200
17.219100 -10.854950 9.591200
18.405100 -6.332250 9.591200
17.852900 -6.142350 9.591200
18.856300 -1.203950 9.591200
18.290600 -1.167850 9.591200
18.478000 3.813550 9.591200
19.049400 3.931500 9.591200
18.414800 8.800836 9.591200
18.984300 9.073026 9.591200
18.100900 13.792830 9.591200
18.660700 14.219410 9.591200
17.657900 16.730050 9.591200
18.204100 17.247470 9.591200
17.068300 19.331750 9.591200
17.596200 19.929650 9.591200
16.318300 21.729350 9.591200
16.823000 22.401450 9.591200
15.408000 23.922750 9.591200
15.884600 24.662650 9.591200
14.337400 25.912050 9.591200
14.780800 26.713450 9.591200
13.106400 27.697150 9.591200
13.511800 28.553750 9.591200
11.715100 29.278150 9.591200
12.077400 30.183650 9.591200
10.163400 30.654950 9.591200
10.477800 31.603050 9.591200
8.451400 31.827550 9.591200
6.579100 32.796050 9.591200
8.712800 32.811950 9.591200
4.546400 33.560350 9.591200
6.782600 33.810350 9.591200
2.353380 34.120450 9.591200
0.000020 34.476450 9.591200
4.687000 34.598250 9.591200
-2.293310 -34.242050 9.591200
-4.531940 -33.566650 9.591200
-6.816224 -33.496450 9.591200
-6.611737 -32.491550 9.591200
-8.689440 -32.018950 9.591200
-9.587890 -31.064150 9.591200
-8.428760 -31.058350 9.591200
-9.300250 -30.132250 9.591200
-10.438090 -30.065250 9.591200
-10.124950 -29.163250 9.591200
-11.235730 -29.027650 9.591200
-10.898660 -28.156850 9.591200
-11.976470 -27.956950 9.591200
-12.386010 -27.303050 9.591200
-11.617180 -27.118250 9.591200
-12.770740 -26.630150 9.591200
-12.014430 -26.483950 9.591200
-13.128370 -25.942450 9.591200
-12.387620 -25.831250 9.591200
-13.456590 -25.244150 9.591200
-12.734520 -25.164150 9.591200
-13.052890 -24.486750 9.591200
-15.268860 -20.680050 9.591200
-14.810790 -20.059650 9.591200
-16.703300 -15.984350 9.591200
-16.202240 -15.504850 9.591200
-17.751600 -11.190650 9.591200
-17.219000 -10.854950 9.591200
-18.405000 -6.332250 9.591200
-17.852900 -6.142350 9.591200
-18.856200 -1.203950 9.591200
-18.290600 -1.167850 9.591200
-18.477900 3.813550 9.591200
-19.049400 3.931500 9.591200
-18.414800 8.800836 9.591200
-18.984300 9.073026 9.591200
-18.100900 13.792830 9.591200
-18.660700 14.219410 9.591200
-17.657900 16.730050 9.591200
-18.204000 17.247470 9.591200
-17.068300 19.331750 9.591200
-17.596200 19.929650 9.591200
-16.318310 21.729350 9.591200
-16.823000 22.401450 9.591200
-15.408000 23.922750 9.591200
-15.884540 24.662650 9.591200
-14.337360 25.912050 9.591200
-14.780780 26.713450 9.591200
-13.106370 27.697150 9.591200
-13.511720 28.553750 9.591200
-11.715050 29.278150 9.591200
-12.077370 30.183650 9.591200
-10.163380 30.654950 9.591200
-10.477720 31.603050 9.591200
-8.451380 31.827550 9.591200
-6.579041 32.796050 9.591200
-8.712770 32.811950 9.591200
-4.546360 33.560350 9.591200
-6.782517 33.810350 9.591200
-2.353340 34.120450 9.591200
-4.686970 34.598250 9.591200
2.426160 35.175750 9.591200
-2.426120 35.175750 9.591200
0.000020 35.542750 9.591200
-10.769160 -24.955650 2.357300
-10.769160 -24.955650 2.357300
-9.904870 -23.772250 0.095920
-9.904870 -23.772250 0.095920
-8.886530 -22.829550 -2.072190
-8.886530 -22.829550 -2.072190
-7.719320 -21.235950 -4.135980
-7.719320 -21.235950 -4.135980
-5.534544 -23.987550 -4.135980
-5.534544 -23.987550 -4.135980
-2.154860 -33.223650 4.701000
-2.154860 -33.223650 4.701000
-2.279020 -34.175350 7.116000
-2.279020 -34.175350 7.116000
-2.364240 -35.301150 9.591200
-2.364240 -35.301150 9.591200
-6.782517 33.810350 9.591200
-8.490400 32.466750 7.116000
-8.712770 32.811950 9.591200
-8.712770 32.811950 9.591200
-8.490400 32.466750 7.116000
-6.782517 33.810350 9.591200
-10.210980 31.299950 7.116000
-10.477720 31.603050 9.591200
-10.477720 31.603050 9.591200
-10.210980 31.299950 7.116000
-11.770380 29.930150 7.116000
-12.077370 30.183650 9.591200
-12.077370 30.183650 9.591200
-11.770380 29.930150 7.116000
-13.511720 28.553750 9.591200
-13.511720 28.553750 9.591200
-13.170220 28.355450 7.116000
-14.780780 26.713450 9.591200
-14.780780 26.713450 9.591200
-13.170220 28.355450 7.116000
-14.411260 26.573750 7.116000
-15.884540 24.662650 9.591200
-15.884540 24.662650 9.591200
-14.411260 26.573750 7.116000
-15.493450 24.583150 7.116000
-16.823000 22.401450 9.591200
-16.823000 22.401450 9.591200
-15.493450 24.583150 7.116000
-16.416100 22.382250 7.116000
-17.596200 19.929650 9.591200
-17.596200 19.929650 9.591200
-16.416100 22.382250 7.116000
-17.178200 19.970050 7.116000
-18.204000 17.247470 9.591200
-18.204000 17.247470 9.591200
-17.178200 19.970050 7.116000
-17.778800 17.346710 7.116000
-18.660700 14.219410 9.591200
-18.660700 14.219410 9.591200
-17.778800 17.346710 7.116000
-18.230300 14.382830 7.116000
-18.984300 9.073026 9.591200
-18.984300 9.073026 9.591200
-18.230300 14.382830 7.116000
-19.049400 3.931500 9.591200
-18.552000 9.317195 7.116000
-18.616900 4.248580 7.116000
-19.049400 3.931500 9.591200
-18.552000 9.317195 7.116000
-18.616900 4.248580 7.116000
-18.856200 -1.203950 9.591200
-18.424500 -0.814080 7.116000
-18.856200 -1.203950 9.591200
-18.424500 -0.814080 7.116000
-18.405000 -6.332250 9.591200
-18.405000 -6.332250 9.591200
-17.975100 -5.870550 7.116000
-17.751600 -11.190650 9.591200
-17.751600 -11.190650 9.591200
-17.975100 -5.870550 7.116000
-17.325300 -10.653350 7.116000
-16.703300 -15.984350 9.591200
-16.703300 -15.984350 9.591200
-17.325300 -10.653350 7.116000
-16.284630 -15.365050 7.116000
-15.268860 -20.680050 9.591200
-15.268860 -20.680050 9.591200
-16.284630 -15.365050 7.116000
-14.860430 -19.980350 7.116000
-13.456590 -25.244150 9.591200
-13.456590 -25.244150 9.591200
-14.860430 -19.980350 7.116000
-13.059570 -24.470450 7.116000
-13.128370 -25.942450 9.591200
-13.128370 -25.942450 9.591200
-13.059570 -24.470450 7.116000
-12.740690 -25.142050 7.116000
-12.770740 -26.630150 9.591200
-12.770740 -26.630150 9.591200
-12.740690 -25.142050 7.116000
-12.391050 -25.807750 7.116000
-12.386010 -27.303050 9.591200
-12.386010 -27.303050 9.591200
-12.391050 -25.807750 7.116000
-12.014910 -26.459050 7.116000
-11.976470 -27.956950 9.591200
-11.976470 -27.956950 9.591200
-12.014910 -26.459050 7.116000
-11.615220 -27.090750 7.116000
-11.235730 -29.027650 9.591200
-11.235730 -29.027650 9.591200
-11.615220 -27.090750 7.116000
-0.000150 -35.542750 9.591200
0.000020 -34.405950 7.116000
0.000020 -34.405950 7.116000
-0.000150 -35.542750 9.591200
2.364280 -35.301150 9.591200
2.279060 -34.175350 7.116000
2.279060 -34.175350 7.116000
2.364280 -35.301150 9.591200
4.672100 -34.604750 9.591200
4.509000 -33.509250 7.116000
4.509000 -33.509250 7.116000
4.672100 -34.604750 9.591200
6.816300 -33.496450 9.591200
6.580900 -32.448950 7.116000
6.580900 -32.448950 7.116000
6.816300 -33.496450 9.591200
8.689500 -32.018950 9.591200
8.396500 -31.031250 7.116000
8.396500 -31.031250 7.116000
8.689500 -32.018950 9.591200
9.587900 -31.064150 9.591200
9.587900 -31.064150 9.591200
9.265600 -30.116850 7.116000
10.438100 -30.065250 9.591200
10.438100 -30.065250 9.591200
9.265600 -30.116850 7.116000
10.101800 -29.144150 7.116000
11.235800 -29.027650 9.591200
11.235800 -29.027650 9.591200
10.101800 -29.144150 7.116000
10.886300 -28.133850 7.116000
11.976500 -27.956950 9.591200
11.976500 -27.956950 9.591200
10.886300 -28.133850 7.116000
11.615300 -27.090750 7.116000
12.386100 -27.303050 9.591200
12.386100 -27.303050 9.591200
11.615300 -27.090750 7.116000
12.014900 -26.459050 7.116000
12.770800 -26.630150 9.591200
12.770800 -26.630150 9.591200
12.014900 -26.459050 7.116000
12.391100 -25.807750 7.116000
13.128400 -25.942450 9.591200
13.128400 -25.942450 9.591200
12.391100 -25.807750 7.116000
12.740700 -25.142050 7.116000
13.456600 -25.244150 9.591200
13.456600 -25.244150 9.591200
12.740700 -25.142050 7.116000
13.059600 -24.470450 7.116000
15.268900 -20.680050 9.591200
15.268900 -20.680050 9.591200
13.059600 -24.470450 7.116000
14.860500 -19.980350 7.116000
16.703400 -15.984350 9.591200
16.703400 -15.984350 9.591200
14.860500 -19.980350 7.116000
16.284700 -15.365050 7.116000
17.751600 -11.190650 9.591200
17.751600 -11.190650 9.591200
16.284700 -15.365050 7.116000
17.325400 -10.653350 7.116000
18.405100 -6.332250 9.591200
18.405100 -6.332250 9.591200
17.325400 -10.653350 7.116000
17.975100 -5.870550 7.116000
18.856300 -1.203950 9.591200
18.856300 -1.203950 9.591200
17.975100 -5.870550 7.116000
19.049400 3.931500 9.591200
18.424500 -0.814080 7.116000
18.616900 4.248580 7.116000
19.049400 3.931500 9.591200
18.424500 -0.814080 7.116000
18.616900 4.248580 7.116000
18.984300 9.073026 9.591200
18.552100 9.317195 7.116000
18.984300 9.073026 9.591200
18.552100 9.317195 7.116000
18.660700 14.219410 9.591200
18.660700 14.219410 9.591200
18.230300 14.382830 7.116000
18.204100 17.247470 9.591200
18.204100 17.247470 9.591200
18.230300 14.382830 7.116000
17.778800 17.346710 7.116000
17.596200 19.929650 9.591200
17.596200 19.929650 9.591200
17.778800 17.346710 7.116000
17.178300 19.970050 7.116000
16.823000 22.401450 9.591200
16.823000 22.401450 9.591200
17.178300 19.970050 7.116000
16.416100 22.382250 7.116000
15.884600 24.662650 9.591200
15.884600 24.662650 9.591200
16.416100 22.382250 7.116000
15.493500 24.583150 7.116000
14.780800 26.713450 9.591200
14.780800 26.713450 9.591200
15.493500 24.583150 7.116000
14.411300 26.573750 7.116000
13.511800 28.553750 9.591200
13.511800 28.553750 9.591200
14.411300 26.573750 7.116000
13.170300 28.355450 7.116000
12.077400 30.183650 9.591200
12.077400 30.183650 9.591200
13.170300 28.355450 7.116000
11.770400 29.930150 7.116000
10.477800 31.603050 9.591200
10.477800 31.603050 9.591200
11.770400 29.930150 7.116000
10.211000 31.299950 7.116000
8.712800 32.811950 9.591200
8.712800 32.811950 9.591200
10.211000 31.299950 7.116000
8.490400 32.466750 7.116000
6.782600 33.810350 9.591200
6.782600 33.810350 9.591200
8.490400 32.466750 7.116000
6.606500 33.431450 7.116000
4.687000 34.598250 9.591200
4.687000 34.598250 9.591200
6.606500 33.431450 7.116000
4.557000 34.194350 7.116000
2.426160 35.175750 9.591200
2.426160 35.175750 9.591200
4.557000 34.194350 7.116000
0.000020 35.105450 7.116000
0.000020 35.542750 9.591200
0.000020 35.542750 9.591200
0.000020 35.105450 7.116000
-2.340060 34.754950 7.116000
-2.426120 35.175750 9.591200
-2.426120 35.175750 9.591200
-2.340060 34.754950 7.116000
-4.556970 34.194350 7.116000
-4.686970 34.598250 9.591200
-4.686970 34.598250 9.591200
-4.556970 34.194350 7.116000
-6.606467 33.431450 7.116000
-6.606467 33.431450 7.116000
-11.474230 -25.838750 4.701000
-11.474230 -25.838750 4.701000
-6.408411 -19.546450 -6.084420
-6.408411 -19.546450 -6.084420
-6.157565 -19.914850 -6.084420
-6.157565 -19.914850 -6.084420
-5.606779 -20.647350 -6.084420
-5.606779 -20.647350 -6.084420
-4.395930 -22.023950 -6.084420
-4.395930 -22.023950 -6.084420
-1.992950 -31.902250 2.357300
-1.992950 -31.902250 2.357300
-3.581470 -29.655150 0.095920
-3.581470 -29.655150 0.095920
-4.597120 -27.471250 -2.072190
-4.597120 -27.471250 -2.072190
-5.005230 -24.516350 -4.135980
-5.005230 -24.516350 -4.135980
-17.922200 9.414466 4.701000
-17.986700 4.402600 4.701000
-17.922200 9.414466 4.701000
-17.986700 4.402600 4.701000
2.154900 -33.223650 4.701000
2.154900 -33.223650 4.701000
17.795500 -0.603340 4.701000
17.795500 -0.603340 4.701000
17.986700 4.402600 4.701000
17.922300 9.414466 4.701000
17.986700 4.402600 4.701000
17.922300 9.414466 4.701000
2.340100 34.754950 7.116000
2.340100 34.754950 7.116000
-11.116470 -24.362150 2.357300
-11.116470 -24.362150 2.357300
-10.232180 -23.219850 0.095920
-10.232180 -23.219850 0.095920
-9.190270 -22.320650 -2.072190
-9.190270 -22.320650 -2.072190
-7.996050 -20.780950 -4.135980
-7.996050 -20.780950 -4.135980
-6.654812 -19.149950 -6.084420
-6.654812 -19.149950 -6.084420
-5.021270 -21.348050 -6.084420
-5.021270 -21.348050 -6.084420
-3.970310 -22.440150 -6.084420
-3.970310 -22.440150 -6.084420
0.000020 -33.440550 4.701000
0.000020 -33.440550 4.701000
-8.166420 31.936850 4.701000
-8.166420 31.936850 4.701000
-9.822360 30.819650 4.701000
-9.822360 30.819650 4.701000
-11.323110 29.507950 4.701000
-11.323110 29.507950 4.701000
-12.672660 27.997450 4.701000
-12.672660 27.997450 4.701000
-13.872900 26.283050 4.701000
-13.872900 26.283050 4.701000
-14.923660 24.360050 4.701000
-14.923660 24.360050 4.701000
-15.823280 22.224850 4.701000
-15.823280 22.224850 4.701000
-16.569400 19.875450 4.701000
-16.569400 19.875450 4.701000
-17.159200 17.311830 4.701000
-17.159200 17.311830 4.701000
-17.603200 14.412060 4.701000
-17.603200 14.412060 4.701000
-17.100900 9.568547 2.357300
-17.164800 4.637680 2.357300
-17.100900 9.568547 2.357300
-17.164800 4.637680 2.357300
-17.795500 -0.603340 4.701000
-17.795500 -0.603340 4.701000
-17.348800 -5.604650 4.701000
-17.348800 -5.604650 4.701000
-16.704300 -10.323950 4.701000
-16.704300 -10.323950 4.701000
-15.674600 -14.962550 4.701000
-15.674600 -14.962550 4.701000
-14.265380 -19.506250 4.701000
-14.265380 -19.506250 4.701000
-12.481140 -23.932350 4.701000
-12.481140 -23.932350 4.701000
-12.175870 -24.572050 4.701000
-12.175870 -24.572050 4.701000
-11.837860 -25.212350 4.701000
-11.837860 -25.212350 4.701000
4.271400 -32.594650 4.701000
4.271400 -32.594650 4.701000
6.238100 -31.593250 4.701000
6.238100 -31.593250 4.701000
7.969700 -30.247950 4.701000
7.969700 -30.247950 4.701000
8.796000 -29.382950 4.701000
8.796000 -29.382950 4.701000
9.611900 -28.438750 4.701000
9.611900 -28.438750 4.701000
10.377200 -27.458150 4.701000
10.377200 -27.458150 4.701000
11.088900 -26.444750 4.701000
11.088900 -26.444750 4.701000
11.474300 -25.838750 4.701000
11.474300 -25.838750 4.701000
11.837900 -25.212350 4.701000
11.837900 -25.212350 4.701000
12.175900 -24.572050 4.701000
12.175900 -24.572050 4.701000
12.481200 -23.932350 4.701000
12.481200 -23.932350 4.701000
14.265400 -19.506250 4.701000
14.265400 -19.506250 4.701000
15.674600 -14.962550 4.701000
15.674600 -14.962550 4.701000
16.704400 -10.323950 4.701000
16.704400 -10.323950 4.701000
17.348800 -5.604650 4.701000
17.348800 -5.604650 4.701000
17.164900 4.637680 2.357300
17.101000 9.568547 2.357300
17.164900 4.637680 2.357300
17.101000 9.568547 2.357300
17.603200 14.412060 4.701000
17.603200 14.412060 4.701000
17.159300 17.311830 4.701000
17.159300 17.311830 4.701000
16.569400 19.875450 4.701000
16.569400 19.875450 4.701000
15.823300 22.224850 4.701000
15.823300 22.224850 4.701000
14.923700 24.360050 4.701000
14.923700 24.360050 4.701000
13.872900 26.283050 4.701000
13.872900 26.283050 4.701000
12.672700 27.997450 4.701000
12.672700 27.997450 4.701000
11.323200 29.507950 4.701000
11.323200 29.507950 4.701000
9.822400 30.819650 4.701000
9.822400 30.819650 4.701000
8.166500 31.936850 4.701000
8.166500 31.936850 4.701000
6.350000 32.862350 4.701000
6.350000 32.862350 4.701000
4.367600 33.596550 4.701000
4.367600 33.596550 4.701000
0.000020 34.468250 4.701000
0.000020 34.468250 4.701000
-2.214660 34.138250 4.701000
-2.214660 34.138250 4.701000
-4.367560 33.596550 4.701000
-4.367560 33.596550 4.701000
-6.349974 32.862350 4.701000
-6.349974 32.862350 4.701000
-4.958990 -16.898850 -7.906500
-4.958990 -16.898850 -7.906500
-4.746620 -17.197250 -7.906500
-4.746620 -17.197250 -7.906500
-4.241890 -17.839250 -7.906500
-4.241890 -17.839250 -7.906500
-3.707810 -18.450650 -7.906500
-3.707810 -18.450650 -7.906500
-3.137010 -19.040850 -7.906500
-3.137010 -19.040850 -7.906500
-2.826030 -19.331650 -7.906500
-2.826030 -19.331650 -7.906500
0.000020 -32.101250 2.357300
0.000020 -32.101250 2.357300
-1.794480 -30.175550 0.095920
-1.794480 -30.175550 0.095920
-3.133850 -28.195850 -2.072190
-3.133850 -28.195850 -2.072190
-3.856970 -25.367650 -4.135980
-3.856970 -25.367650 -4.135980
-16.785400 14.470640 2.357300
-16.785400 14.470640 2.357300
-16.094180 9.791848 0.095920
-16.094180 9.791848 0.095920
1.992990 -31.902250 2.357300
1.992990 -31.902250 2.357300
16.532000 -5.209550 2.357300
16.532000 -5.209550 2.357300
16.975300 -0.287310 2.357300
16.975300 -0.287310 2.357300
16.157500 4.970340 0.095920
16.157500 4.970340 0.095920
2.214700 34.138250 4.701000
2.214700 34.138250 4.701000
-11.439310 -23.755650 2.357300
-11.439310 -23.755650 2.357300
-10.536420 -22.655250 0.095920
-10.536420 -22.655250 0.095920
-9.472610 -21.800550 -2.072190
-9.472610 -21.800550 -2.072190
-8.253270 -20.316050 -4.135980
-8.253270 -20.316050 -4.135980
-6.883827 -18.744750 -6.084420
-6.883827 -18.744750 -6.084420
-5.171840 -16.571250 -7.906500
-5.171840 -16.571250 -7.906500
-2.106580 -19.831050 -7.906500
-2.106580 -19.831050 -7.906500
-3.025690 -23.125550 -6.084420
-3.025690 -23.125550 -6.084420
-7.743930 31.248050 2.357300
-7.743930 31.248050 2.357300
-9.315570 30.196350 2.357300
-9.315570 30.196350 2.357300
-10.739850 28.961650 2.357300
-10.739850 28.961650 2.357300
-12.023820 27.536250 2.357300
-12.023820 27.536250 2.357300
-13.170840 25.911150 2.357300
-13.170840 25.911150 2.357300
-14.180620 24.078150 2.357300
-14.180620 24.078150 2.357300
-15.050200 22.030950 2.357300
-15.050200 22.030950 2.357300
-15.775380 19.765950 2.357300
-15.775380 19.765950 2.357300
-16.351270 17.283300 2.357300
-16.351270 17.283300 2.357300
-16.975200 -0.287310 2.357300
-16.975200 -0.287310 2.357300
-15.783020 14.567240 0.095920
-15.783020 14.567240 0.095920
-16.157450 4.970340 0.095920
-16.157450 4.970340 0.095920
-16.532000 -5.209550 2.357300
-16.532000 -5.209550 2.357300
-15.894510 -9.839850 2.357300
-15.894510 -9.839850 2.357300
-14.879080 -14.376850 2.357300
-14.879080 -14.376850 2.357300
-13.489400 -18.821150 2.357300
-13.489400 -18.821150 2.357300
-11.726830 -23.157950 2.357300
-11.726830 -23.157950 2.357300
5.791000 -30.398050 2.357300
5.791000 -30.398050 2.357300
7.413000 -29.148050 2.357300
7.413000 -29.148050 2.357300
8.183600 -28.347950 2.357300
8.183600 -28.347950 2.357300
8.973000 -27.441850 2.357300
8.973000 -27.441850 2.357300
9.713200 -26.501050 2.357300
9.713200 -26.501050 2.357300
10.402600 -25.527550 2.357300
10.402600 -25.527550 2.357300
10.769200 -24.955650 2.357300
10.769200 -24.955650 2.357300
11.116500 -24.362150 2.357300
11.116500 -24.362150 2.357300
11.439400 -23.755650 2.357300
11.439400 -23.755650 2.357300
11.726900 -23.157950 2.357300
11.726900 -23.157950 2.357300
13.489400 -18.821150 2.357300
13.489400 -18.821150 2.357300
14.879100 -14.376850 2.357300
14.879100 -14.376850 2.357300
15.894600 -9.839850 2.357300
15.894600 -9.839850 2.357300
16.785500 14.470640 2.357300
16.785500 14.470640 2.357300
15.969800 0.154610 0.095920
15.969800 0.154610 0.095920
16.094200 9.791848 0.095920
16.094200 9.791848 0.095920
16.351300 17.283300 2.357300
16.351300 17.283300 2.357300
15.775400 19.765950 2.357300
15.775400 19.765950 2.357300
15.050200 22.030950 2.357300
15.050200 22.030950 2.357300
14.180700 24.078150 2.357300
14.180700 24.078150 2.357300
13.170900 25.911150 2.357300
13.170900 25.911150 2.357300
12.023900 27.536250 2.357300
12.023900 27.536250 2.357300
10.739900 28.961650 2.357300
10.739900 28.961650 2.357300
9.315600 30.196350 2.357300
9.315600 30.196350 2.357300
7.744000 31.248050 2.357300
7.744000 31.248050 2.357300
6.015500 32.121550 2.357300
6.015500 32.121550 2.357300
4.120600 32.817650 2.357300
4.120600 32.817650 2.357300
0.000020 33.637250 2.357300
0.000020 33.637250 2.357300
-2.051140 33.334050 2.357300
-2.051140 33.334050 2.357300
-4.120570 32.817650 2.357300
-4.120570 32.817650 2.357300
-6.015494 32.121550 2.357300
-6.015494 32.121550 2.357300
-3.376220 -13.890950 -9.591200
-3.376220 -13.890950 -9.591200
-3.205870 -14.116350 -9.591200
-3.205870 -14.116350 -9.591200
-2.751440 -14.660750 -9.591200
-2.751440 -14.660750 -9.591200
-2.273530 -15.176050 -9.591200
-2.273530 -15.176050 -9.591200
-1.762260 -15.673850 -9.591200
-1.762260 -15.673850 -9.591200
-1.576480 -15.837550 -9.591200
-1.576480 -15.837550 -9.591200
-1.102910 -16.147050 -9.591200
-1.102910 -16.147050 -9.591200
0.000020 -30.352450 0.095920
0.000020 -30.352450 0.095920
-1.560630 -28.650550 -2.072190
-1.560630 -28.650550 -2.072190
-2.620780 -25.968350 -4.135980
-2.620780 -25.968350 -4.135980
-15.360870 17.268400 0.095920
-15.360870 17.268400 0.095920
-14.601930 14.527110 -2.072190
-14.601930 14.527110 -2.072190
-14.907980 9.864129 -2.072190
-14.907980 9.864129 -2.072190
5.242900 -28.826450 0.095920
5.242900 -28.826450 0.095920
14.901900 -9.172550 0.095920
14.901900 -9.172550 0.095920
15.530700 -4.660650 0.095920
15.530700 -4.660650 0.095920
14.785100 0.410920 -2.072190
14.785100 0.410920 -2.072190
14.970500 5.134670 -2.072190
14.970500 5.134670 -2.072190
2.051180 33.334050 2.357300
2.051180 33.334050 2.357300
-10.802180 -22.109650 0.095920
-10.802180 -22.109650 0.095920
-9.712720 -21.311050 -2.072190
-9.712720 -21.311050 -2.072190
-8.464000 -19.894550 -4.135980
-8.464000 -19.894550 -4.135980
-7.061547 -18.396950 -6.084420
-7.061547 -18.396950 -6.084420
-5.369670 -16.236450 -7.906500
-5.369670 -16.236450 -7.906500
-3.552450 -13.635450 -9.591200
-3.552450 -13.635450 -9.591200
-0.711700 -16.314650 -9.591200
-0.711700 -16.314650 -9.591200
-1.407430 -20.149050 -7.906500
-1.407430 -20.149050 -7.906500
1.794510 -30.175550 0.095920
1.794510 -30.175550 0.095920
-2.044550 -23.592150 -6.084420
-2.044550 -23.592150 -6.084420
-7.226038 30.406050 0.095920
-7.226038 30.406050 0.095920
-8.694350 29.435550 0.095920
-8.694350 29.435550 0.095920
-10.024880 28.296250 0.095920
-10.024880 28.296250 0.095920
-11.228460 26.976450 0.095920
-11.228460 26.976450 0.095920
-12.310250 25.462650 0.095920
-12.310250 25.462650 0.095920
-13.269780 23.742250 0.095920
-13.269780 23.742250 0.095920
-14.102550 21.805850 0.095920
-14.102550 21.805850 0.095920
-14.802070 19.647850 0.095920
-14.802070 19.647850 0.095920
-15.969750 0.154610 0.095920
-15.969750 0.154610 0.095920
-14.193960 17.118660 -2.072190
-14.193960 17.118660 -2.072190
-14.970500 5.134670 -2.072190
-14.970500 5.134670 -2.072190
-15.530700 -4.660650 0.095920
-15.530700 -4.660650 0.095920
-14.901830 -9.172550 0.095920
-14.901830 -9.172550 0.095920
-13.903910 -13.576550 0.095920
-13.903910 -13.576550 0.095920
-12.538180 -17.890650 0.095920
-12.538180 -17.890650 0.095920
6.730700 -27.694050 0.095920
6.730700 -27.694050 0.095920
7.432900 -26.973950 0.095920
7.432900 -26.973950 0.095920
8.189800 -26.115750 0.095920
8.189800 -26.115750 0.095920
8.899300 -25.225050 0.095920
8.899300 -25.225050 0.095920
9.561200 -24.301750 0.095920
9.561200 -24.301750 0.095920
9.904900 -23.772250 0.095920
9.904900 -23.772250 0.095920
10.232200 -23.219850 0.095920
10.232200 -23.219850 0.095920
10.536500 -22.655250 0.095920
10.536500 -22.655250 0.095920
10.802200 -22.109650 0.095920
10.802200 -22.109650 0.095920
12.538200 -17.890650 0.095920
12.538200 -17.890650 0.095920
13.903900 -13.576550 0.095920
13.903900 -13.576550 0.095920
15.783100 14.567240 0.095920
15.783100 14.567240 0.095920
14.351000 -4.314950 -2.072190
14.351000 -4.314950 -2.072190
14.908000 9.864129 -2.072190
14.908000 9.864129 -2.072190
15.360900 17.268400 0.095920
15.360900 17.268400 0.095920
14.802100 19.647850 0.095920
14.802100 19.647850 0.095920
14.102600 21.805850 0.095920
14.102600 21.805850 0.095920
13.269800 23.742250 0.095920
13.269800 23.742250 0.095920
12.310300 25.462650 0.095920
12.310300 25.462650 0.095920
11.228500 26.976450 0.095920
11.228500 26.976450 0.095920
10.024900 28.296250 0.095920
10.024900 28.296250 0.095920
8.694400 29.435550 0.095920
8.694400 29.435550 0.095920
7.226100 30.406050 0.095920
7.226100 30.406050 0.095920
5.605500 31.214950 0.095920
5.605500 31.214950 0.095920
0.000020 32.618650 0.095920
0.000020 32.618650 0.095920
-1.850690 32.348450 0.095920
-1.850690 32.348450 0.095920
-3.817800 31.863550 0.095920
-3.817800 31.863550 0.095920
-5.605479 31.214950 0.095920
-5.605479 31.214950 0.095920
0.336600 24.882050 -9.591200
-0.336560 24.882050 -9.591200
0.000020 24.924250 -9.591200
1.530780 24.629250 -9.591200
-1.530740 24.629250 -9.591200
2.508370 24.324650 -9.591200
-2.508330 24.324650 -9.591200
-3.314010 23.979250 -9.591200
4.001800 23.588750 -9.591200
-4.001760 23.588750 -9.591200
4.624200 23.131050 -9.591200
-4.624160 23.131050 -9.591200
5.220500 22.569450 -9.591200
-5.220500 22.569450 -9.591200
5.809600 21.861550 -9.591200
-5.809530 21.861550 -9.591200
6.389600 20.968350 -9.591200
-6.389550 20.968350 -9.591200
6.944200 19.860650 -9.591200
-6.944210 19.860650 -9.591200
7.450000 18.520600 -9.591200
-7.449972 18.520600 -9.591200
7.879700 16.949130 -9.591200
-7.879680 16.949130 -9.591200
8.211000 15.128490 -9.591200
-8.210970 15.128490 -9.591200
8.489400 11.458430 -9.591200
-8.489410 11.458430 -9.591200
8.547900 7.633970 -9.591200
-8.547840 7.633970 -9.591200
8.374500 3.814380 -9.591200
-8.374500 3.814380 -9.591200
7.967500 -0.019350 -9.591200
-7.967500 -0.019350 -9.591200
7.403400 -3.495950 -9.591200
-7.403314 -3.495950 -9.591200
6.537800 -6.776650 -9.591200
-6.537752 -6.776650 -9.591200
5.353000 -9.990950 -9.591200
-5.352940 -9.990950 -9.591200
-3.817600 -13.195750 -9.591200
-3.716220 -13.374450 -9.591200
-3.552450 -13.635450 -9.591200
-3.376220 -13.890950 -9.591200
-3.205870 -14.116350 -9.591200
2.751480 -14.660750 -9.591200
-2.751440 -14.660750 -9.591200
2.273570 -15.176050 -9.591200
-2.273530 -15.176050 -9.591200
1.762300 -15.673850 -9.591200
-1.762260 -15.673850 -9.591200
1.576520 -15.837550 -9.591200
-1.576480 -15.837550 -9.591200
1.102950 -16.147050 -9.591200
-1.102910 -16.147050 -9.591200
0.711740 -16.314650 -9.591200
-0.711700 -16.314650 -9.591200
0.295300 -16.418850 -9.591200
-0.295260 -16.418850 -9.591200
0.000020 -16.443850 -9.591200
0.000020 -16.443850 -9.591200
0.295300 -16.418850 -9.591200
-0.295260 -16.418850 -9.591200
-0.711700 -16.314650 -9.591200
0.711740 -16.314650 -9.591200
-1.102910 -16.147050 -9.591200
1.102950 -16.147050 -9.591200
-1.576480 -15.837550 -9.591200
1.576520 -15.837550 -9.591200
-1.762260 -15.673850 -9.591200
1.762300 -15.673850 -9.591200
-2.273530 -15.176050 -9.591200
2.273570 -15.176050 -9.591200
-2.751440 -14.660750 -9.591200
2.751480 -14.660750 -9.591200
-3.205870 -14.116350 -9.591200
-3.376220 -13.890950 -9.591200
-3.552450 -13.635450 -9.591200
-3.716220 -13.374450 -9.591200
-3.817600 -13.195750 -9.591200
-5.352940 -9.990950 -9.591200
5.353000 -9.990950 -9.591200
-6.537752 -6.776650 -9.591200
6.537800 -6.776650 -9.591200
-7.403314 -3.495950 -9.591200
7.403400 -3.495950 -9.591200
-7.967500 -0.019350 -9.591200
7.967500 -0.019350 -9.591200
-8.374500 3.814380 -9.591200
8.374500 3.814380 -9.591200
-8.547840 7.633970 -9.591200
8.547900 7.633970 -9.591200
-8.489410 11.458430 -9.591200
8.489400 11.458430 -9.591200
-8.210970 15.128490 -9.591200
8.211000 15.128490 -9.591200
-7.879680 16.949130 -9.591200
7.879700 16.949130 -9.591200
-7.449972 18.520600 -9.591200
7.450000 18.520600 -9.591200
-6.944210 19.860650 -9.591200
6.944200 19.860650 -9.591200
-6.389550 20.968350 -9.591200
6.389600 20.968350 -9.591200
-5.809530 21.861550 -9.591200
5.809600 21.861550 -9.591200
-5.220500 22.569450 -9.591200
5.220500 22.569450 -9.591200
-4.624160 23.131050 -9.591200
4.624200 23.131050 -9.591200
-4.001760 23.588750 -9.591200
4.001800 23.588750 -9.591200
-3.314010 23.979250 -9.591200
-2.508330 24.324650 -9.591200
2.508370 24.324650 -9.591200
-1.530740 24.629250 -9.591200
1.530780 24.629250 -9.591200
-0.336560 24.882050 -9.591200
0.336600 24.882050 -9.591200
0.000020 24.924250 -9.591200
1.560670 -28.650550 -2.072190
1.560670 -28.650550 -2.072190
0.000020 -28.803350 -2.072190
0.000020 -28.803350 -2.072190
-1.292590 -26.345050 -4.135980
-1.292590 -26.345050 -4.135980
-13.655290 19.395750 -2.072190
-13.655290 19.395750 -2.072190
-12.856450 17.067860 -4.135980
-12.856450 17.067860 -4.135980
-13.248180 14.626240 -4.135980
-13.248180 14.626240 -4.135980
-13.548380 10.138340 -4.135980
-13.548380 10.138340 -4.135980
4.597200 -27.471250 -2.072190
4.597200 -27.471250 -2.072190
5.926700 -26.466550 -2.072190
5.926700 -26.466550 -2.072190
12.755000 -13.003850 -2.072190
12.755000 -13.003850 -2.072190
13.732200 -8.722350 -2.072190
13.732200 -8.722350 -2.072190
12.998900 -3.584750 -4.135980
12.998900 -3.584750 -4.135980
13.427200 0.991100 -4.135980
13.427200 0.991100 -4.135980
13.610100 5.561920 -4.135980
13.610100 5.561920 -4.135980
1.850730 32.348450 0.095920
1.850730 32.348450 0.095920
-11.417430 -17.198150 -2.072190
-11.417430 -17.198150 -2.072190
-10.132830 -15.943850 -4.135980
-10.132830 -15.943850 -4.135980
-8.690090 -14.623650 -6.084420
-8.690090 -14.623650 -6.084420
-5.510903 -15.972050 -7.906500
-5.510903 -15.972050 -7.906500
-3.716220 -13.374450 -9.591200
-3.716220 -13.374450 -9.591200
-5.352940 -9.990950 -9.591200
-8.323560 -8.922250 -7.906500
-6.537752 -6.776650 -9.591200
-6.537752 -6.776650 -9.591200
-8.323560 -8.922250 -7.906500
-5.352940 -9.990950 -9.591200
-9.221210 -5.309750 -7.906500
-7.403314 -3.495950 -9.591200
-7.403314 -3.495950 -9.591200
-9.221210 -5.309750 -7.906500
-9.801080 -1.515850 -7.906500
-7.967500 -0.019350 -9.591200
-7.967500 -0.019350 -9.591200
-9.801080 -1.515850 -7.906500
-10.215850 2.632440 -7.906500
-8.374500 3.814380 -9.591200
-8.374500 3.814380 -9.591200
-10.215850 2.632440 -7.906500
-10.392670 6.769450 -7.906500
-8.547840 7.633970 -9.591200
-8.547840 7.633970 -9.591200
-10.392670 6.769450 -7.906500
-8.489410 11.458430 -9.591200
-8.489410 11.458430 -9.591200
-10.333070 10.911650 -7.906500
-8.210970 15.128490 -9.591200
-8.210970 15.128490 -9.591200
-10.333070 10.911650 -7.906500
-10.046700 14.919460 -7.906500
-7.879680 16.949130 -9.591200
-7.879680 16.949130 -9.591200
-10.046700 14.919460 -7.906500
-9.693380 16.981090 -7.906500
-7.449972 18.520600 -9.591200
-7.449972 18.520600 -9.591200
-9.693380 16.981090 -7.906500
-9.232380 18.771170 -7.906500
-6.944210 19.860650 -9.591200
-6.944210 19.860650 -9.591200
-9.232380 18.771170 -7.906500
-8.679640 20.326150 -7.906500
-6.389550 20.968350 -9.591200
-6.389550 20.968350 -9.591200
-8.679640 20.326150 -7.906500
-8.057560 21.645250 -7.906500
-5.809530 21.861550 -9.591200
-5.809530 21.861550 -9.591200
-8.057560 21.645250 -7.906500
-7.385529 22.744050 -7.906500
-5.220500 22.569450 -9.591200
-5.220500 22.569450 -9.591200
-7.385529 22.744050 -7.906500
-6.677037 23.648150 -7.906500
-4.624160 23.131050 -9.591200
-4.624160 23.131050 -9.591200
-6.677037 23.648150 -7.906500
-5.933479 24.391650 -7.906500
-4.001760 23.588750 -9.591200
-4.001760 23.588750 -9.591200
-5.933479 24.391650 -7.906500
-5.139400 25.011750 -7.906500
-3.314010 23.979250 -9.591200
-3.314010 23.979250 -9.591200
-5.139400 25.011750 -7.906500
-4.262420 25.540350 -7.906500
-2.508330 24.324650 -9.591200
-2.508330 24.324650 -9.591200
-4.262420 25.540350 -7.906500
-3.259190 25.996950 -7.906500
-1.530740 24.629250 -9.591200
-1.530740 24.629250 -9.591200
-3.259190 25.996950 -7.906500
-2.085200 26.385450 -7.906500
-0.336560 24.882050 -9.591200
-0.336560 24.882050 -9.591200
-2.085200 26.385450 -7.906500
-0.703640 26.695950 -7.906500
0.000020 24.924250 -9.591200
0.000020 24.924250 -9.591200
-0.703640 26.695950 -7.906500
0.336600 24.882050 -9.591200
0.703680 26.695950 -7.906500
0.703680 26.695950 -7.906500
0.336600 24.882050 -9.591200
1.530780 24.629250 -9.591200
2.085240 26.385450 -7.906500
2.085240 26.385450 -7.906500
1.530780 24.629250 -9.591200
2.508370 24.324650 -9.591200
2.508370 24.324650 -9.591200
4.262500 25.540350 -7.906500
4.262500 25.540350 -7.906500
4.001800 23.588750 -9.591200
5.139400 25.011750 -7.906500
5.139400 25.011750 -7.906500
4.001800 23.588750 -9.591200
4.624200 23.131050 -9.591200
5.933500 24.391650 -7.906500
5.933500 24.391650 -7.906500
4.624200 23.131050 -9.591200
5.220500 22.569450 -9.591200
6.677100 23.648150 -7.906500
6.677100 23.648150 -7.906500
5.220500 22.569450 -9.591200
5.809600 21.861550 -9.591200
7.385600 22.744050 -7.906500
7.385600 22.744050 -7.906500
5.809600 21.861550 -9.591200
6.389600 20.968350 -9.591200
8.057600 21.645250 -7.906500
8.057600 21.645250 -7.906500
6.389600 20.968350 -9.591200
6.944200 19.860650 -9.591200
8.679700 20.326150 -7.906500
8.679700 20.326150 -7.906500
6.944200 19.860650 -9.591200
7.450000 18.520600 -9.591200
9.232400 18.771170 -7.906500
9.232400 18.771170 -7.906500
7.450000 18.520600 -9.591200
7.879700 16.949130 -9.591200
9.693400 16.981090 -7.906500
9.693400 16.981090 -7.906500
7.879700 16.949130 -9.591200
10.046700 14.919460 -7.906500
8.211000 15.128490 -9.591200
8.211000 15.128490 -9.591200
10.046700 14.919460 -7.906500
10.333100 10.911650 -7.906500
8.489400 11.458430 -9.591200
8.489400 11.458430 -9.591200
10.333100 10.911650 -7.906500
10.392700 6.769450 -7.906500
8.547900 7.633970 -9.591200
8.547900 7.633970 -9.591200
10.392700 6.769450 -7.906500
8.374500 3.814380 -9.591200
8.374500 3.814380 -9.591200
7.967500 -0.019350 -9.591200
10.215900 2.632440 -7.906500
10.215900 2.632440 -7.906500
7.967500 -0.019350 -9.591200
7.403400 -3.495950 -9.591200
9.801100 -1.515850 -7.906500
9.801100 -1.515850 -7.906500
7.403400 -3.495950 -9.591200
6.537800 -6.776650 -9.591200
9.221300 -5.309750 -7.906500
9.221300 -5.309750 -7.906500
6.537800 -6.776650 -9.591200
5.353000 -9.990950 -9.591200
8.323600 -8.922250 -7.906500
8.323600 -8.922250 -7.906500
5.353000 -9.990950 -9.591200
7.094900 -12.461550 -7.906500
7.094900 -12.461550 -7.906500
5.510900 -15.972050 -7.906500
5.510900 -15.972050 -7.906500
5.369700 -16.236450 -7.906500
5.369700 -16.236450 -7.906500
5.171900 -16.571250 -7.906500
5.171900 -16.571250 -7.906500
4.959000 -16.898850 -7.906500
4.959000 -16.898850 -7.906500
4.746700 -17.197250 -7.906500
2.751480 -14.660750 -9.591200
2.751480 -14.660750 -9.591200
4.746700 -17.197250 -7.906500
4.241900 -17.839250 -7.906500
2.273570 -15.176050 -9.591200
2.273570 -15.176050 -9.591200
4.241900 -17.839250 -7.906500
1.762300 -15.673850 -9.591200
1.762300 -15.673850 -9.591200
1.576520 -15.837550 -9.591200
1.576520 -15.837550 -9.591200
2.826070 -19.331650 -7.906500
1.102950 -16.147050 -9.591200
1.102950 -16.147050 -9.591200
2.826070 -19.331650 -7.906500
2.106620 -19.831050 -7.906500
0.711740 -16.314650 -9.591200
0.711740 -16.314650 -9.591200
2.106620 -19.831050 -7.906500
1.407470 -20.149050 -7.906500
0.295300 -16.418850 -9.591200
0.295300 -16.418850 -9.591200
1.407470 -20.149050 -7.906500
0.658760 -20.347850 -7.906500
0.000020 -16.443850 -9.591200
0.000020 -16.443850 -9.591200
0.658760 -20.347850 -7.906500
-0.658720 -20.347850 -7.906500
-0.295260 -16.418850 -9.591200
-0.295260 -16.418850 -9.591200
-0.658720 -20.347850 -7.906500
-3.817600 -13.195750 -9.591200
-3.817600 -13.195750 -9.591200
-7.094892 -12.461550 -7.906500
-7.094892 -12.461550 -7.906500
-0.991560 -23.884450 -6.084420
-0.991560 -23.884450 -6.084420
-6.615840 29.394150 -2.072190
-6.615840 29.394150 -2.072190
-7.962400 28.510550 -2.072190
-7.962400 28.510550 -2.072190
-9.182480 27.473450 -2.072190
-9.182480 27.473450 -2.072190
-10.291340 26.266350 -2.072190
-10.291340 26.266350 -2.072190
-11.296270 24.870250 -2.072190
-11.296270 24.870250 -2.072190
-12.196600 23.267750 -2.072190
-12.196600 23.267750 -2.072190
-12.985990 21.445550 -2.072190
-12.985990 21.445550 -2.072190
-14.785040 0.410920 -2.072190
-14.785040 0.410920 -2.072190
-12.340860 19.206350 -4.135980
-12.340860 19.206350 -4.135980
-13.610040 5.561920 -4.135980
-13.610040 5.561920 -4.135980
-14.350990 -4.314950 -2.072190
-14.350990 -4.314950 -2.072190
-13.732210 -8.722350 -2.072190
-13.732210 -8.722350 -2.072190
-12.754940 -13.003850 -2.072190
-12.754940 -13.003850 -2.072190
6.548400 -25.833650 -2.072190
6.548400 -25.833650 -2.072190
7.266900 -25.024850 -2.072190
7.266900 -25.024850 -2.072190
7.940400 -24.185650 -2.072190
7.940400 -24.185650 -2.072190
8.569900 -23.313850 -2.072190
8.569900 -23.313850 -2.072190
8.886600 -22.829550 -2.072190
8.886600 -22.829550 -2.072190
9.190300 -22.320650 -2.072190
9.190300 -22.320650 -2.072190
9.472600 -21.800550 -2.072190
9.472600 -21.800550 -2.072190
9.712800 -21.311050 -2.072190
9.712800 -21.311050 -2.072190
11.417500 -17.198150 -2.072190
11.417500 -17.198150 -2.072190
14.602000 14.527110 -2.072190
14.602000 14.527110 -2.072190
12.391600 -7.828550 -4.135980
12.391600 -7.828550 -4.135980
13.548400 10.138340 -4.135980
13.548400 10.138340 -4.135980
14.194000 17.118660 -2.072190
14.194000 17.118660 -2.072190
13.655300 19.395750 -2.072190
13.655300 19.395750 -2.072190
12.986000 21.445550 -2.072190
12.986000 21.445550 -2.072190
12.196600 23.267750 -2.072190
12.196600 23.267750 -2.072190
11.296300 24.870250 -2.072190
11.296300 24.870250 -2.072190
10.291400 26.266350 -2.072190
10.291400 26.266350 -2.072190
9.182500 27.473450 -2.072190
9.182500 27.473450 -2.072190
7.962400 28.510550 -2.072190
7.962400 28.510550 -2.072190
6.615900 29.394150 -2.072190
6.615900 29.394150 -2.072190
5.122400 30.134150 -2.072190
5.122400 30.134150 -2.072190
0.000020 31.418450 -2.072190
0.000020 31.418450 -2.072190
-1.614520 31.184450 -2.072190
-1.614520 31.184450 -2.072190
-3.461060 30.732650 -2.072190
-3.461060 30.732650 -2.072190
-5.122390 30.134150 -2.072190
-5.122390 30.134150 -2.072190
0.000020 26.789650 -7.906500
0.000020 26.789650 -7.906500
0.000020 -20.407050 -7.906500
0.000020 -20.407050 -7.906500
1.292630 -26.345050 -4.135980
1.292630 -26.345050 -4.135980
2.620820 -25.968350 -4.135980
2.620820 -25.968350 -4.135980
0.000020 -26.469150 -4.135980
0.000020 -26.469150 -4.135980
-11.706200 21.113650 -4.135980
-11.706200 21.113650 -4.135980
-10.864610 18.947650 -6.084420
-10.864610 18.947650 -6.084420
-11.354280 16.959880 -6.084420
-11.354280 16.959880 -6.084420
-11.727770 14.681490 -6.084420
-11.727770 14.681490 -6.084420
-12.021400 10.385210 -6.084420
-12.021400 10.385210 -6.084420
5.005300 -24.516350 -4.135980
5.005300 -24.516350 -4.135980
10.132900 -15.943850 -4.135980
10.132900 -15.943850 -4.135980
11.438000 -11.927850 -4.135980
11.438000 -11.927850 -4.135980
10.886000 -6.902150 -6.084420
10.886000 -6.902150 -6.084420
11.480200 -2.837550 -6.084420
11.480200 -2.837550 -6.084420
11.902100 1.573680 -6.084420
11.902100 1.573680 -6.084420
12.082100 5.976720 -6.084420
12.082100 5.976720 -6.084420
1.614560 31.184450 -2.072190
1.614560 31.184450 -2.072190
-11.437990 -11.927850 -4.135980
-11.437990 -11.927850 -4.135980
-9.958920 -10.802550 -6.084420
-9.958920 -10.802550 -6.084420
-10.885960 -6.902150 -6.084420
-10.885960 -6.902150 -6.084420
-11.480190 -2.837550 -6.084420
-11.480190 -2.837550 -6.084420
-11.902070 1.573680 -6.084420
-11.902070 1.573680 -6.084420
-12.082080 5.976720 -6.084420
-12.082080 5.976720 -6.084420
-10.268860 20.699850 -6.084420
-10.268860 20.699850 -6.084420
-9.585030 22.215750 -6.084420
-9.585030 22.215750 -6.084420
-8.828750 23.508550 -6.084420
-8.828750 23.508550 -6.084420
-8.010860 24.599750 -6.084420
-8.010860 24.599750 -6.084420
-7.132492 25.517950 -6.084420
-7.132492 25.517950 -6.084420
-6.181205 26.294550 -6.084420
-6.181205 26.294550 -6.084420
-5.130930 26.956350 -6.084420
-5.130930 26.956350 -6.084420
-2.592950 27.988150 -6.084420
-2.592950 27.988150 -6.084420
-1.039790 28.353150 -6.084420
-1.039790 28.353150 -6.084420
0.000020 28.497850 -6.084420
0.000020 28.497850 -6.084420
1.039830 28.353150 -6.084420
1.039830 28.353150 -6.084420
2.592990 27.988150 -6.084420
2.592990 27.988150 -6.084420
5.131000 26.956350 -6.084420
5.131000 26.956350 -6.084420
6.181200 26.294550 -6.084420
6.181200 26.294550 -6.084420
7.132500 25.517950 -6.084420
7.132500 25.517950 -6.084420
8.010900 24.599750 -6.084420
8.010900 24.599750 -6.084420
8.828800 23.508550 -6.084420
8.828800 23.508550 -6.084420
9.585100 22.215750 -6.084420
9.585100 22.215750 -6.084420
10.268900 20.699850 -6.084420
10.268900 20.699850 -6.084420
10.864700 18.947650 -6.084420
10.864700 18.947650 -6.084420
11.354300 16.959880 -6.084420
11.354300 16.959880 -6.084420
11.727800 14.681490 -6.084420
11.727800 14.681490 -6.084420
12.021400 10.385210 -6.084420
12.021400 10.385210 -6.084420
9.959000 -10.802550 -6.084420
9.959000 -10.802550 -6.084420
8.690100 -14.623650 -6.084420
8.690100 -14.623650 -6.084420
7.061600 -18.396950 -6.084420
7.061600 -18.396950 -6.084420
6.883900 -18.744750 -6.084420
6.883900 -18.744750 -6.084420
6.654900 -19.149950 -6.084420
6.654900 -19.149950 -6.084420
6.408500 -19.546450 -6.084420
6.408500 -19.546450 -6.084420
6.157600 -19.914850 -6.084420
6.157600 -19.914850 -6.084420
5.606800 -20.647350 -6.084420
5.606800 -20.647350 -6.084420
5.021300 -21.348050 -6.084420
5.021300 -21.348050 -6.084420
4.396000 -22.023950 -6.084420
4.396000 -22.023950 -6.084420
0.991600 -23.884450 -6.084420
0.991600 -23.884450 -6.084420
0.000020 -23.977750 -6.084420
0.000020 -23.977750 -6.084420
-5.916435 28.250250 -4.135980
-5.916435 28.250250 -4.135980
-7.123443 27.473150 -4.135980
-7.123443 27.473150 -4.135980
-8.216920 26.561050 -4.135980
-8.216920 26.561050 -4.135980
-9.217220 25.492650 -4.135980
-9.217220 25.492650 -4.135980
-10.134050 24.242850 -4.135980
-10.134050 24.242850 -4.135980
-10.966530 22.788950 -4.135980
-10.966530 22.788950 -4.135980
-13.427140 0.991100 -4.135980
-13.427140 0.991100 -4.135980
-12.998820 -3.584750 -4.135980
-12.998820 -3.584750 -4.135980
-12.391600 -7.828550 -4.135980
-12.391600 -7.828550 -4.135980
5.534600 -23.987550 -4.135980
5.534600 -23.987550 -4.135980
6.209200 -23.242450 -4.135980
6.209200 -23.242450 -4.135980
6.841300 -22.469550 -4.135980
6.841300 -22.469550 -4.135980
7.433700 -21.664650 -4.135980
7.433700 -21.664650 -4.135980
7.719400 -21.235950 -4.135980
7.719400 -21.235950 -4.135980
7.996100 -20.780950 -4.135980
7.996100 -20.780950 -4.135980
8.253300 -20.316050 -4.135980
8.253300 -20.316050 -4.135980
8.464000 -19.894550 -4.135980
8.464000 -19.894550 -4.135980
13.248200 14.626240 -4.135980
13.248200 14.626240 -4.135980
12.856500 17.067860 -4.135980
12.856500 17.067860 -4.135980
12.340900 19.206350 -4.135980
12.340900 19.206350 -4.135980
11.706200 21.113650 -4.135980
11.706200 21.113650 -4.135980
10.966600 22.788950 -4.135980
10.966600 22.788950 -4.135980
10.134100 24.242850 -4.135980
10.134100 24.242850 -4.135980
9.217300 25.492650 -4.135980
9.217300 25.492650 -4.135980
8.217000 26.561050 -4.135980
8.217000 26.561050 -4.135980
7.123500 27.473150 -4.135980
7.123500 27.473150 -4.135980
5.916500 28.250250 -4.135980
5.916500 28.250250 -4.135980
4.568700 28.905550 -4.135980
4.568700 28.905550 -4.135980
0.000020 30.042850 -4.135980
0.000020 30.042850 -4.135980
-1.343820 29.851750 -4.135980
-1.343820 29.851750 -4.135980
-3.052170 29.441550 -4.135980
-3.052170 29.441550 -4.135980
-4.568670 28.905550 -4.135980
-4.568670 28.905550 -4.135980
-3.946780 27.519850 -6.084420
-3.946780 27.519850 -6.084420
2.044590 -23.592150 -6.084420
2.044590 -23.592150 -6.084420
1.343860 29.851750 -4.135980
1.343860 29.851750 -4.135980
