-16.456700 38.976399 -10.436205
-16.850400 39.370100 -11.617305
-16.850400 39.370100 -10.042505
-16.456700 38.976399 -11.617305
-16.456700 38.976399 -11.617305
-16.456700 38.976399 -10.436205
-16.850400 39.370100 -11.617305
-16.850400 39.370100 -10.042505
-18.425210 39.370100 7.989005
-16.850400 39.370100 -10.042505
-18.425210 39.370100 -11.617305
19.685050 39.370100 7.989005
19.685050 39.370100 -10.042505
-16.850400 39.370100 -11.617305
-16.850400 39.370100 -10.042505
-18.425210 39.370100 -11.617305
-16.850400 39.370100 -11.617305
19.685050 39.370100 -10.042505
19.685050 39.370100 7.989005
-18.425210 39.370100 7.989005
19.685050 39.370100 -10.042505
-16.456700 38.976399 -10.436205
-16.850400 39.370100 -10.042505
-16.850400 39.370100 -10.042505
-16.456700 38.976399 -10.436205
19.685050 39.370100 -10.042505
19.685050 38.976399 -10.436205
-16.456700 38.976399 -11.617305
-16.456700 38.976399 -10.436205
19.685050 38.976399 -11.617305
19.685050 38.976399 -11.617305
19.685050 38.976399 -10.436205
-16.456700 38.976399 -11.617305
-16.456700 38.976399 -10.436205
-16.456700 38.976399 -11.617305
-18.425210 39.370100 -11.617305
-16.850400 39.370100 -11.617305
-18.425210 39.291360 -11.617305
-18.503950 39.291360 -11.617305
-19.685050 39.370100 -11.617305
-18.503950 39.370100 -11.617305
-19.685050 38.189000 -11.617305
-16.456700 38.976399 -11.617305
-18.503950 39.291360 -11.617305
-19.685050 38.189000 -11.617305
-19.685050 39.370100 -11.617305
-18.503950 39.370100 -11.617305
-18.425210 39.291360 -11.617305
-18.425210 39.370100 -11.617305
-16.850400 39.370100 -11.617305
-18.425210 39.291360 7.989005
19.685050 39.370100 7.989005
-18.425210 39.370100 7.989005
19.606250 39.291360 7.989005
19.685050 -39.370100 7.989005
19.606250 -39.291300 7.989005
-18.425210 -39.291300 7.989005
-18.425210 -39.370100 7.989005
-18.425210 -39.370100 7.989005
-18.425210 -39.291300 7.989005
19.685050 -39.370100 7.989005
19.606250 -39.291300 7.989005
19.606250 39.291360 7.989005
19.685050 39.370100 7.989005
-18.425210 39.291360 7.989005
-18.425210 39.370100 7.989005
19.685050 38.976399 -11.617305
19.685050 -38.976400 -10.436205
19.685050 -38.976400 -11.617305
19.685050 38.976399 -10.436205
19.685050 39.370100 -10.042505
19.685050 -39.370100 -10.042505
19.685050 -39.370100 7.989005
19.685050 39.370100 7.989005
19.685050 39.370100 7.989005
19.685050 39.370100 -10.042505
19.685050 -39.370100 7.989005
19.685050 -39.370100 -10.042505
19.685050 -38.976400 -10.436205
19.685050 38.976399 -10.436205
19.685050 38.976399 -11.617305
19.685050 -38.976400 -11.617305
-18.425210 39.291360 7.989005
-18.425210 39.370100 -11.617305
-18.425210 39.291360 -11.617305
-18.425210 39.370100 7.989005
-18.425210 39.370100 7.989005
-18.425210 39.291360 7.989005
-18.425210 39.370100 -11.617305
-18.425210 39.291360 -11.617305
19.685050 38.976399 -10.436205
-16.456700 38.976399 -10.436205
19.685050 39.370100 -10.042505
19.685050 39.370100 -10.042505
-16.456700 38.976399 -10.436205
19.685050 38.976399 -10.436205
12.771250 26.141100 -5.711795
-16.456700 38.976399 -11.617305
19.685050 38.976399 -11.617305
19.685050 38.976399 -11.617305
-16.456700 38.976399 -11.617305
12.771250 26.141100 -5.711795
12.534650 26.243400 -5.711795
-19.685050 38.189000 -11.617305
-16.456700 38.976399 -11.617305
-16.456700 38.976399 -11.617305
-19.685050 38.189000 -11.617305
12.534650 26.243400 -5.711795
-19.685050 -39.370100 7.989005
-19.685050 -38.189000 -11.617305
-19.685050 -39.370100 -11.617305
-19.685050 -38.189000 -10.042505
-19.685050 38.189000 -10.042505
-19.685050 39.370100 -11.617305
-19.685050 38.189000 -11.617305
-19.685050 39.370100 7.989005
-19.685050 -39.370100 7.989005
-19.685050 -38.189000 -10.042505
-19.685050 39.370100 7.989005
-19.685050 38.189000 -10.042505
-19.685050 39.370100 -11.617305
-19.685050 38.189000 -11.617305
-19.685050 -38.189000 -11.617305
-19.685050 -39.370100 -11.617305
-19.606310 39.370100 7.989005
-19.685050 39.370100 -11.617305
-19.685050 39.370100 7.989005
-18.503950 39.370100 -11.617305
-18.503950 39.370100 7.989005
-18.503950 39.370100 7.989005
-19.606310 39.370100 7.989005
-18.503950 39.370100 -11.617305
-19.685050 39.370100 -11.617305
-19.685050 39.370100 7.989005
-18.503950 39.370100 7.989005
-18.503950 39.291360 -11.617305
-18.503950 39.370100 -11.617305
-18.503950 39.291360 7.989005
-18.503950 39.291360 7.989005
-18.503950 39.370100 7.989005
-18.503950 39.291360 -11.617305
-18.503950 39.370100 -11.617305
19.606250 39.291360 8.067705
-19.606310 39.291360 7.989005
-19.606310 39.291360 8.067705
-18.503950 39.291360 7.989005
-18.425210 39.291360 7.989005
-18.503950 39.291360 -11.617305
19.606250 39.291360 7.989005
-18.425210 39.291360 -11.617305
-18.425210 39.291360 7.989005
-18.503950 39.291360 -11.617305
-18.425210 39.291360 -11.617305
19.606250 39.291360 7.989005
19.606250 39.291360 8.067705
-18.503950 39.291360 7.989005
-19.606310 39.291360 7.989005
-19.606310 39.291360 8.067705
-18.425210 -39.291300 -11.617305
-18.503950 -39.291300 7.989005
-18.503950 -39.291300 -11.617305
-19.606310 -39.291300 8.067705
-19.606310 -39.291300 7.989005
19.606250 -39.291300 8.067705
-18.425210 -39.291300 7.989005
19.606250 -39.291300 7.989005
19.606250 -39.291300 7.989005
-18.425210 -39.291300 7.989005
19.606250 -39.291300 8.067705
-18.425210 -39.291300 -11.617305
-18.503950 -39.291300 7.989005
-19.606310 -39.291300 8.067705
-19.606310 -39.291300 7.989005
-18.503950 -39.291300 -11.617305
-18.425210 -39.370100 7.989005
-18.425210 -39.291300 -11.617305
-18.425210 -39.370100 -11.617305
-18.425210 -39.291300 7.989005
-18.425210 -39.291300 7.989005
-18.425210 -39.370100 7.989005
-18.425210 -39.291300 -11.617305
-18.425210 -39.370100 -11.617305
-16.850400 -39.370100 -11.617305
-18.425210 -39.370100 7.989005
-18.425210 -39.370100 -11.617305
-16.850400 -39.370100 -10.042505
19.685050 -39.370100 7.989005
19.685050 -39.370100 -10.042505
19.685050 -39.370100 -10.042505
-16.850400 -39.370100 -10.042505
19.685050 -39.370100 7.989005
-18.425210 -39.370100 7.989005
-16.850400 -39.370100 -11.617305
-18.425210 -39.370100 -11.617305
19.606250 39.291360 8.067705
19.606250 -39.291300 7.989005
19.606250 39.291360 7.989005
19.606250 -39.291300 8.067705
19.606250 -39.291300 8.067705
19.606250 39.291360 8.067705
19.606250 -39.291300 7.989005
19.606250 39.291360 7.989005
-16.456700 -38.976400 -10.436205
19.685050 -39.370100 -10.042505
-16.850400 -39.370100 -10.042505
19.685050 -38.976400 -10.436205
19.685050 -38.976400 -10.436205
-16.456700 -38.976400 -10.436205
19.685050 -39.370100 -10.042505
-16.850400 -39.370100 -10.042505
19.685050 -38.976400 -11.617305
-16.456700 -38.976400 -10.436205
-16.456700 -38.976400 -11.617305
19.685050 -38.976400 -10.436205
19.685050 -38.976400 -10.436205
19.685050 -38.976400 -11.617305
-16.456700 -38.976400 -10.436205
-16.456700 -38.976400 -11.617305
19.685050 -38.976400 -11.617305
13.762250 24.840400 -5.711795
19.685050 38.976399 -11.617305
19.685050 38.976399 -11.617305
13.762250 24.840400 -5.711795
19.685050 -38.976400 -11.617305
12.990550 26.012500 -5.711795
12.771250 26.141100 -5.711795
19.685050 38.976399 -11.617305
19.685050 38.976399 -11.617305
12.771250 26.141100 -5.711795
12.990550 26.012500 -5.711795
12.771250 26.141100 -5.711795
12.534650 26.243400 -5.711795
-16.456700 38.976399 -11.617305
-16.456700 38.976399 -11.617305
12.534650 26.243400 -5.711795
12.771250 26.141100 -5.711795
12.534650 26.243400 -5.711795
-19.291349 37.795300 -11.617305
-19.685050 38.189000 -11.617305
-19.685050 38.189000 -11.617305
-19.291349 37.795300 -11.617305
12.534650 26.243400 -5.711795
-19.685050 -38.189000 -10.042505
-19.685050 38.189000 -10.042505
-19.291349 37.795300 -10.436205
-19.291349 37.795300 -10.436205
-19.685050 38.189000 -10.042505
-19.685050 -38.189000 -10.042505
-19.291349 -37.795300 -10.436205
-19.685050 -38.189000 -11.617305
-19.685050 -38.189000 -10.042505
-19.291349 -37.795300 -11.617305
-19.291349 -37.795300 -11.617305
-19.291349 -37.795300 -10.436205
-19.685050 -38.189000 -11.617305
-19.685050 -38.189000 -10.042505
-16.850400 -39.370100 -11.617305
-18.425210 -39.291300 -11.617305
-16.456700 -38.976400 -11.617305
-18.425210 -39.370100 -11.617305
-19.685050 -39.370100 -11.617305
-19.685050 -38.189000 -11.617305
-18.503950 -39.291300 -11.617305
-18.503950 -39.370100 -11.617305
-18.503950 -39.370100 -11.617305
-18.503950 -39.291300 -11.617305
-19.685050 -39.370100 -11.617305
-18.425210 -39.291300 -11.617305
-16.456700 -38.976400 -11.617305
-19.685050 -38.189000 -11.617305
-18.425210 -39.370100 -11.617305
-16.850400 -39.370100 -11.617305
-18.503950 -39.370100 -11.617305
-19.685050 -39.370100 7.989005
-19.685050 -39.370100 -11.617305
-18.503950 -39.370100 7.989005
-18.503950 -39.370100 7.989005
-18.503950 -39.370100 -11.617305
-19.685050 -39.370100 7.989005
-19.685050 -39.370100 -11.617305
-19.685050 -39.370100 7.989005
-19.606310 39.370100 7.989005
-19.685050 39.370100 7.989005
-19.606310 39.291360 7.989005
-18.503950 39.370100 7.989005
-19.606310 -39.291300 7.989005
-18.503950 -39.291300 7.989005
-18.503950 -39.370100 7.989005
-18.503950 39.291360 7.989005
-19.606310 39.291360 7.989005
-18.503950 39.370100 7.989005
-18.503950 39.291360 7.989005
-18.503950 -39.370100 7.989005
-19.685050 -39.370100 7.989005
-18.503950 -39.291300 7.989005
-19.606310 -39.291300 7.989005
-19.606310 39.370100 7.989005
-19.685050 39.370100 7.989005
-19.291349 37.795300 -11.617305
-19.685050 38.189000 -10.042505
-19.685050 38.189000 -11.617305
-19.291349 37.795300 -10.436205
-19.291349 37.795300 -10.436205
-19.291349 37.795300 -11.617305
-19.685050 38.189000 -10.042505
-19.685050 38.189000 -11.617305
-19.606310 -39.291300 8.067705
-19.606310 39.291360 7.989005
-19.606310 -39.291300 7.989005
-19.606310 39.291360 8.067705
-19.606310 39.291360 8.067705
-19.606310 -39.291300 8.067705
-19.606310 39.291360 7.989005
-19.606310 -39.291300 7.989005
-18.503950 -39.291300 7.989005
-18.503950 -39.370100 -11.617305
-18.503950 -39.291300 -11.617305
-18.503950 -39.370100 7.989005
-18.503950 -39.370100 7.989005
-18.503950 -39.291300 7.989005
-18.503950 -39.370100 -11.617305
-18.503950 -39.291300 -11.617305
-16.456700 -38.976400 -11.617305
-16.850400 -39.370100 -10.042505
-16.850400 -39.370100 -11.617305
-16.456700 -38.976400 -10.436205
-16.456700 -38.976400 -10.436205
-16.456700 -38.976400 -11.617305
-16.850400 -39.370100 -10.042505
-16.850400 -39.370100 -11.617305
19.685050 -38.976400 -11.617305
19.685050 -38.976400 -11.617305
13.762250 24.840400 -5.711795
19.685050 -38.976400 -11.617305
13.779550 24.609600 -5.711795
13.779550 24.609600 -5.711795
19.685050 -38.976400 -11.617305
13.762250 24.840400 -5.711795
13.762250 24.840400 -5.711795
13.710850 25.067300 -5.711795
19.685050 38.976399 -11.617305
19.685050 38.976399 -11.617305
13.710850 25.067300 -5.711795
13.762250 24.840400 -5.711795
13.188850 25.860000 -5.711795
12.990550 26.012500 -5.711795
19.685050 38.976399 -11.617305
19.685050 38.976399 -11.617305
12.990550 26.012500 -5.711795
13.188850 25.860000 -5.711795
14.960650 34.919770 10.036205
12.771250 26.141100 -5.711795
12.990550 26.012500 -5.711795
12.990550 26.012500 -5.711795
12.771250 26.141100 -5.711795
14.960650 34.919770 10.036205
-12.026230 26.362800 -5.711795
11.763050 26.378000 -5.711795
-11.763020 26.378000 -5.711795
12.026250 26.362800 -5.711795
-12.284930 26.317700 -5.711795
12.284950 26.317700 -5.711795
-12.534710 26.243400 -5.711795
12.534650 26.243400 -5.711795
-12.771280 26.141100 -5.711795
12.771250 26.141100 -5.711795
-12.990600 26.012500 -5.711795
12.990550 26.012500 -5.711795
-13.188910 25.860000 -5.711795
13.188850 25.860000 -5.711795
-13.362830 25.686100 -5.711795
13.362850 25.686100 -5.711795
-13.509380 25.493800 -5.711795
13.509350 25.493800 -5.711795
-13.626040 25.286300 -5.711795
13.626050 25.286300 -5.711795
-13.710830 25.067300 -5.711795
13.710850 25.067300 -5.711795
-13.762290 24.840400 -5.711795
13.762250 24.840400 -5.711795
-13.779540 24.609600 -5.711795
13.779550 24.609600 -5.711795
-13.779540 -24.609600 -5.711795
13.779550 9.283900 -5.711795
13.779550 -9.283800 -5.711795
13.779550 -24.609600 -5.711795
-13.762290 -24.840400 -5.711795
13.762250 -24.840400 -5.711795
-13.710830 -25.067300 -5.711795
13.710850 -25.067300 -5.711795
-13.626040 -25.286300 -5.711795
13.626050 -25.286300 -5.711795
-13.509380 -25.493800 -5.711795
13.509350 -25.493800 -5.711795
-13.362830 -25.686100 -5.711795
13.362850 -25.686100 -5.711795
-13.188910 -25.860000 -5.711795
13.188850 -25.860000 -5.711795
-12.990600 -26.012500 -5.711795
12.990550 -26.012500 -5.711795
-12.771280 -26.141000 -5.711795
12.771250 -26.141000 -5.711795
-12.534710 -26.243300 -5.711795
12.534650 -26.243300 -5.711795
-12.284930 -26.317700 -5.711795
12.284950 -26.317700 -5.711795
-12.026230 -26.362800 -5.711795
12.026250 -26.362800 -5.711795
-11.763020 -26.377900 -5.711795
11.763050 -26.377900 -5.711795
11.763050 -26.377900 -5.711795
-11.763020 -26.377900 -5.711795
12.026250 -26.362800 -5.711795
-12.026230 -26.362800 -5.711795
12.284950 -26.317700 -5.711795
-12.284930 -26.317700 -5.711795
12.534650 -26.243300 -5.711795
-12.534710 -26.243300 -5.711795
12.771250 -26.141000 -5.711795
-12.771280 -26.141000 -5.711795
12.990550 -26.012500 -5.711795
-12.990600 -26.012500 -5.711795
13.188850 -25.860000 -5.711795
-13.188910 -25.860000 -5.711795
13.362850 -25.686100 -5.711795
-13.362830 -25.686100 -5.711795
13.509350 -25.493800 -5.711795
-13.509380 -25.493800 -5.711795
13.626050 -25.286300 -5.711795
-13.626040 -25.286300 -5.711795
13.710850 -25.067300 -5.711795
-13.710830 -25.067300 -5.711795
13.762250 -24.840400 -5.711795
-13.762290 -24.840400 -5.711795
13.779550 -24.609600 -5.711795
-13.779540 -24.609600 -5.711795
13.779550 -9.283800 -5.711795
13.779550 9.283900 -5.711795
13.779550 24.609600 -5.711795
-13.779540 24.609600 -5.711795
13.762250 24.840400 -5.711795
-13.762290 24.840400 -5.711795
13.710850 25.067300 -5.711795
-13.710830 25.067300 -5.711795
13.626050 25.286300 -5.711795
-13.626040 25.286300 -5.711795
13.509350 25.493800 -5.711795
-13.509380 25.493800 -5.711795
13.362850 25.686100 -5.711795
-13.362830 25.686100 -5.711795
13.188850 25.860000 -5.711795
-13.188910 25.860000 -5.711795
12.990550 26.012500 -5.711795
-12.990600 26.012500 -5.711795
12.771250 26.141100 -5.711795
-12.771280 26.141100 -5.711795
12.534650 26.243400 -5.711795
-12.534710 26.243400 -5.711795
12.284950 26.317700 -5.711795
-12.284930 26.317700 -5.711795
12.026250 26.362800 -5.711795
-12.026230 26.362800 -5.711795
11.763050 26.378000 -5.711795
-11.763020 26.378000 -5.711795
14.683450 35.056430 10.036205
12.534650 26.243400 -5.711795
12.771250 26.141100 -5.711795
12.771250 26.141100 -5.711795
12.534650 26.243400 -5.711795
14.683450 35.056430 10.036205
12.534650 26.243400 -5.711795
12.284950 26.317700 -5.711795
-19.291349 37.795300 -11.617305
-19.291349 37.795300 -11.617305
12.284950 26.317700 -5.711795
12.534650 26.243400 -5.711795
-19.685050 -38.189000 -10.042505
-19.291349 37.795300 -10.436205
-19.291349 -37.795300 -10.436205
-19.291349 -37.795300 -10.436205
-19.291349 37.795300 -10.436205
-19.685050 -38.189000 -10.042505
-19.291349 -37.795300 -10.436205
-19.291349 37.795300 -11.617305
-19.291349 -37.795300 -11.617305
-19.291349 37.795300 -10.436205
-19.291349 37.795300 -10.436205
-19.291349 -37.795300 -10.436205
-19.291349 37.795300 -11.617305
-19.291349 -37.795300 -11.617305
-19.291349 -37.795300 -11.617305
-19.291349 -37.795300 -11.617305
19.685050 -38.976400 -11.617305
13.779550 9.283900 -5.711795
13.779550 24.609600 -5.711795
13.779550 -9.283800 -5.711795
13.779550 -24.609600 -5.711795
13.779550 -24.609600 -5.711795
19.685050 -38.976400 -11.617305
13.779550 -9.283800 -5.711795
13.779550 9.283900 -5.711795
13.779550 24.609600 -5.711795
16.141750 32.874040 10.036205
13.762250 24.840400 -5.711795
13.779550 24.609600 -5.711795
13.779550 24.609600 -5.711795
13.762250 24.840400 -5.711795
16.141750 32.874040 10.036205
16.121550 33.182370 10.036205
13.710850 25.067300 -5.711795
13.762250 24.840400 -5.711795
13.762250 24.840400 -5.711795
13.710850 25.067300 -5.711795
16.121550 33.182370 10.036205
13.710850 25.067300 -5.711795
13.626050 25.286300 -5.711795
19.685050 38.976399 -11.617305
19.685050 38.976399 -11.617305
13.626050 25.286300 -5.711795
13.710850 25.067300 -5.711795
15.217550 34.748100 10.036205
12.990550 26.012500 -5.711795
13.188850 25.860000 -5.711795
13.188850 25.860000 -5.711795
12.990550 26.012500 -5.711795
15.217550 34.748100 10.036205
13.362850 25.686100 -5.711795
13.188850 25.860000 -5.711795
19.685050 38.976399 -11.617305
19.685050 38.976399 -11.617305
13.188850 25.860000 -5.711795
13.362850 25.686100 -5.711795
15.217550 34.748100 10.036205
14.960650 34.919770 10.036205
12.990550 26.012500 -5.711795
12.990550 26.012500 -5.711795
14.960650 34.919770 10.036205
15.217550 34.748100 10.036205
14.960650 34.919770 10.036205
14.683450 35.056430 10.036205
12.771250 26.141100 -5.711795
12.771250 26.141100 -5.711795
14.683450 35.056430 10.036205
14.960650 34.919770 10.036205
16.141750 -32.874000 10.036205
13.779550 -9.283800 -5.711795
13.779550 -24.609600 -5.711795
16.141750 -12.401600 10.036205
16.141750 -12.401600 10.036205
16.141750 -32.874000 10.036205
13.779550 -9.283800 -5.711795
13.779550 -24.609600 -5.711795
13.779550 -10.826700 10.036205
13.779550 9.283900 -5.711795
13.779550 -9.283800 -5.711795
13.779550 10.826800 10.036205
13.779550 10.826800 10.036205
13.779550 -10.826700 10.036205
13.779550 9.283900 -5.711795
13.779550 -9.283800 -5.711795
16.141750 12.401600 10.036205
13.779550 24.609600 -5.711795
13.779550 9.283900 -5.711795
16.141750 32.874040 10.036205
16.141750 32.874040 10.036205
16.141750 12.401600 10.036205
13.779550 24.609600 -5.711795
13.779550 9.283900 -5.711795
16.061250 33.485420 10.036205
13.626050 25.286300 -5.711795
13.710850 25.067300 -5.711795
13.710850 25.067300 -5.711795
13.626050 25.286300 -5.711795
16.061250 33.485420 10.036205
15.961950 33.778010 10.036205
13.509350 25.493800 -5.711795
13.626050 25.286300 -5.711795
13.626050 25.286300 -5.711795
13.509350 25.493800 -5.711795
15.961950 33.778010 10.036205
13.626050 25.286300 -5.711795
13.509350 25.493800 -5.711795
19.685050 38.976399 -11.617305
19.685050 38.976399 -11.617305
13.509350 25.493800 -5.711795
13.626050 25.286300 -5.711795
15.825250 34.055140 10.036205
13.362850 25.686100 -5.711795
13.509350 25.493800 -5.711795
13.509350 25.493800 -5.711795
13.362850 25.686100 -5.711795
15.825250 34.055140 10.036205
13.509350 25.493800 -5.711795
13.362850 25.686100 -5.711795
19.685050 38.976399 -11.617305
19.685050 38.976399 -11.617305
13.362850 25.686100 -5.711795
13.509350 25.493800 -5.711795
15.653550 34.312060 10.036205
13.188850 25.860000 -5.711795
13.362850 25.686100 -5.711795
13.362850 25.686100 -5.711795
13.188850 25.860000 -5.711795
15.653550 34.312060 10.036205
14.390950 35.155750 10.036205
12.284950 26.317700 -5.711795
12.534650 26.243400 -5.711795
12.534650 26.243400 -5.711795
12.284950 26.317700 -5.711795
14.390950 35.155750 10.036205
14.087850 35.216030 10.036205
12.026250 26.362800 -5.711795
12.284950 26.317700 -5.711795
12.284950 26.317700 -5.711795
12.026250 26.362800 -5.711795
14.087850 35.216030 10.036205
12.284950 26.317700 -5.711795
12.026250 26.362800 -5.711795
-19.291349 37.795300 -11.617305
-19.291349 37.795300 -11.617305
12.026250 26.362800 -5.711795
12.284950 26.317700 -5.711795
13.779550 35.236240 10.036205
11.763050 26.378000 -5.711795
12.026250 26.362800 -5.711795
12.026250 26.362800 -5.711795
11.763050 26.378000 -5.711795
13.779550 35.236240 10.036205
12.026250 26.362800 -5.711795
11.763050 26.378000 -5.711795
-19.291349 37.795300 -11.617305
-19.291349 37.795300 -11.617305
11.763050 26.378000 -5.711795
12.026250 26.362800 -5.711795
-11.763020 26.378000 -5.711795
13.779550 35.236240 10.036205
-13.779540 35.236240 10.036205
11.763050 26.378000 -5.711795
11.763050 26.378000 -5.711795
-11.763020 26.378000 -5.711795
13.779550 35.236240 10.036205
-13.779540 35.236240 10.036205
-11.763020 26.378000 -5.711795
-19.291349 37.795300 -11.617305
11.763050 26.378000 -5.711795
11.763050 26.378000 -5.711795
-19.291349 37.795300 -11.617305
-11.763020 26.378000 -5.711795
-11.763020 26.378000 -5.711795
-14.087870 35.216030 10.036205
-12.026230 26.362800 -5.711795
-12.026230 26.362800 -5.711795
-14.087870 35.216030 10.036205
-11.763020 26.378000 -5.711795
-12.026230 26.362800 -5.711795
-19.291349 37.795300 -11.617305
-11.763020 26.378000 -5.711795
-11.763020 26.378000 -5.711795
-19.291349 37.795300 -11.617305
-12.026230 26.362800 -5.711795
-12.026230 26.362800 -5.711795
-14.390920 35.155750 10.036205
-12.284930 26.317700 -5.711795
-12.284930 26.317700 -5.711795
-14.390920 35.155750 10.036205
-12.026230 26.362800 -5.711795
-12.284930 26.317700 -5.711795
-19.291349 37.795300 -11.617305
-12.026230 26.362800 -5.711795
-12.026230 26.362800 -5.711795
-19.291349 37.795300 -11.617305
-12.284930 26.317700 -5.711795
-12.284930 26.317700 -5.711795
-14.683510 35.056430 10.036205
-12.534710 26.243400 -5.711795
-12.534710 26.243400 -5.711795
-14.683510 35.056430 10.036205
-12.284930 26.317700 -5.711795
-12.534710 26.243400 -5.711795
-19.291349 37.795300 -11.617305
-12.284930 26.317700 -5.711795
-12.284930 26.317700 -5.711795
-19.291349 37.795300 -11.617305
-12.534710 26.243400 -5.711795
-12.534710 26.243400 -5.711795
-14.960640 34.919770 10.036205
-12.771280 26.141100 -5.711795
-12.771280 26.141100 -5.711795
-14.960640 34.919770 10.036205
-12.534710 26.243400 -5.711795
-12.771280 26.141100 -5.711795
-19.291349 37.795300 -11.617305
-12.534710 26.243400 -5.711795
-12.534710 26.243400 -5.711795
-19.291349 37.795300 -11.617305
-12.771280 26.141100 -5.711795
-12.771280 26.141100 -5.711795
-15.217560 34.748100 10.036205
-12.990600 26.012500 -5.711795
-12.990600 26.012500 -5.711795
-15.217560 34.748100 10.036205
-12.771280 26.141100 -5.711795
-12.990600 26.012500 -5.711795
-19.291349 37.795300 -11.617305
-12.771280 26.141100 -5.711795
-12.771280 26.141100 -5.711795
-19.291349 37.795300 -11.617305
-12.990600 26.012500 -5.711795
-12.990600 26.012500 -5.711795
-15.449870 34.544370 10.036205
-13.188910 25.860000 -5.711795
-13.188910 25.860000 -5.711795
-15.449870 34.544370 10.036205
-12.990600 26.012500 -5.711795
-13.188910 25.860000 -5.711795
-19.291349 37.795300 -11.617305
-12.990600 26.012500 -5.711795
-12.990600 26.012500 -5.711795
-19.291349 37.795300 -11.617305
-13.188910 25.860000 -5.711795
-13.188910 25.860000 -5.711795
-15.449870 34.544370 10.036205
-13.362830 25.686100 -5.711795
-13.362830 25.686100 -5.711795
-15.449870 34.544370 10.036205
-13.188910 25.860000 -5.711795
-13.362830 25.686100 -5.711795
-19.291349 37.795300 -11.617305
-13.188910 25.860000 -5.711795
-13.188910 25.860000 -5.711795
-19.291349 37.795300 -11.617305
-13.362830 25.686100 -5.711795
-15.653600 34.312060 10.036205
-13.509380 25.493800 -5.711795
-13.362830 25.686100 -5.711795
-13.362830 25.686100 -5.711795
-13.509380 25.493800 -5.711795
-15.653600 34.312060 10.036205
-13.509380 25.493800 -5.711795
-19.291349 37.795300 -11.617305
-13.362830 25.686100 -5.711795
-13.362830 25.686100 -5.711795
-19.291349 37.795300 -11.617305
-13.509380 25.493800 -5.711795
-15.825270 34.055140 10.036205
-13.626040 25.286300 -5.711795
-13.509380 25.493800 -5.711795
-13.509380 25.493800 -5.711795
-13.626040 25.286300 -5.711795
-15.825270 34.055140 10.036205
-13.626040 25.286300 -5.711795
-19.291349 37.795300 -11.617305
-13.509380 25.493800 -5.711795
-13.509380 25.493800 -5.711795
-19.291349 37.795300 -11.617305
-13.626040 25.286300 -5.711795
-15.961930 33.778010 10.036205
-13.710830 25.067300 -5.711795
-13.626040 25.286300 -5.711795
-13.626040 25.286300 -5.711795
-13.710830 25.067300 -5.711795
-15.961930 33.778010 10.036205
-13.710830 25.067300 -5.711795
-19.291349 37.795300 -11.617305
-13.626040 25.286300 -5.711795
-13.626040 25.286300 -5.711795
-19.291349 37.795300 -11.617305
-13.710830 25.067300 -5.711795
-16.061250 33.485420 10.036205
-13.762290 24.840400 -5.711795
-13.710830 25.067300 -5.711795
-13.710830 25.067300 -5.711795
-13.762290 24.840400 -5.711795
-16.061250 33.485420 10.036205
-13.762290 24.840400 -5.711795
-19.291349 37.795300 -11.617305
-13.710830 25.067300 -5.711795
-13.710830 25.067300 -5.711795
-19.291349 37.795300 -11.617305
-13.762290 24.840400 -5.711795
-16.121530 33.182370 10.036205
-13.779540 24.609600 -5.711795
-13.762290 24.840400 -5.711795
-13.762290 24.840400 -5.711795
-13.779540 24.609600 -5.711795
-16.121530 33.182370 10.036205
-13.779540 24.609600 -5.711795
-19.291349 -37.795300 -11.617305
-13.762290 24.840400 -5.711795
-13.762290 24.840400 -5.711795
-19.291349 -37.795300 -11.617305
-13.779540 24.609600 -5.711795
-16.141740 32.874040 10.036205
-13.779540 -24.609600 -5.711795
-13.779540 24.609600 -5.711795
-16.141740 -32.874000 10.036205
-16.141740 -32.874000 10.036205
-16.141740 32.874040 10.036205
-13.779540 -24.609600 -5.711795
-13.779540 24.609600 -5.711795
-13.779540 -24.609600 -5.711795
-19.291349 -37.795300 -11.617305
-13.779540 24.609600 -5.711795
-13.779540 24.609600 -5.711795
-19.291349 -37.795300 -11.617305
-13.779540 -24.609600 -5.711795
-16.141740 -32.874000 10.036205
-13.762290 -24.840400 -5.711795
-13.779540 -24.609600 -5.711795
-13.779540 -24.609600 -5.711795
-13.762290 -24.840400 -5.711795
-16.141740 -32.874000 10.036205
-19.291349 -37.795300 -11.617305
-13.779540 -24.609600 -5.711795
-13.762290 -24.840400 -5.711795
-13.762290 -24.840400 -5.711795
-13.779540 -24.609600 -5.711795
-19.291349 -37.795300 -11.617305
-16.121530 -33.182300 10.036205
-13.710830 -25.067300 -5.711795
-13.762290 -24.840400 -5.711795
-13.762290 -24.840400 -5.711795
-13.710830 -25.067300 -5.711795
-16.121530 -33.182300 10.036205
-19.291349 -37.795300 -11.617305
-13.762290 -24.840400 -5.711795
-13.710830 -25.067300 -5.711795
-13.710830 -25.067300 -5.711795
-13.762290 -24.840400 -5.711795
-19.291349 -37.795300 -11.617305
-16.061250 -33.485400 10.036205
-13.626040 -25.286300 -5.711795
-13.710830 -25.067300 -5.711795
-13.710830 -25.067300 -5.711795
-13.626040 -25.286300 -5.711795
-16.061250 -33.485400 10.036205
-19.291349 -37.795300 -11.617305
-13.710830 -25.067300 -5.711795
-13.626040 -25.286300 -5.711795
-13.626040 -25.286300 -5.711795
-13.710830 -25.067300 -5.711795
-19.291349 -37.795300 -11.617305
-15.961930 -33.778000 10.036205
-13.509380 -25.493800 -5.711795
-13.626040 -25.286300 -5.711795
-13.626040 -25.286300 -5.711795
-13.509380 -25.493800 -5.711795
-15.961930 -33.778000 10.036205
-19.291349 -37.795300 -11.617305
-13.626040 -25.286300 -5.711795
-13.509380 -25.493800 -5.711795
-13.509380 -25.493800 -5.711795
-13.626040 -25.286300 -5.711795
-19.291349 -37.795300 -11.617305
-15.825270 -34.055100 10.036205
-13.362830 -25.686100 -5.711795
-13.509380 -25.493800 -5.711795
-13.509380 -25.493800 -5.711795
-13.362830 -25.686100 -5.711795
-15.825270 -34.055100 10.036205
-19.291349 -37.795300 -11.617305
-13.509380 -25.493800 -5.711795
-13.362830 -25.686100 -5.711795
-13.362830 -25.686100 -5.711795
-13.509380 -25.493800 -5.711795
-19.291349 -37.795300 -11.617305
-13.188910 -25.860000 -5.711795
-13.362830 -25.686100 -5.711795
-15.653600 -34.312000 10.036205
-15.653600 -34.312000 10.036205
-13.362830 -25.686100 -5.711795
-13.188910 -25.860000 -5.711795
-19.291349 -37.795300 -11.617305
-13.362830 -25.686100 -5.711795
-13.188910 -25.860000 -5.711795
-13.188910 -25.860000 -5.711795
-13.362830 -25.686100 -5.711795
-19.291349 -37.795300 -11.617305
-12.990600 -26.012500 -5.711795
-13.188910 -25.860000 -5.711795
-15.217560 -34.748100 10.036205
-15.217560 -34.748100 10.036205
-13.188910 -25.860000 -5.711795
-12.990600 -26.012500 -5.711795
-19.291349 -37.795300 -11.617305
-13.188910 -25.860000 -5.711795
-12.990600 -26.012500 -5.711795
-12.990600 -26.012500 -5.711795
-13.188910 -25.860000 -5.711795
-19.291349 -37.795300 -11.617305
-12.771280 -26.141000 -5.711795
-12.990600 -26.012500 -5.711795
-14.960640 -34.919700 10.036205
-14.960640 -34.919700 10.036205
-12.990600 -26.012500 -5.711795
-12.771280 -26.141000 -5.711795
-19.291349 -37.795300 -11.617305
-12.990600 -26.012500 -5.711795
-12.771280 -26.141000 -5.711795
-12.771280 -26.141000 -5.711795
-12.990600 -26.012500 -5.711795
-19.291349 -37.795300 -11.617305
-12.534710 -26.243300 -5.711795
-12.771280 -26.141000 -5.711795
-14.683510 -35.056400 10.036205
-14.683510 -35.056400 10.036205
-12.771280 -26.141000 -5.711795
-12.534710 -26.243300 -5.711795
-19.291349 -37.795300 -11.617305
-12.771280 -26.141000 -5.711795
-12.534710 -26.243300 -5.711795
-12.534710 -26.243300 -5.711795
-12.771280 -26.141000 -5.711795
-19.291349 -37.795300 -11.617305
-12.284930 -26.317700 -5.711795
-12.534710 -26.243300 -5.711795
-14.390920 -35.155700 10.036205
-14.390920 -35.155700 10.036205
-12.534710 -26.243300 -5.711795
-12.284930 -26.317700 -5.711795
-19.291349 -37.795300 -11.617305
-12.534710 -26.243300 -5.711795
-12.284930 -26.317700 -5.711795
-12.284930 -26.317700 -5.711795
-12.534710 -26.243300 -5.711795
-19.291349 -37.795300 -11.617305
-12.026230 -26.362800 -5.711795
-12.284930 -26.317700 -5.711795
-14.087870 -35.216000 10.036205
-14.087870 -35.216000 10.036205
-12.284930 -26.317700 -5.711795
-12.026230 -26.362800 -5.711795
-19.291349 -37.795300 -11.617305
-12.284930 -26.317700 -5.711795
-12.026230 -26.362800 -5.711795
-12.026230 -26.362800 -5.711795
-12.284930 -26.317700 -5.711795
-19.291349 -37.795300 -11.617305
-11.763020 -26.377900 -5.711795
-12.026230 -26.362800 -5.711795
-13.779540 -35.236200 10.036205
-13.779540 -35.236200 10.036205
-12.026230 -26.362800 -5.711795
-11.763020 -26.377900 -5.711795
-19.291349 -37.795300 -11.617305
-12.026230 -26.362800 -5.711795
-11.763020 -26.377900 -5.711795
-11.763020 -26.377900 -5.711795
-12.026230 -26.362800 -5.711795
-19.291349 -37.795300 -11.617305
13.779550 -35.236200 10.036205
-11.763020 -26.377900 -5.711795
-13.779540 -35.236200 10.036205
11.763050 -26.377900 -5.711795
11.763050 -26.377900 -5.711795
13.779550 -35.236200 10.036205
-11.763020 -26.377900 -5.711795
-13.779540 -35.236200 10.036205
19.685050 -38.976400 -11.617305
-11.763020 -26.377900 -5.711795
11.763050 -26.377900 -5.711795
11.763050 -26.377900 -5.711795
-11.763020 -26.377900 -5.711795
19.685050 -38.976400 -11.617305
14.087850 -35.216000 10.036205
12.026250 -26.362800 -5.711795
11.763050 -26.377900 -5.711795
11.763050 -26.377900 -5.711795
12.026250 -26.362800 -5.711795
14.087850 -35.216000 10.036205
19.685050 -38.976400 -11.617305
11.763050 -26.377900 -5.711795
12.026250 -26.362800 -5.711795
12.026250 -26.362800 -5.711795
11.763050 -26.377900 -5.711795
19.685050 -38.976400 -11.617305
14.390950 -35.155700 10.036205
12.284950 -26.317700 -5.711795
12.026250 -26.362800 -5.711795
12.026250 -26.362800 -5.711795
12.284950 -26.317700 -5.711795
14.390950 -35.155700 10.036205
19.685050 -38.976400 -11.617305
12.026250 -26.362800 -5.711795
12.284950 -26.317700 -5.711795
12.284950 -26.317700 -5.711795
12.026250 -26.362800 -5.711795
19.685050 -38.976400 -11.617305
14.683450 -35.056400 10.036205
12.534650 -26.243300 -5.711795
12.284950 -26.317700 -5.711795
12.284950 -26.317700 -5.711795
12.534650 -26.243300 -5.711795
14.683450 -35.056400 10.036205
19.685050 -38.976400 -11.617305
12.284950 -26.317700 -5.711795
12.534650 -26.243300 -5.711795
12.534650 -26.243300 -5.711795
12.284950 -26.317700 -5.711795
19.685050 -38.976400 -11.617305
14.960650 -34.919700 10.036205
12.771250 -26.141000 -5.711795
12.534650 -26.243300 -5.711795
12.534650 -26.243300 -5.711795
12.771250 -26.141000 -5.711795
14.960650 -34.919700 10.036205
19.685050 -38.976400 -11.617305
12.534650 -26.243300 -5.711795
12.771250 -26.141000 -5.711795
12.771250 -26.141000 -5.711795
12.534650 -26.243300 -5.711795
19.685050 -38.976400 -11.617305
15.217550 -34.748100 10.036205
12.990550 -26.012500 -5.711795
12.771250 -26.141000 -5.711795
12.771250 -26.141000 -5.711795
12.990550 -26.012500 -5.711795
15.217550 -34.748100 10.036205
19.685050 -38.976400 -11.617305
12.771250 -26.141000 -5.711795
12.990550 -26.012500 -5.711795
12.990550 -26.012500 -5.711795
12.771250 -26.141000 -5.711795
19.685050 -38.976400 -11.617305
15.449850 -34.544300 10.036205
13.188850 -25.860000 -5.711795
12.990550 -26.012500 -5.711795
12.990550 -26.012500 -5.711795
13.188850 -25.860000 -5.711795
15.449850 -34.544300 10.036205
19.685050 -38.976400 -11.617305
12.990550 -26.012500 -5.711795
13.188850 -25.860000 -5.711795
13.188850 -25.860000 -5.711795
12.990550 -26.012500 -5.711795
19.685050 -38.976400 -11.617305
15.449850 -34.544300 10.036205
13.362850 -25.686100 -5.711795
13.188850 -25.860000 -5.711795
13.188850 -25.860000 -5.711795
13.362850 -25.686100 -5.711795
15.449850 -34.544300 10.036205
19.685050 -38.976400 -11.617305
13.188850 -25.860000 -5.711795
13.362850 -25.686100 -5.711795
13.362850 -25.686100 -5.711795
13.188850 -25.860000 -5.711795
19.685050 -38.976400 -11.617305
15.653550 -34.312000 10.036205
13.509350 -25.493800 -5.711795
13.362850 -25.686100 -5.711795
13.362850 -25.686100 -5.711795
13.509350 -25.493800 -5.711795
15.653550 -34.312000 10.036205
19.685050 -38.976400 -11.617305
13.362850 -25.686100 -5.711795
13.509350 -25.493800 -5.711795
13.509350 -25.493800 -5.711795
13.362850 -25.686100 -5.711795
19.685050 -38.976400 -11.617305
15.825250 -34.055100 10.036205
13.626050 -25.286300 -5.711795
13.509350 -25.493800 -5.711795
13.509350 -25.493800 -5.711795
13.626050 -25.286300 -5.711795
15.825250 -34.055100 10.036205
19.685050 -38.976400 -11.617305
13.509350 -25.493800 -5.711795
13.626050 -25.286300 -5.711795
13.626050 -25.286300 -5.711795
13.509350 -25.493800 -5.711795
19.685050 -38.976400 -11.617305
15.961950 -33.778000 10.036205
13.710850 -25.067300 -5.711795
13.626050 -25.286300 -5.711795
13.626050 -25.286300 -5.711795
13.710850 -25.067300 -5.711795
15.961950 -33.778000 10.036205
19.685050 -38.976400 -11.617305
13.626050 -25.286300 -5.711795
13.710850 -25.067300 -5.711795
13.710850 -25.067300 -5.711795
13.626050 -25.286300 -5.711795
19.685050 -38.976400 -11.617305
16.061250 -33.485400 10.036205
13.762250 -24.840400 -5.711795
13.710850 -25.067300 -5.711795
13.710850 -25.067300 -5.711795
13.762250 -24.840400 -5.711795
16.061250 -33.485400 10.036205
19.685050 -38.976400 -11.617305
13.710850 -25.067300 -5.711795
13.762250 -24.840400 -5.711795
13.762250 -24.840400 -5.711795
13.710850 -25.067300 -5.711795
19.685050 -38.976400 -11.617305
16.121550 -33.182300 10.036205
13.779550 -24.609600 -5.711795
13.762250 -24.840400 -5.711795
13.762250 -24.840400 -5.711795
13.779550 -24.609600 -5.711795
16.121550 -33.182300 10.036205
19.685050 -38.976400 -11.617305
13.762250 -24.840400 -5.711795
13.779550 -24.609600 -5.711795
13.779550 -24.609600 -5.711795
13.762250 -24.840400 -5.711795
19.685050 -38.976400 -11.617305
14.683450 35.056430 10.036205
14.390950 35.155750 10.036205
12.534650 26.243400 -5.711795
12.534650 26.243400 -5.711795
14.390950 35.155750 10.036205
14.683450 35.056430 10.036205
-13.762290 24.840400 -5.711795
-19.291349 -37.795300 -11.617305
-19.291349 37.795300 -11.617305
-19.291349 37.795300 -11.617305
-19.291349 -37.795300 -11.617305
-13.762290 24.840400 -5.711795
19.685050 -38.976400 -11.617305
-19.291349 -37.795300 -11.617305
-11.763020 -26.377900 -5.711795
-11.763020 -26.377900 -5.711795
-19.291349 -37.795300 -11.617305
19.685050 -38.976400 -11.617305
16.121550 33.182370 10.036205
13.762250 24.840400 -5.711795
16.141750 32.874040 10.036205
16.141750 32.874040 10.036205
13.762250 24.840400 -5.711795
16.121550 33.182370 10.036205
16.061250 33.485420 10.036205
13.710850 25.067300 -5.711795
16.121550 33.182370 10.036205
16.121550 33.182370 10.036205
13.710850 25.067300 -5.711795
16.061250 33.485420 10.036205
15.449850 34.544370 10.036205
15.217550 34.748100 10.036205
13.188850 25.860000 -5.711795
13.188850 25.860000 -5.711795
15.217550 34.748100 10.036205
15.449850 34.544370 10.036205
16.141750 -32.874000 10.036205
13.779550 -24.609600 -5.711795
16.121550 -33.182300 10.036205
16.121550 -33.182300 10.036205
13.779550 -24.609600 -5.711795
16.141750 -32.874000 10.036205
16.141750 -12.401600 10.036205
13.779550 -10.826700 10.036205
13.779550 -9.283800 -5.711795
13.779550 -9.283800 -5.711795
13.779550 -10.826700 10.036205
16.141750 -12.401600 10.036205
16.141750 12.401600 10.036205
13.779550 9.283900 -5.711795
13.779550 10.826800 10.036205
13.779550 10.826800 10.036205
13.779550 9.283900 -5.711795
16.141750 12.401600 10.036205
15.961950 33.778010 10.036205
13.626050 25.286300 -5.711795
16.061250 33.485420 10.036205
16.061250 33.485420 10.036205
13.626050 25.286300 -5.711795
15.961950 33.778010 10.036205
15.825250 34.055140 10.036205
13.509350 25.493800 -5.711795
15.961950 33.778010 10.036205
15.961950 33.778010 10.036205
13.509350 25.493800 -5.711795
15.825250 34.055140 10.036205
15.653550 34.312060 10.036205
13.362850 25.686100 -5.711795
15.825250 34.055140 10.036205
15.825250 34.055140 10.036205
13.362850 25.686100 -5.711795
15.653550 34.312060 10.036205
15.449850 34.544370 10.036205
13.188850 25.860000 -5.711795
15.653550 34.312060 10.036205
15.653550 34.312060 10.036205
13.188850 25.860000 -5.711795
15.449850 34.544370 10.036205
14.390950 35.155750 10.036205
14.087850 35.216030 10.036205
12.284950 26.317700 -5.711795
12.284950 26.317700 -5.711795
14.087850 35.216030 10.036205
14.390950 35.155750 10.036205
14.087850 35.216030 10.036205
13.779550 35.236240 10.036205
12.026250 26.362800 -5.711795
12.026250 26.362800 -5.711795
13.779550 35.236240 10.036205
14.087850 35.216030 10.036205
-11.763020 26.378000 -5.711795
-13.779540 35.236240 10.036205
-14.087870 35.216030 10.036205
-14.087870 35.216030 10.036205
-13.779540 35.236240 10.036205
-11.763020 26.378000 -5.711795
-12.026230 26.362800 -5.711795
-14.087870 35.216030 10.036205
-14.390920 35.155750 10.036205
-14.390920 35.155750 10.036205
-14.087870 35.216030 10.036205
-12.026230 26.362800 -5.711795
-12.284930 26.317700 -5.711795
-14.390920 35.155750 10.036205
-14.683510 35.056430 10.036205
-14.683510 35.056430 10.036205
-14.390920 35.155750 10.036205
-12.284930 26.317700 -5.711795
-12.534710 26.243400 -5.711795
-14.683510 35.056430 10.036205
-14.960640 34.919770 10.036205
-14.960640 34.919770 10.036205
-14.683510 35.056430 10.036205
-12.534710 26.243400 -5.711795
-12.771280 26.141100 -5.711795
-14.960640 34.919770 10.036205
-15.217560 34.748100 10.036205
-15.217560 34.748100 10.036205
-14.960640 34.919770 10.036205
-12.771280 26.141100 -5.711795
-12.990600 26.012500 -5.711795
-15.217560 34.748100 10.036205
-15.449870 34.544370 10.036205
-15.449870 34.544370 10.036205
-15.217560 34.748100 10.036205
-12.990600 26.012500 -5.711795
-15.653600 34.312060 10.036205
-13.362830 25.686100 -5.711795
-15.449870 34.544370 10.036205
-15.449870 34.544370 10.036205
-13.362830 25.686100 -5.711795
-15.653600 34.312060 10.036205
-15.825270 34.055140 10.036205
-13.509380 25.493800 -5.711795
-15.653600 34.312060 10.036205
-15.653600 34.312060 10.036205
-13.509380 25.493800 -5.711795
-15.825270 34.055140 10.036205
-15.961930 33.778010 10.036205
-13.626040 25.286300 -5.711795
-15.825270 34.055140 10.036205
-15.825270 34.055140 10.036205
-13.626040 25.286300 -5.711795
-15.961930 33.778010 10.036205
-16.061250 33.485420 10.036205
-13.710830 25.067300 -5.711795
-15.961930 33.778010 10.036205
-15.961930 33.778010 10.036205
-13.710830 25.067300 -5.711795
-16.061250 33.485420 10.036205
-16.121530 33.182370 10.036205
-13.762290 24.840400 -5.711795
-16.061250 33.485420 10.036205
-16.061250 33.485420 10.036205
-13.762290 24.840400 -5.711795
-16.121530 33.182370 10.036205
-16.141740 32.874040 10.036205
-13.779540 24.609600 -5.711795
-16.121530 33.182370 10.036205
-16.121530 33.182370 10.036205
-13.779540 24.609600 -5.711795
-16.141740 32.874040 10.036205
-16.121530 -33.182300 10.036205
-13.762290 -24.840400 -5.711795
-16.141740 -32.874000 10.036205
-16.141740 -32.874000 10.036205
-13.762290 -24.840400 -5.711795
-16.121530 -33.182300 10.036205
-16.061250 -33.485400 10.036205
-13.710830 -25.067300 -5.711795
-16.121530 -33.182300 10.036205
-16.121530 -33.182300 10.036205
-13.710830 -25.067300 -5.711795
-16.061250 -33.485400 10.036205
-15.961930 -33.778000 10.036205
-13.626040 -25.286300 -5.711795
-16.061250 -33.485400 10.036205
-16.061250 -33.485400 10.036205
-13.626040 -25.286300 -5.711795
-15.961930 -33.778000 10.036205
-15.825270 -34.055100 10.036205
-13.509380 -25.493800 -5.711795
-15.961930 -33.778000 10.036205
-15.961930 -33.778000 10.036205
-13.509380 -25.493800 -5.711795
-15.825270 -34.055100 10.036205
-15.653600 -34.312000 10.036205
-13.362830 -25.686100 -5.711795
-15.825270 -34.055100 10.036205
-15.825270 -34.055100 10.036205
-13.362830 -25.686100 -5.711795
-15.653600 -34.312000 10.036205
-15.449870 -34.544300 10.036205
-13.188910 -25.860000 -5.711795
-15.653600 -34.312000 10.036205
-15.653600 -34.312000 10.036205
-13.188910 -25.860000 -5.711795
-15.449870 -34.544300 10.036205
-13.188910 -25.860000 -5.711795
-15.449870 -34.544300 10.036205
-15.217560 -34.748100 10.036205
-15.217560 -34.748100 10.036205
-15.449870 -34.544300 10.036205
-13.188910 -25.860000 -5.711795
-12.990600 -26.012500 -5.711795
-15.217560 -34.748100 10.036205
-14.960640 -34.919700 10.036205
-14.960640 -34.919700 10.036205
-15.217560 -34.748100 10.036205
-12.990600 -26.012500 -5.711795
-12.771280 -26.141000 -5.711795
-14.960640 -34.919700 10.036205
-14.683510 -35.056400 10.036205
-14.683510 -35.056400 10.036205
-14.960640 -34.919700 10.036205
-12.771280 -26.141000 -5.711795
-12.534710 -26.243300 -5.711795
-14.683510 -35.056400 10.036205
-14.390920 -35.155700 10.036205
-14.390920 -35.155700 10.036205
-14.683510 -35.056400 10.036205
-12.534710 -26.243300 -5.711795
-12.284930 -26.317700 -5.711795
-14.390920 -35.155700 10.036205
-14.087870 -35.216000 10.036205
-14.087870 -35.216000 10.036205
-14.390920 -35.155700 10.036205
-12.284930 -26.317700 -5.711795
-12.026230 -26.362800 -5.711795
-14.087870 -35.216000 10.036205
-13.779540 -35.236200 10.036205
-13.779540 -35.236200 10.036205
-14.087870 -35.216000 10.036205
-12.026230 -26.362800 -5.711795
14.087850 -35.216000 10.036205
11.763050 -26.377900 -5.711795
13.779550 -35.236200 10.036205
13.779550 -35.236200 10.036205
11.763050 -26.377900 -5.711795
14.087850 -35.216000 10.036205
14.390950 -35.155700 10.036205
12.026250 -26.362800 -5.711795
14.087850 -35.216000 10.036205
14.087850 -35.216000 10.036205
12.026250 -26.362800 -5.711795
14.390950 -35.155700 10.036205
14.683450 -35.056400 10.036205
12.284950 -26.317700 -5.711795
14.390950 -35.155700 10.036205
14.390950 -35.155700 10.036205
12.284950 -26.317700 -5.711795
14.683450 -35.056400 10.036205
14.960650 -34.919700 10.036205
12.534650 -26.243300 -5.711795
14.683450 -35.056400 10.036205
14.683450 -35.056400 10.036205
12.534650 -26.243300 -5.711795
14.960650 -34.919700 10.036205
15.217550 -34.748100 10.036205
12.771250 -26.141000 -5.711795
14.960650 -34.919700 10.036205
14.960650 -34.919700 10.036205
12.771250 -26.141000 -5.711795
15.217550 -34.748100 10.036205
15.449850 -34.544300 10.036205
12.990550 -26.012500 -5.711795
15.217550 -34.748100 10.036205
15.217550 -34.748100 10.036205
12.990550 -26.012500 -5.711795
15.449850 -34.544300 10.036205
15.653550 -34.312000 10.036205
13.362850 -25.686100 -5.711795
15.449850 -34.544300 10.036205
15.449850 -34.544300 10.036205
13.362850 -25.686100 -5.711795
15.653550 -34.312000 10.036205
15.825250 -34.055100 10.036205
13.509350 -25.493800 -5.711795
15.653550 -34.312000 10.036205
15.653550 -34.312000 10.036205
13.509350 -25.493800 -5.711795
15.825250 -34.055100 10.036205
15.961950 -33.778000 10.036205
13.626050 -25.286300 -5.711795
15.825250 -34.055100 10.036205
15.825250 -34.055100 10.036205
13.626050 -25.286300 -5.711795
15.961950 -33.778000 10.036205
16.061250 -33.485400 10.036205
13.710850 -25.067300 -5.711795
15.961950 -33.778000 10.036205
15.961950 -33.778000 10.036205
13.710850 -25.067300 -5.711795
16.061250 -33.485400 10.036205
16.121550 -33.182300 10.036205
13.762250 -24.840400 -5.711795
16.061250 -33.485400 10.036205
16.061250 -33.485400 10.036205
13.762250 -24.840400 -5.711795
16.121550 -33.182300 10.036205
19.685050 39.370100 8.067705
19.606250 39.291360 8.067705
-19.606310 39.370100 8.067705
19.685050 -39.370100 8.067705
-19.685050 39.370100 8.067705
19.606250 -39.291300 8.067705
-19.606310 -39.291300 8.067705
-19.606310 39.291360 8.067705
-19.685050 -39.370100 8.067705
19.685050 -39.370100 8.067705
-19.606310 -39.291300 8.067705
-19.685050 -39.370100 8.067705
-19.606310 39.291360 8.067705
19.606250 39.291360 8.067705
-19.685050 39.370100 8.067705
19.606250 -39.291300 8.067705
-19.606310 39.370100 8.067705
19.685050 39.370100 8.067705
19.685050 39.370100 10.036205
-19.685050 39.370100 8.067705
-19.685050 39.370100 10.036205
-19.606310 39.370100 8.067705
19.685050 39.370100 8.067705
19.685050 39.370100 8.067705
19.685050 39.370100 10.036205
-19.606310 39.370100 8.067705
-19.685050 39.370100 8.067705
-19.685050 39.370100 10.036205
19.685050 39.370100 10.036205
19.685050 -39.370100 8.067705
19.685050 39.370100 8.067705
19.685050 -39.370100 10.036205
19.685050 -39.370100 10.036205
19.685050 39.370100 10.036205
19.685050 -39.370100 8.067705
19.685050 39.370100 8.067705
19.685050 -39.370100 8.067705
-19.685050 -39.370100 10.036205
-19.685050 -39.370100 8.067705
19.685050 -39.370100 10.036205
19.685050 -39.370100 10.036205
19.685050 -39.370100 8.067705
-19.685050 -39.370100 10.036205
-19.685050 -39.370100 8.067705
-19.685050 -39.370100 10.036205
-19.685050 39.370100 8.067705
-19.685050 -39.370100 8.067705
-19.685050 39.370100 10.036205
-19.685050 39.370100 10.036205
-19.685050 -39.370100 10.036205
-19.685050 39.370100 8.067705
-19.685050 -39.370100 8.067705
-19.685050 39.370100 10.036205
-14.087870 35.216030 10.036205
19.685050 39.370100 10.036205
-14.390920 35.155750 10.036205
-14.683510 35.056430 10.036205
-14.960640 34.919770 10.036205
-15.217560 34.748100 10.036205
-15.449870 34.544370 10.036205
-15.653600 34.312060 10.036205
-15.825270 34.055140 10.036205
-15.961930 33.778010 10.036205
-16.061250 33.485420 10.036205
-16.121530 33.182370 10.036205
-16.141740 32.874040 10.036205
-19.685050 -39.370100 10.036205
-13.779540 35.236240 10.036205
-16.141740 -32.874000 10.036205
-16.121530 -33.182300 10.036205
-16.061250 -33.485400 10.036205
-15.961930 -33.778000 10.036205
-15.825270 -34.055100 10.036205
-15.653600 -34.312000 10.036205
-15.449870 -34.544300 10.036205
-15.217560 -34.748100 10.036205
-14.960640 -34.919700 10.036205
-14.683510 -35.056400 10.036205
-14.390920 -35.155700 10.036205
-14.087870 -35.216000 10.036205
-13.779540 -35.236200 10.036205
13.779550 -35.236200 10.036205
16.141750 32.874040 10.036205
19.685050 -39.370100 10.036205
16.121550 33.182370 10.036205
16.061250 33.485420 10.036205
15.961950 33.778010 10.036205
15.825250 34.055140 10.036205
15.653550 34.312060 10.036205
15.449850 34.544370 10.036205
15.217550 34.748100 10.036205
14.960650 34.919770 10.036205
14.683450 35.056430 10.036205
14.390950 35.155750 10.036205
14.087850 35.216030 10.036205
13.779550 35.236240 10.036205
16.141750 12.401600 10.036205
13.779550 10.826800 10.036205
16.141750 -12.401600 10.036205
13.779550 -10.826700 10.036205
16.141750 -32.874000 10.036205
16.121550 -33.182300 10.036205
16.061250 -33.485400 10.036205
15.961950 -33.778000 10.036205
15.825250 -34.055100 10.036205
15.653550 -34.312000 10.036205
15.449850 -34.544300 10.036205
15.217550 -34.748100 10.036205
14.960650 -34.919700 10.036205
14.683450 -35.056400 10.036205
14.390950 -35.155700 10.036205
14.087850 -35.216000 10.036205
-19.685050 -39.370100 10.036205
13.779550 -35.236200 10.036205
19.685050 -39.370100 10.036205
14.087850 -35.216000 10.036205
14.390950 -35.155700 10.036205
14.683450 -35.056400 10.036205
14.960650 -34.919700 10.036205
15.217550 -34.748100 10.036205
15.449850 -34.544300 10.036205
15.653550 -34.312000 10.036205
15.825250 -34.055100 10.036205
15.961950 -33.778000 10.036205
16.061250 -33.485400 10.036205
16.121550 -33.182300 10.036205
16.141750 -32.874000 10.036205
16.141750 -12.401600 10.036205
13.779550 -10.826700 10.036205
13.779550 10.826800 10.036205
16.141750 12.401600 10.036205
16.141750 32.874040 10.036205
-13.779540 35.236240 10.036205
19.685050 39.370100 10.036205
13.779550 35.236240 10.036205
14.087850 35.216030 10.036205
14.390950 35.155750 10.036205
14.683450 35.056430 10.036205
14.960650 34.919770 10.036205
15.217550 34.748100 10.036205
15.449850 34.544370 10.036205
15.653550 34.312060 10.036205
15.825250 34.055140 10.036205
15.961950 33.778010 10.036205
16.061250 33.485420 10.036205
16.121550 33.182370 10.036205
-13.779540 -35.236200 10.036205
-14.087870 -35.216000 10.036205
-14.390920 -35.155700 10.036205
-14.683510 -35.056400 10.036205
-14.960640 -34.919700 10.036205
-15.217560 -34.748100 10.036205
-15.449870 -34.544300 10.036205
-15.653600 -34.312000 10.036205
-15.825270 -34.055100 10.036205
-15.961930 -33.778000 10.036205
-16.061250 -33.485400 10.036205
-16.121530 -33.182300 10.036205
-16.141740 -32.874000 10.036205
-16.141740 32.874040 10.036205
-14.087870 35.216030 10.036205
-19.685050 39.370100 10.036205
-16.121530 33.182370 10.036205
-16.061250 33.485420 10.036205
-15.961930 33.778010 10.036205
-15.825270 34.055140 10.036205
-15.653600 34.312060 10.036205
-15.449870 34.544370 10.036205
-15.217560 34.748100 10.036205
-14.960640 34.919770 10.036205
-14.683510 35.056430 10.036205
-14.390920 35.155750 10.036205
11.609350 -0.473400 -5.305525
11.811050 0.000000 -5.318094
11.671650 0.000000 -5.305525
11.743950 -0.509500 -5.318094
11.609350 0.473400 -5.305525
11.743950 0.509500 -5.318094
11.532250 0.000000 -5.294047
11.474650 -0.437300 -5.294047
11.426650 -0.914600 -5.305525
11.547250 -0.984200 -5.318094
11.426650 0.914600 -5.305525
11.547250 0.984300 -5.318094
11.474650 0.437400 -5.294047
11.339950 -0.401200 -5.283660
11.392750 0.000000 -5.283660
11.305850 -0.844900 -5.294047
11.135950 -1.293400 -5.305525
11.234450 -1.391900 -5.318094
11.135950 1.293400 -5.305525
11.234450 1.392000 -5.318094
11.305850 0.844900 -5.294047
11.339950 0.401300 -5.283660
11.205050 -0.365100 -5.274364
11.253150 0.000000 -5.274364
11.185050 -0.775100 -5.283660
11.037350 -1.194800 -5.294047
10.757050 -1.584100 -5.305525
10.826750 -1.704800 -5.318094
10.757050 1.584100 -5.305525
10.826750 1.704800 -5.318094
11.037350 1.194900 -5.294047
11.185050 0.775100 -5.283660
11.205050 0.365100 -5.274364
11.113550 0.000000 -5.266161
11.070150 -0.328900 -5.266161
11.064150 -0.705300 -5.274364
10.938650 -1.096200 -5.283660
10.687350 -1.463300 -5.294047
10.315950 -1.766800 -5.305525
10.351950 -1.901400 -5.318094
10.315950 1.766900 -5.305525
10.351950 1.901500 -5.318094
10.687350 1.463400 -5.294047
10.938650 1.096200 -5.283660
11.064150 0.705300 -5.274364
11.070150 0.329000 -5.266161
10.935250 -0.292800 -5.259050
10.973750 0.000000 -5.259050
10.943250 -0.635500 -5.266161
10.839950 -0.997500 -5.274364
10.617650 -1.342500 -5.283660
10.279850 -1.632100 -5.294047
9.842550 -1.829100 -5.305525
9.842550 -1.968500 -5.318094
9.842550 1.829200 -5.305525
9.842550 1.968500 -5.318094
10.279850 1.632200 -5.294047
10.617650 1.342600 -5.283660
10.839950 0.997500 -5.274364
10.943250 0.635500 -5.266161
10.935250 0.292800 -5.259050
10.800250 -0.256600 -5.253032
10.834050 0.000000 -5.253032
10.822250 -0.565600 -5.259050
10.741250 -0.898700 -5.266161
10.547850 -1.221600 -5.274364
10.243750 -1.497400 -5.283660
9.842550 -1.689700 -5.294047
9.333050 -1.901400 -5.318094
9.369050 -1.766800 -5.305525
9.333050 1.901500 -5.318094
9.369050 1.766900 -5.305525
9.842550 1.689800 -5.294047
10.243750 1.497400 -5.283660
10.547850 1.221700 -5.274364
10.741250 0.898800 -5.266161
10.822250 0.565700 -5.259050
10.800250 0.256600 -5.253032
10.694250 0.000000 -5.248109
10.665150 -0.220400 -5.248109
10.701150 -0.495700 -5.253032
10.642450 -0.799900 -5.259050
10.478050 -1.100700 -5.266161
10.207650 -1.362600 -5.274364
9.842550 -1.550200 -5.283660
9.405150 -1.632100 -5.294047
8.858250 -1.704800 -5.318094
8.927950 -1.584100 -5.305525
8.858250 1.704800 -5.318094
8.927950 1.584100 -5.305525
9.405150 1.632200 -5.294047
9.842550 1.550300 -5.283660
10.207650 1.362600 -5.274364
10.478050 1.100700 -5.266161
10.642450 0.800000 -5.259050
10.701150 0.495800 -5.253032
10.665150 0.220500 -5.248109
10.530150 -0.184200 -5.244279
10.554350 0.000000 -5.244279
10.580150 -0.425800 -5.248109
10.543650 -0.701100 -5.253032
10.408150 -0.979700 -5.259050
10.171450 -1.227700 -5.266161
9.842550 -1.410600 -5.274364
9.441250 -1.497400 -5.283660
8.997650 -1.463300 -5.294047
8.450550 -1.391900 -5.318094
8.549050 -1.293400 -5.305525
8.450550 1.392000 -5.318094
8.549050 1.293400 -5.305525
8.997650 1.463400 -5.294047
9.441250 1.497400 -5.283660
9.842550 1.410700 -5.274364
10.171450 1.227700 -5.266161
10.408150 0.979700 -5.259050
10.543650 0.701100 -5.253032
10.580150 0.425900 -5.248109
10.530150 0.184300 -5.244279
10.395050 -0.148000 -5.241543
10.414450 0.000000 -5.241543
10.458950 -0.355900 -5.244279
10.444750 -0.602200 -5.248109
10.338250 -0.858700 -5.253032
10.135350 -1.092700 -5.259050
9.842550 -1.271000 -5.266161
9.477450 -1.362600 -5.274364
9.067350 -1.342500 -5.283660
8.647650 -1.194800 -5.294047
8.137750 -0.984200 -5.318094
8.258350 -0.914600 -5.305525
8.137750 0.984300 -5.318094
8.258350 0.914600 -5.305525
8.647650 1.194900 -5.294047
9.067350 1.342600 -5.283660
9.477450 1.362600 -5.274364
9.842550 1.271000 -5.266161
10.135350 1.092800 -5.259050
10.338250 0.858700 -5.253032
10.444750 0.602300 -5.248109
10.458950 0.356000 -5.244279
10.395050 0.148100 -5.241543
10.134750 0.000000 -5.239354
10.124750 -0.075600 -5.239354
10.337850 -0.286000 -5.241543
10.345850 -0.503300 -5.244279
10.268350 -0.737600 -5.248109
10.099150 -0.957700 -5.253032
9.842550 -1.131300 -5.259050
9.513550 -1.227700 -5.266161
9.137150 -1.221600 -5.274364
8.746350 -1.096200 -5.283660
8.379150 -0.844900 -5.294047
7.941050 -0.509500 -5.318094
8.075650 -0.473400 -5.305525
7.941050 0.509500 -5.318094
8.075650 0.473400 -5.305525
8.379150 0.844900 -5.294047
8.746350 1.096200 -5.283660
9.137150 1.221700 -5.274364
9.513550 1.227700 -5.266161
9.842550 1.131300 -5.259050
10.099150 0.957700 -5.253032
10.268350 0.737600 -5.248109
10.345850 0.503400 -5.244279
10.337850 0.286000 -5.241543
10.124750 0.075700 -5.239354
9.766850 0.282300 -5.239354
9.918150 0.282300 -5.239354
9.842550 0.292200 -5.239354
9.696450 0.253100 -5.239354
9.988650 0.253100 -5.239354
10.049150 0.206600 -5.239354
9.635850 0.206600 -5.239354
10.095550 0.146100 -5.239354
9.589450 0.146100 -5.239354
9.560250 0.075700 -5.239354
9.550350 0.000000 -5.239354
9.560250 -0.075600 -5.239354
9.589450 -0.146100 -5.239354
10.095550 -0.146100 -5.239354
9.635850 -0.206600 -5.239354
10.049150 -0.206600 -5.239354
9.988650 -0.253000 -5.239354
9.696450 -0.253000 -5.239354
9.766850 -0.282200 -5.239354
9.918150 -0.282200 -5.239354
9.842550 -0.292200 -5.239354
10.246950 -0.404400 -5.241543
10.198450 -0.616500 -5.244279
10.062950 -0.822700 -5.248109
9.842550 -0.991500 -5.253032
9.549750 -1.092700 -5.259050
9.207050 -1.100700 -5.266161
8.845050 -0.997500 -5.274364
8.499950 -0.775100 -5.283660
8.210350 -0.437300 -5.294047
8.013350 0.000000 -5.305525
7.874050 0.000000 -5.318094
8.210350 0.437400 -5.294047
8.499950 0.775100 -5.283660
8.845050 0.997500 -5.274364
9.207050 1.100700 -5.266161
9.549750 1.092800 -5.259050
9.842550 0.991500 -5.253032
10.062950 0.822700 -5.248109
10.198450 0.616500 -5.244279
10.246950 0.404500 -5.241543
9.694450 -0.552500 -5.241543
9.842550 -0.572000 -5.241543
9.990550 -0.552500 -5.241543
10.128550 -0.495300 -5.241543
10.128550 0.495400 -5.241543
9.990550 0.552500 -5.241543
9.842550 0.572000 -5.241543
9.694450 0.552500 -5.241543
9.556550 0.495400 -5.241543
9.438050 0.404500 -5.241543
9.347150 0.286000 -5.241543
9.290050 0.148100 -5.241543
9.270550 0.000000 -5.241543
9.290050 -0.148000 -5.241543
9.347150 -0.286000 -5.241543
9.438050 -0.404400 -5.241543
9.556550 -0.495300 -5.241543
10.026750 -0.687600 -5.244279
9.842550 -0.851700 -5.248109
9.585850 -0.957700 -5.253032
9.276850 -0.979700 -5.259050
8.943750 -0.898700 -5.266161
8.620850 -0.705300 -5.274364
8.345050 -0.401200 -5.283660
8.152750 0.000000 -5.294047
8.345050 0.401300 -5.283660
8.620850 0.705300 -5.274364
8.943750 0.898800 -5.266161
9.276850 0.979700 -5.259050
9.585850 0.957700 -5.253032
9.842550 0.851700 -5.248109
10.026750 0.687600 -5.244279
9.658250 -0.687600 -5.244279
9.842550 -0.711800 -5.244279
9.842550 0.711900 -5.244279
9.658250 0.687600 -5.244279
9.486550 0.616500 -5.244279
9.339150 0.503400 -5.244279
9.226050 0.356000 -5.244279
9.154950 0.184300 -5.244279
9.130650 0.000000 -5.244279
9.154950 -0.184200 -5.244279
9.226050 -0.355900 -5.244279
9.339150 -0.503300 -5.244279
9.486550 -0.616500 -5.244279
9.622050 -0.822700 -5.248109
9.346750 -0.858700 -5.253032
9.042550 -0.799900 -5.259050
8.741750 -0.635500 -5.266161
8.479950 -0.365100 -5.274364
8.292250 0.000000 -5.283660
8.479950 0.365100 -5.274364
8.741750 0.635500 -5.266161
9.042550 0.800000 -5.259050
9.346750 0.858700 -5.253032
9.622050 0.822700 -5.248109
9.416650 0.737600 -5.248109
9.240250 0.602300 -5.248109
9.104950 0.425900 -5.248109
9.019850 0.220500 -5.248109
8.990850 0.000000 -5.248109
9.019850 -0.220400 -5.248109
9.104950 -0.425800 -5.248109
9.240250 -0.602200 -5.248109
9.416650 -0.737600 -5.248109
9.141450 -0.701100 -5.253032
8.862750 -0.565600 -5.259050
8.614850 -0.328900 -5.266161
8.431850 0.000000 -5.274364
8.614850 0.329000 -5.266161
8.862750 0.565700 -5.259050
9.141450 0.701100 -5.253032
8.983850 0.495800 -5.253032
8.884750 0.256600 -5.253032
8.850950 0.000000 -5.253032
8.884750 -0.256600 -5.253032
8.983850 -0.495700 -5.253032
8.749750 -0.292800 -5.259050
8.571550 0.000000 -5.266161
8.749750 0.292800 -5.259050
8.711250 0.000000 -5.259050
13.609450 -0.473400 8.603005
13.622050 0.000000 8.804705
13.609450 0.000000 8.665405
13.622050 -0.509500 8.737605
13.609450 0.473400 8.603005
13.622050 0.509500 8.737605
13.597950 0.000000 8.525905
13.597950 -0.437300 8.468405
13.609450 -0.914600 8.420305
13.622050 -0.984200 8.541005
13.622050 0.000000 8.804705
13.779550 -0.509500 8.737605
13.779550 0.000000 8.804705
13.622050 -0.509500 8.737605
13.609450 0.914600 8.420305
13.622050 0.984300 8.541005
13.597950 0.437400 8.468405
13.622050 0.509500 8.737605
13.779550 0.509500 8.737605
13.587650 -0.401200 8.333605
13.587650 0.000000 8.386405
13.597950 -0.844900 8.299605
13.609450 -1.293400 8.129605
13.622050 -1.391900 8.228105
13.779550 -0.984200 8.541005
13.622050 -0.984200 8.541005
13.779550 1.901500 7.345705
13.779550 1.901500 6.326705
13.779550 1.968500 6.836205
13.779550 1.704800 7.820505
13.779550 1.704800 5.851905
13.779550 1.392000 8.228105
13.779550 1.392000 5.444305
13.779550 0.984300 8.541005
13.779550 0.984300 5.131405
13.779550 0.509500 8.737605
13.779550 0.509500 4.934805
13.779550 0.000000 8.804705
13.779550 0.000000 4.867705
13.779550 -0.509500 8.737605
13.779550 -0.509500 4.934805
13.779550 -0.984200 8.541005
13.779550 -0.984200 5.131405
13.779550 -1.391900 8.228105
13.779550 -1.391900 5.444305
13.779550 -1.704800 7.820505
13.779550 -1.704800 5.851905
13.779550 -1.901400 7.345705
13.779550 -1.901400 6.326705
13.779550 -1.968500 6.836205
13.609450 1.293400 8.129605
13.622050 1.392000 8.228105
13.597950 0.844900 8.299605
13.622050 0.984300 8.541005
13.779550 0.984300 8.541005
13.587650 0.401300 8.333605
13.578350 -0.365100 8.198805
13.578350 0.000000 8.246905
13.587650 -0.775100 8.178705
13.597950 -1.194800 8.031005
13.609450 -1.584100 7.750805
13.622050 -1.704800 7.820505
13.779550 -1.391900 8.228105
13.622050 -1.391900 8.228105
13.622050 -1.704800 7.820505
13.779550 -1.704800 7.820505
13.622050 -1.901400 7.345705
13.779550 -1.901400 7.345705
13.622050 -1.968500 6.836205
13.779550 -1.968500 6.836205
13.622050 -1.901400 6.326705
13.779550 -1.901400 6.326705
13.622050 -1.704800 5.851905
13.779550 -1.704800 5.851905
13.622050 -1.391900 5.444305
13.779550 -1.391900 5.444305
13.779550 -0.984200 5.131405
13.622050 -0.984200 5.131405
13.779550 -0.509500 4.934805
13.622050 -0.509500 4.934805
13.779550 0.000000 4.867705
13.622050 0.000000 4.867705
13.779550 0.509500 4.934805
13.622050 0.509500 4.934805
13.779550 0.984300 5.131405
13.622050 0.984300 5.131405
13.779550 1.392000 5.444305
13.622050 1.392000 5.444305
13.622050 1.704800 5.851905
13.779550 1.704800 5.851905
13.622050 1.901500 6.326705
13.779550 1.901500 6.326705
13.622050 1.968500 6.836205
13.779550 1.968500 6.836205
13.622050 1.901500 7.345705
13.779550 1.901500 7.345705
13.622050 1.704800 7.820505
13.779550 1.704800 7.820505
13.622050 1.392000 8.228105
13.779550 1.392000 8.228105
13.609450 1.584100 7.750805
13.622050 1.704800 7.820505
13.597950 1.194900 8.031005
13.587650 0.775100 8.178705
13.578350 0.365100 8.198805
13.570150 0.000000 8.107205
13.570150 -0.328900 8.063905
13.578350 -0.705300 8.057905
13.587650 -1.096200 7.932405
13.597950 -1.463300 7.681105
13.609450 -1.766800 7.309605
13.622050 -1.901400 7.345705
13.609450 -1.829100 6.836205
13.622050 -1.968500 6.836205
13.622050 -1.901400 6.326705
13.609450 -1.766800 6.362805
13.622050 -1.704800 5.851905
13.609450 -1.584100 5.921605
13.622050 -1.391900 5.444305
13.609450 -1.293400 5.542805
13.622050 -0.984200 5.131405
13.609450 -0.914600 5.252105
13.622050 -0.509500 4.934805
13.609450 -0.473400 5.069405
13.609450 0.000000 5.007005
13.622050 0.000000 4.867705
13.609450 0.473400 5.069405
13.622050 0.509500 4.934805
13.609450 0.914600 5.252105
13.622050 0.984300 5.131405
13.609450 1.293400 5.542805
13.622050 1.392000 5.444305
13.609450 1.584100 5.921605
13.622050 1.704800 5.851905
13.609450 1.766900 6.362805
13.622050 1.901500 6.326705
13.609450 1.829200 6.836205
13.622050 1.968500 6.836205
13.622050 1.901500 7.345705
13.609450 1.766900 7.309605
13.597950 1.463400 7.681105
13.587650 1.096200 7.932405
13.578350 0.705300 8.057905
13.570150 0.329000 8.063905
13.562950 -0.292800 7.928905
13.562950 0.000000 7.967505
13.570150 -0.635500 7.936905
13.578350 -0.997500 7.833705
13.587650 -1.342500 7.611305
13.597950 -1.632100 7.273505
13.597950 -1.689700 6.836205
13.597950 -1.632100 6.398905
13.597950 -1.463300 5.991305
13.597950 -1.194800 5.641405
13.597950 -0.844900 5.372805
13.597950 -0.437300 5.204005
13.597950 0.000000 5.146505
13.597950 0.437400 5.204005
13.597950 0.844900 5.372805
13.597950 1.194900 5.641405
13.597950 1.463400 5.991305
13.597950 1.632200 6.398905
13.597950 1.689800 6.836205
13.597950 1.632200 7.273505
13.587650 1.342600 7.611305
13.578350 0.997500 7.833705
13.570150 0.635500 7.936905
13.562950 0.292800 7.928905
13.556950 -0.256600 7.793905
13.556950 0.000000 7.827705
13.562950 -0.565600 7.815905
13.570150 -0.898700 7.734905
13.578350 -1.221600 7.541505
13.587650 -1.497400 7.237405
13.587650 -1.550200 6.836205
13.587650 -1.497400 6.435005
13.587650 -1.342500 6.061105
13.587650 -1.096200 5.740005
13.587650 -0.775100 5.493705
13.587650 -0.401200 5.338805
13.587650 0.000000 5.286005
13.587650 0.401300 5.338805
13.587650 0.775100 5.493705
13.587650 1.096200 5.740005
13.587650 1.342600 6.061105
13.587650 1.497400 6.435005
13.587650 1.550300 6.836205
13.587650 1.497400 7.237405
13.578350 1.221700 7.541505
13.570150 0.898800 7.734905
13.562950 0.565700 7.815905
13.556950 0.256600 7.793905
13.552050 0.000000 7.687905
13.552050 -0.220400 7.658905
13.556950 -0.495700 7.694905
13.562950 -0.799900 7.636105
13.570150 -1.100700 7.471705
13.578350 -1.362600 7.201305
13.578350 -1.410600 6.836205
13.578350 -1.362600 6.471105
13.578350 -1.221600 6.130905
13.578350 -0.997500 5.838705
13.578350 -0.705300 5.614505
13.578350 -0.365100 5.473605
13.578350 0.000000 5.425605
13.578350 0.365100 5.473605
13.578350 0.705300 5.614505
13.578350 0.997500 5.838705
13.578350 1.221700 6.130905
13.578350 1.362600 6.471105
13.578350 1.410700 6.836205
13.578350 1.362600 7.201305
13.570150 1.100700 7.471705
13.562950 0.800000 7.636105
13.556950 0.495800 7.694905
13.552050 0.220500 7.658905
13.548250 -0.184200 7.523805
13.548250 0.000000 7.548105
13.552050 -0.425800 7.573805
13.556950 -0.701100 7.537305
13.562950 -0.979700 7.401805
13.570150 -1.227700 7.165205
13.570150 -1.271000 6.836205
13.570150 -1.227700 6.507205
13.570150 -1.100700 6.200705
13.570150 -0.898700 5.937505
13.570150 -0.635500 5.735505
13.570150 -0.328900 5.608505
13.570150 0.000000 5.565205
13.570150 0.329000 5.608505
13.570150 0.635500 5.735505
13.570150 0.898800 5.937505
13.570150 1.100700 6.200705
13.570150 1.227700 6.507205
13.570150 1.271000 6.836205
13.570150 1.227700 7.165205
13.562950 0.979700 7.401805
13.556950 0.701100 7.537305
13.552050 0.425900 7.573805
13.548250 0.184300 7.523805
13.545450 -0.148000 7.388705
13.545450 0.000000 7.408205
13.548250 -0.355900 7.452705
13.552050 -0.602200 7.438405
13.556950 -0.858700 7.332005
13.562950 -1.092700 7.129005
13.562950 -1.131300 6.836205
13.562950 -1.092700 6.543405
13.562950 -0.979700 6.270605
13.562950 -0.799900 6.036305
13.562950 -0.565600 5.856505
13.562950 -0.292800 5.743505
13.562950 0.000000 5.704905
13.562950 0.292800 5.743505
13.562950 0.565700 5.856505
13.562950 0.800000 6.036305
13.562950 0.979700 6.270605
13.562950 1.092800 6.543405
13.562950 1.131300 6.836205
13.562950 1.092800 7.129005
13.556950 0.858700 7.332005
13.552050 0.602300 7.438405
13.548250 0.356000 7.452705
13.545450 0.148100 7.388705
13.543250 0.000000 7.128405
13.543250 -0.075600 7.118405
13.545450 -0.286000 7.331605
13.548250 -0.503300 7.339605
13.552050 -0.737600 7.262105
13.556950 -0.957700 7.092805
13.556950 -0.991500 6.836205
13.556950 -0.957700 6.579605
13.556950 -0.858700 6.340405
13.556950 -0.701100 6.135105
13.556950 -0.495700 5.977505
13.556950 -0.256600 5.878505
13.556950 0.000000 5.844705
13.556950 0.256600 5.878505
13.556950 0.495800 5.977505
13.556950 0.701100 6.135105
13.556950 0.858700 6.340405
13.556950 0.957700 6.579605
13.556950 0.991500 6.836205
13.556950 0.957700 7.092805
13.552050 0.737600 7.262105
13.548250 0.503400 7.339605
13.545450 0.286000 7.331605
13.543250 0.075700 7.118405
13.543250 0.282300 6.760605
13.543250 0.282300 6.911805
13.543250 0.292200 6.836205
13.543250 0.253100 6.690105
13.543250 0.253100 6.982305
13.543250 0.206600 7.042805
13.543250 0.206600 6.629605
13.543250 0.146100 7.089305
13.543250 0.146100 6.583105
13.543250 0.075700 6.554005
13.543250 0.000000 6.544005
13.543250 -0.075600 6.554005
13.543250 -0.146100 6.583105
13.543250 -0.146100 7.089305
13.543250 -0.206600 6.629605
13.543250 -0.206600 7.042805
13.543250 -0.253000 6.982305
13.543250 -0.253000 6.690105
13.543250 -0.282200 6.760605
13.543250 -0.282200 6.911805
13.543250 -0.292200 6.836205
13.545450 -0.404400 7.240705
13.548250 -0.616500 7.192105
13.552050 -0.822700 7.056605
13.552050 -0.851700 6.836205
13.552050 -0.822700 6.615805
13.552050 -0.737600 6.410405
13.552050 -0.602200 6.234005
13.552050 -0.425800 6.098605
13.552050 -0.220400 6.013505
13.552050 0.000000 5.984505
13.552050 0.220500 6.013505
13.552050 0.425900 6.098605
13.552050 0.602300 6.234005
13.552050 0.737600 6.410405
13.552050 0.822700 6.615805
13.552050 0.851700 6.836205
13.552050 0.822700 7.056605
13.548250 0.616500 7.192105
13.545450 0.404500 7.240705
13.545450 -0.552500 6.688205
13.545450 -0.572000 6.836205
13.545450 -0.552500 6.984205
13.545450 -0.495300 7.122205
13.545450 0.495400 7.122205
13.545450 0.552500 6.984205
13.545450 0.572000 6.836205
13.545450 0.552500 6.688205
13.545450 0.495400 6.550205
13.545450 0.404500 6.431705
13.545450 0.286000 6.340805
13.545450 0.148100 6.283705
13.545450 0.000000 6.264205
13.545450 -0.148000 6.283705
13.545450 -0.286000 6.340805
13.545450 -0.404400 6.431705
13.545450 -0.495300 6.550205
13.548250 -0.687600 7.020405
13.548250 -0.711800 6.836205
13.548250 -0.687600 6.652005
13.548250 -0.616500 6.480305
13.548250 -0.503300 6.332805
13.548250 -0.355900 6.219705
13.548250 -0.184200 6.148605
13.548250 0.000000 6.124305
13.548250 0.184300 6.148605
13.548250 0.356000 6.219705
13.548250 0.503400 6.332805
13.548250 0.616500 6.480305
13.548250 0.687600 6.652005
13.548250 0.711900 6.836205
13.548250 0.687600 7.020405
-6.889750 -37.598400 10.036205
7.024750 -37.598400 11.617305
-7.024850 -37.598400 11.617305
6.889750 -37.598400 10.036205
-6.889750 -37.598400 10.036205
6.889750 -35.236200 10.036205
-6.889750 -35.236200 10.036205
6.889750 -37.598400 10.036205
7.024750 -34.770400 11.617305
6.889750 -37.598400 10.036205
6.889750 -35.236200 10.036205
7.024750 -37.598400 11.617305
-7.024850 -37.598400 11.617305
7.024750 -34.770400 11.617305
-7.024850 -34.770400 11.617305
7.024750 -37.598400 11.617305
-7.024850 -37.598400 11.617305
-6.889750 -35.236200 10.036205
-6.889750 -37.598400 10.036205
-7.024850 -34.770400 11.617305
-6.102350 -31.949900 4.193935
6.889750 -35.236200 10.036205
-6.889750 -35.236200 10.036205
6.102350 -31.949900 4.193935
-6.889750 -35.236200 10.036205
7.024750 -34.770400 11.617305
-7.024850 -34.770400 11.617305
6.889750 -35.236200 10.036205
6.102350 -30.920500 4.773005
6.889750 -35.236200 10.036205
6.102350 -31.949900 4.193935
7.024750 -34.770400 11.617305
7.024750 -34.770400 11.617305
-6.102350 -30.920500 4.773005
-7.024850 -34.770400 11.617305
6.102350 -30.920500 4.773005
-6.889750 -35.236200 10.036205
-6.102350 -30.920500 4.773005
-6.102350 -31.949900 4.193935
-7.024850 -34.770400 11.617305
6.102350 -31.949900 4.193935
-6.102350 -30.920500 4.773005
6.102350 -30.920500 4.773005
-6.102350 -31.949900 4.193935
6.889750 37.598450 10.036205
-6.889750 37.598450 10.036205
7.024750 37.598450 11.617305
-7.024850 37.598450 11.617305
6.889750 37.598450 10.036205
-6.889750 37.598450 10.036205
6.889750 35.236240 10.036205
-6.889750 35.236240 10.036205
7.024750 37.598450 11.617305
7.024750 34.770450 11.617305
6.889750 37.598450 10.036205
6.889750 35.236240 10.036205
7.024750 37.598450 11.617305
-7.024850 37.598450 11.617305
7.024750 34.770450 11.617305
-7.024850 34.770450 11.617305
-7.024850 34.770450 11.617305
-7.024850 37.598450 11.617305
-6.889750 35.236240 10.036205
-6.889750 37.598450 10.036205
6.102350 31.949950 4.193935
-6.102350 31.949950 4.193935
6.889750 35.236240 10.036205
-6.889750 35.236240 10.036205
6.889750 35.236240 10.036205
-6.889750 35.236240 10.036205
7.024750 34.770450 11.617305
-7.024850 34.770450 11.617305
7.024750 34.770450 11.617305
6.102350 30.920530 4.773005
6.889750 35.236240 10.036205
6.102350 31.949950 4.193935
6.102350 30.920530 4.773005
7.024750 34.770450 11.617305
-6.102350 30.920530 4.773005
-7.024850 34.770450 11.617305
-7.024850 34.770450 11.617305
-6.889750 35.236240 10.036205
-6.102350 30.920530 4.773005
-6.102350 31.949950 4.193935
-6.102350 31.949950 4.193935
6.102350 31.949950 4.193935
-6.102350 30.920530 4.773005
6.102350 30.920530 4.773005
