-10.828170 -19.685050 12.522650
-10.826790 -19.685050 12.522650
-13.779550 -35.433050 -0.576050
-13.779550 -35.433050 10.817850
-13.779550 -35.433050 -0.742850
-13.779550 -35.433050 -0.917850
-13.779550 -35.433050 -1.100750
-13.779550 -35.433050 -1.291450
-13.779550 -35.433050 -1.489950
-13.779550 -35.433050 -1.696050
-13.779550 -35.433050 -1.909550
-13.779550 -35.433050 -2.130450
-13.779550 -35.433050 -2.358450
-13.779550 -35.433050 -2.593550
-13.779550 -35.433050 -2.835440
-13.779550 -35.433050 -12.804150
-13.779550 35.433050 -12.804150
-0.000050 35.433050 -12.804150
13.779550 35.433050 -12.804150
13.779550 -35.433050 -12.804150
13.779550 -35.433050 10.817850
-0.000050 -35.433050 -12.804150
-0.000050 -25.081650 -12.804150
-0.000050 -22.719450 -12.804150
1.211250 -24.015550 -10.048240
-1.150950 -24.015550 -10.048240
13.443150 34.406950 11.602550
13.377150 34.368850 11.788150
13.552250 34.185850 11.602550
13.481750 34.156650 11.788150
13.631450 33.952350 11.602550
13.557850 33.932650 11.788150
13.293350 34.320450 11.963950
13.392450 34.119650 11.963950
13.306250 34.611950 11.602550
13.245750 34.565550 11.788150
13.490550 34.434250 11.409550
13.602750 34.206750 11.409550
13.679550 33.710550 11.602550
13.603950 33.700650 11.788150
13.464350 33.907650 11.963950
13.684350 33.966550 11.409550
13.192850 34.262450 12.127750
13.285150 34.075250 12.127750
13.168950 34.506650 11.963950
13.143650 34.797250 11.602550
13.089750 34.743350 11.788150
13.349650 34.645250 11.409550
13.518750 34.450550 11.211550
13.632750 34.219150 11.211550
13.692450 33.513250 11.602550
13.616450 33.510850 11.788150
13.508050 33.688050 11.963950
13.733750 33.717750 11.409550
13.352250 33.877550 12.127750
13.715650 33.974950 11.211550
13.076950 34.195450 12.277350
13.161550 34.023950 12.277350
13.076950 34.435950 12.127750
13.021350 34.674950 11.963950
12.911950 34.899350 11.788150
12.958350 34.959850 11.602550
13.182350 34.835950 11.409550
13.375450 34.664950 11.211550
12.204750 33.464550 11.211550
12.201350 33.515950 11.211550
12.321350 35.369250 11.211550
12.191250 33.566450 11.211550
12.174750 33.615250 11.211550
12.151950 33.661450 11.211550
12.123350 33.704250 11.211550
12.089350 33.742950 11.211550
12.068350 35.419650 11.211550
12.050650 33.776950 11.211550
12.007850 33.805550 11.211550
11.961650 33.828350 11.211550
11.912850 33.844850 11.211550
11.862550 35.433050 11.211550
11.862350 33.854950 11.211550
11.810950 33.858250 11.211550
11.417350 35.433050 11.211550
11.417350 33.858250 11.211550
13.779550 33.070850 11.211550
13.779550 -33.070850 11.211550
13.779550 33.516150 11.211550
13.766050 33.721950 11.211550
13.715650 33.974950 11.211550
13.632750 34.219150 11.211550
13.518750 34.450550 11.211550
13.375450 34.664950 11.211550
13.205350 34.858950 11.211550
13.011450 35.028950 11.211550
12.796950 35.172250 11.211550
12.565650 35.286350 11.211550
12.204750 33.070850 11.211550
12.204750 -33.070850 11.211550
13.692450 33.070850 11.602550
13.616450 33.070850 11.788150
13.519850 33.507650 11.963950
13.747050 33.515050 11.409550
13.392950 33.672850 12.127750
13.766050 33.721950 11.211550
13.222950 33.842950 12.277350
13.022950 33.966650 12.410950
12.947050 34.120550 12.410950
12.970750 34.354450 12.277350
12.939250 34.592850 12.127750
12.853050 34.822550 11.963950
12.715250 35.030750 11.788150
12.753350 35.096750 11.602550
12.991650 35.003250 11.409550
13.205350 34.858950 11.211550
13.779550 33.070850 11.211550
13.747050 33.070850 11.409550
13.779550 -33.070850 11.211550
13.747050 -33.070850 11.409550
13.779550 33.516150 11.211550
13.779550 33.070850 11.211550
13.747050 33.070850 11.409550
13.011450 35.028950 11.211550
12.780650 35.144150 11.409550
12.796950 35.172250 11.211550
12.553150 35.256350 11.409550
12.565650 35.286350 11.211550
12.312950 35.337850 11.409550
12.321350 35.369250 11.211550
12.064150 35.387350 11.409550
12.068350 35.419650 11.211550
11.861450 35.400650 11.409550
11.862550 35.433050 11.211550
11.417350 35.400650 11.409550
11.417350 35.433050 11.211550
11.417350 35.400650 11.409550
11.417350 35.433050 11.211550
11.417350 35.346050 11.602550
11.417350 35.270050 11.788150
11.417350 35.173450 11.963950
11.417350 35.057650 12.127750
11.417350 34.924050 12.277350
11.417350 34.774450 12.410950
11.417350 34.610650 12.526750
11.417350 34.434850 12.623350
11.417350 34.249250 12.699350
11.417350 34.056250 12.753950
11.417350 33.858250 12.786450
11.417350 33.858250 11.211550
11.810950 33.858250 12.786450
11.417350 33.858250 12.786450
11.810950 33.858250 11.211550
11.417350 33.858250 11.211550
11.862350 33.854950 12.786450
11.862350 33.854950 11.211550
11.912850 33.844850 12.786450
11.912850 33.844850 11.211550
11.961650 33.828350 12.786450
11.961650 33.828350 11.211550
12.007850 33.805550 12.786450
12.007850 33.805550 11.211550
12.050650 33.776950 12.786450
12.050650 33.776950 11.211550
12.089350 33.742950 12.786450
12.089350 33.742950 11.211550
12.123350 33.704250 12.786450
12.123350 33.704250 11.211550
12.151950 33.661450 12.786450
12.151950 33.661450 11.211550
12.174750 33.615250 12.786450
12.174750 33.615250 11.211550
12.191250 33.566450 12.786450
12.191250 33.566450 11.211550
12.201350 33.515950 12.786450
12.201350 33.515950 11.211550
12.204750 33.464550 12.786450
12.204750 33.464550 11.211550
12.204750 33.070850 12.786450
12.204750 33.070850 11.211550
12.204750 32.902150 12.786450
12.204750 -31.496040 12.786450
12.204750 -33.070850 12.786450
12.204750 -33.070850 11.211550
12.402650 -33.070850 12.753950
12.204750 -33.070850 12.786450
12.595650 -33.070850 12.699350
12.781250 -33.070850 12.623350
12.957050 -33.070850 12.526750
13.120850 -33.070850 12.410950
13.270450 -33.070850 12.277350
13.404050 -33.070850 12.127750
13.519850 -33.070850 11.963950
13.616450 -33.070850 11.788150
13.692450 -33.070850 11.602550
13.747050 -33.070850 11.409550
13.779550 -33.070850 11.211550
12.204750 -33.070850 11.211550
13.692450 33.070850 11.602550
13.616450 33.070850 11.788150
13.692450 -33.070850 11.602550
13.616450 -33.070850 11.788150
13.519850 33.070850 11.963950
13.404050 33.503850 12.127750
13.260250 33.655350 12.277350
13.078150 33.804150 12.410950
12.871350 33.903750 12.526750
12.804950 34.038450 12.526750
12.851750 34.263150 12.410950
12.844650 34.498250 12.277350
12.782350 34.730450 12.127750
12.666850 34.946950 11.963950
12.503050 35.135350 11.788150
12.532250 35.205850 11.602550
13.747050 33.070850 11.409550
13.692450 33.070850 11.602550
13.747050 -33.070850 11.409550
13.692450 -33.070850 11.602550
12.298750 35.285050 11.602550
12.056950 35.333150 11.602550
11.859750 35.346050 11.602550
11.417350 35.346050 11.602550
-12.204750 33.464550 11.211550
-12.321410 35.369250 11.211550
-12.204750 33.070850 11.211550
-12.565650 35.286350 11.211550
-12.796988 35.172250 11.211550
-13.011452 35.028950 11.211550
-13.205378 34.858950 11.211550
-13.375446 34.664950 11.211550
-13.518747 34.450550 11.211550
-13.632828 34.219150 11.211550
-13.715739 33.974950 11.211550
-13.766059 33.721950 11.211550
-13.779550 33.070850 11.211550
-13.779550 33.516150 11.211550
11.417350 33.858250 11.211550
11.417350 35.433050 11.211550
-11.417350 33.858250 11.211550
-11.417350 35.433050 11.211550
-11.811050 33.858250 11.211550
-11.862430 33.854950 11.211550
-11.862600 35.433050 11.211550
-11.912940 33.844850 11.211550
-11.961710 33.828350 11.211550
-12.007900 33.805550 11.211550
-12.050720 33.776950 11.211550
-12.068430 35.419650 11.211550
-12.089430 33.742950 11.211550
-12.123390 33.704250 11.211550
-12.152000 33.661450 11.211550
-12.174780 33.615250 11.211550
-12.191330 33.566450 11.211550
-12.201380 33.515950 11.211550
-11.417350 35.400650 11.409550
-11.861540 35.400650 11.409550
11.417350 35.400650 11.409550
11.417350 35.433050 11.211550
-11.417350 35.433050 11.211550
-11.862600 35.433050 11.211550
-11.417350 35.346050 11.602550
-11.859750 35.346050 11.602550
11.417350 35.346050 11.602550
11.417350 35.400650 11.409550
-11.417350 35.400650 11.409550
-11.861540 35.400650 11.409550
11.417350 35.270050 11.788150
11.857250 35.270050 11.788150
-11.417350 35.270050 11.788150
-11.857260 35.270050 11.788150
11.417350 35.270050 11.788150
11.417350 35.346050 11.602550
-11.417350 35.346050 11.602550
-11.859750 35.346050 11.602550
11.417350 35.173450 11.963950
11.854050 35.173450 11.963950
-11.417350 35.173450 11.963950
-11.854100 35.173450 11.963950
11.417350 35.173450 11.963950
11.417350 35.270050 11.788150
-11.417350 35.270050 11.788150
-11.857260 35.270050 11.788150
11.417350 35.057650 12.127750
11.850250 35.057650 12.127750
-11.417350 35.057650 12.127750
-11.850310 35.057650 12.127750
11.417350 35.057650 12.127750
11.417350 35.173450 11.963950
-11.417350 35.173450 11.963950
-11.854100 35.173450 11.963950
11.417350 34.924050 12.277350
11.845850 34.924050 12.277350
-11.417350 34.924050 12.277350
-11.845940 34.924050 12.277350
11.417350 34.924050 12.277350
11.417350 35.057650 12.127750
-11.417350 35.057650 12.127750
-11.850310 35.057650 12.127750
11.840950 34.774450 12.410950
11.417350 34.774450 12.410950
11.417350 34.924050 12.277350
11.417350 34.774450 12.410950
-11.417350 34.924050 12.277350
-11.417350 34.774450 12.410950
-11.841040 34.774450 12.410950
-11.845940 34.924050 12.277350
11.835650 34.610650 12.526750
11.417350 34.610650 12.526750
11.417350 34.774450 12.410950
11.417350 34.610650 12.526750
-11.417350 34.774450 12.410950
-11.417350 34.610650 12.526750
-11.835680 34.610650 12.526750
-11.841040 34.774450 12.410950
11.829850 34.434850 12.623350
11.417350 34.434850 12.623350
11.417350 34.610650 12.526750
11.417350 34.434850 12.623350
-11.417350 34.610650 12.526750
-11.417350 34.434850 12.623350
-11.829920 34.434850 12.623350
-11.835680 34.610650 12.526750
11.823750 34.249250 12.699350
11.417350 34.249250 12.699350
11.417350 34.434850 12.623350
11.417350 34.249250 12.699350
-11.417350 34.434850 12.623350
-11.417350 34.249250 12.699350
-11.823840 34.249250 12.699350
-11.829920 34.434850 12.623350
11.817450 34.056250 12.753950
11.417350 34.056250 12.753950
11.417350 34.249250 12.699350
11.417350 34.056250 12.753950
-11.417350 34.249250 12.699350
-11.417350 34.056250 12.753950
-11.817530 34.056250 12.753950
-11.823840 34.249250 12.699350
11.810950 33.858250 12.786450
11.417350 33.858250 12.786450
11.417350 34.056250 12.753950
11.417350 33.858250 12.786450
-11.417350 34.056250 12.753950
-11.417350 33.858250 12.786450
-11.811050 33.858250 12.786450
-11.817530 34.056250 12.753950
-11.417350 33.858250 12.786450
11.417350 33.858250 12.786450
-11.811050 33.858250 12.786450
-11.811050 33.858250 11.211550
-11.417350 33.858250 11.211550
11.417350 33.858250 11.211550
11.888250 34.051550 12.753950
11.862350 33.854950 12.786450
11.964250 34.036450 12.753950
11.912850 33.844850 12.786450
12.037550 34.011550 12.753950
11.961650 33.828350 12.786450
12.107050 33.977350 12.753950
12.007850 33.805550 12.786450
12.171450 33.934350 12.753950
12.050650 33.776950 12.786450
12.229650 33.883250 12.753950
12.089350 33.742950 12.786450
12.280750 33.825050 12.753950
12.123350 33.704250 12.786450
12.323750 33.760650 12.753950
12.151950 33.661450 12.786450
12.358050 33.691150 12.753950
12.174750 33.615250 12.786450
12.382850 33.617850 12.753950
12.191250 33.566450 12.786450
12.398050 33.541850 12.753950
12.201350 33.515950 12.786450
12.402650 33.471050 12.753950
12.204750 33.464550 12.786450
12.402650 33.070850 12.753950
12.204750 33.070850 12.786450
12.402650 -33.070850 12.753950
12.402650 33.070850 12.753950
12.204750 -33.070850 12.786450
12.204750 -31.496040 12.786450
12.204750 32.902150 12.786450
12.204750 33.070850 12.786450
13.747050 -33.070850 11.409550
13.779550 -33.070850 11.211550
13.747050 -33.515040 11.409550
13.779550 -33.516100 11.211550
12.204750 -33.464550 11.211550
12.201350 -33.515930 11.211550
12.321350 -35.369239 11.211550
12.191250 -33.566440 11.211550
12.174750 -33.615210 11.211550
12.151950 -33.661400 11.211550
12.123350 -33.704220 11.211550
12.089350 -33.742930 11.211550
12.068350 -35.419559 11.211550
12.050650 -33.776890 11.211550
12.007850 -33.805500 11.211550
11.961650 -33.828280 11.211550
11.912850 -33.844830 11.211550
11.862550 -35.433050 11.211550
11.862350 -33.854880 11.211550
11.810950 -33.858250 11.211550
11.417350 -35.433050 11.211550
11.417350 -33.858250 11.211550
-11.417350 -35.433050 11.211550
-11.417350 -33.858250 11.211550
13.779550 -33.516100 11.211550
13.779550 -33.070850 11.211550
13.766050 -33.721930 11.211550
13.715650 -33.974910 11.211550
13.632750 -34.219150 11.211550
13.518750 -34.450488 11.211550
13.375450 -34.664952 11.211550
13.205350 -34.858878 11.211550
13.011450 -35.028946 11.211550
12.796950 -35.172247 11.211550
12.565650 -35.286328 11.211550
12.204750 -33.070850 11.211550
12.204750 -33.070850 11.211550
12.204750 -33.070850 12.786450
12.204750 -33.464550 11.211550
12.204750 -33.464550 12.786450
12.402650 -33.070850 12.753950
12.402650 -33.471030 12.753950
12.204750 -33.070850 12.786450
12.204750 -33.464550 12.786450
12.595650 -33.070850 12.699350
12.595650 -33.477340 12.699350
12.402650 -33.070850 12.753950
12.402650 -33.471030 12.753950
12.595650 33.070850 12.699350
12.402650 33.070850 12.753950
12.595650 -33.070850 12.699350
12.402650 -33.070850 12.753950
12.781250 -33.070850 12.623350
12.781250 -33.483420 12.623350
12.595650 -33.070850 12.699350
12.595650 -33.477340 12.699350
12.781250 33.070850 12.623350
12.595650 33.070850 12.699350
12.781250 -33.070850 12.623350
12.595650 -33.070850 12.699350
12.957050 -33.070850 12.526750
12.957050 -33.489180 12.526750
12.781250 -33.070850 12.623350
12.781250 -33.483420 12.623350
12.957050 33.070850 12.526750
12.781250 33.070850 12.623350
12.957050 -33.070850 12.526750
12.781250 -33.070850 12.623350
13.120850 -33.070850 12.410950
13.120850 -33.494540 12.410950
12.957050 -33.070850 12.526750
12.957050 -33.489180 12.526750
13.120850 -33.070850 12.410950
13.120850 33.070850 12.410950
12.957050 -33.070850 12.526750
12.957050 33.070850 12.526750
13.270450 -33.070850 12.277350
13.270450 -33.499440 12.277350
13.120850 -33.070850 12.410950
13.120850 -33.494540 12.410950
13.270450 33.070850 12.277350
13.120850 33.070850 12.410950
13.270450 -33.070850 12.277350
13.120850 -33.070850 12.410950
13.270450 -33.070850 12.277350
13.404050 -33.070850 12.127750
13.270450 -33.499440 12.277350
13.404050 -33.503810 12.127750
13.404050 33.070850 12.127750
13.270450 33.070850 12.277350
13.404050 -33.070850 12.127750
13.270450 -33.070850 12.277350
13.404050 -33.070850 12.127750
13.519850 -33.070850 11.963950
13.404050 -33.503810 12.127750
13.519850 -33.507600 11.963950
13.519850 33.070850 11.963950
13.404050 33.070850 12.127750
13.519850 -33.070850 11.963950
13.404050 -33.070850 12.127750
13.519850 -33.070850 11.963950
13.616450 -33.070850 11.788150
13.519850 -33.507600 11.963950
13.616450 -33.510760 11.788150
13.616450 33.070850 11.788150
13.519850 33.070850 11.963950
13.616450 -33.070850 11.788150
13.519850 -33.070850 11.963950
13.616450 -33.070850 11.788150
13.692450 -33.070850 11.602550
13.616450 -33.510760 11.788150
13.692450 -33.513250 11.602550
13.692450 -33.070850 11.602550
13.747050 -33.070850 11.409550
13.692450 -33.513250 11.602550
13.747050 -33.515040 11.409550
13.404050 33.070850 12.127750
13.270450 33.499450 12.277350
13.111550 33.635850 12.410950
12.919550 33.761650 12.526750
12.708550 33.836350 12.623350
12.652350 33.950350 12.623350
12.721550 34.163250 12.526750
12.738550 34.392150 12.410950
12.700850 34.624250 12.277350
12.608850 34.846450 12.127750
12.466050 35.045950 11.963950
12.279050 35.211450 11.788150
12.047050 35.257550 11.788150
-11.961710 33.828350 12.786450
-11.912940 33.844850 12.786450
-11.961710 33.828350 11.211550
-11.912940 33.844850 11.211550
-12.007900 33.805550 12.786450
-12.007900 33.805550 11.211550
-12.050720 33.776950 12.786450
-12.050720 33.776950 11.211550
-12.089430 33.742950 12.786450
-12.089430 33.742950 11.211550
-12.123390 33.704250 12.786450
-12.123390 33.704250 11.211550
-12.152000 33.661450 12.786450
-12.152000 33.661450 11.211550
-12.174780 33.615250 12.786450
-12.174780 33.615250 11.211550
-12.191330 33.566450 12.786450
-12.191330 33.566450 11.211550
-12.201380 33.515950 12.786450
-12.201380 33.515950 11.211550
-12.204750 33.464550 12.786450
-12.204750 33.464550 11.211550
-12.204750 33.070850 12.786450
-12.204750 33.070850 11.211550
-12.402690 33.070850 12.753950
-12.204750 33.070850 12.786450
-12.595700 33.070850 12.699350
-12.781308 33.070850 12.623350
-12.957125 33.070850 12.526750
-13.120901 33.070850 12.410950
-13.270537 33.070850 12.277350
-13.404114 33.070850 12.127750
-13.519922 33.070850 11.963950
-13.616474 33.070850 11.788150
-13.692533 33.070850 11.602550
-13.747125 33.070850 11.409550
-13.779550 33.070850 11.211550
-12.204750 33.070850 11.211550
-13.779550 33.516150 11.211550
-13.747125 33.515050 11.409550
-13.779550 33.070850 11.211550
-13.747125 33.070850 11.409550
-13.766059 33.721950 11.211550
-13.733843 33.717750 11.409550
-13.715739 33.974950 11.211550
-13.684352 33.966550 11.409550
-13.632828 34.219150 11.211550
-13.602808 34.206750 11.409550
-13.518747 34.450550 11.211550
-13.490606 34.434250 11.409550
-13.375446 34.664950 11.211550
-13.349667 34.645250 11.409550
-13.205378 34.858950 11.211550
-13.182401 34.835950 11.409550
-12.991671 35.003250 11.409550
-13.011452 35.028950 11.211550
-12.780740 35.144150 11.409550
-12.796988 35.172250 11.211550
-12.553220 35.256350 11.409550
-12.565650 35.286350 11.211550
-12.313000 35.337850 11.409550
-12.321410 35.369250 11.211550
-12.064190 35.387350 11.409550
-12.068430 35.419650 11.211550
-11.862430 33.854950 12.786450
-11.862430 33.854950 11.211550
-12.057050 35.333150 11.602550
-12.064190 35.387350 11.409550
-12.047100 35.257550 11.788150
-12.057050 35.333150 11.602550
12.034450 35.161650 11.963950
-12.034470 35.161650 11.963950
-12.047100 35.257550 11.788150
12.019250 35.046550 12.127750
-12.019320 35.046550 12.127750
-12.034470 35.161650 11.963950
12.001850 34.913850 12.277350
-12.001850 34.913850 12.277350
-12.019320 35.046550 12.127750
11.982250 34.765150 12.410950
-11.982270 34.765150 12.410950
-12.001850 34.913850 12.277350
11.960850 34.602450 12.526750
-11.960850 34.602450 12.526750
-11.982270 34.765150 12.410950
11.937850 34.427750 12.623350
-11.937850 34.427750 12.623350
-11.960850 34.602450 12.526750
11.913550 34.243350 12.699350
-11.913570 34.243350 12.699350
-11.937850 34.427750 12.623350
-11.888330 34.051550 12.753950
-11.913570 34.243350 12.699350
11.810950 33.464550 12.786450
11.810950 33.858250 12.786450
11.810950 32.902150 12.786450
11.417350 33.858250 12.786450
-0.000050 32.902150 12.786450
-11.417350 33.858250 12.786450
-11.811050 33.858250 12.786450
-11.811050 32.902150 12.786450
-11.862430 33.854950 12.786450
-11.912940 33.844850 12.786450
-11.961710 33.828350 12.786450
-12.007900 33.805550 12.786450
-12.050720 33.776950 12.786450
-12.089430 33.742950 12.786450
-12.123390 33.704250 12.786450
-12.152000 33.661450 12.786450
-12.174780 33.615250 12.786450
-12.191330 33.566450 12.786450
-12.201380 33.515950 12.786450
-12.204750 32.902150 12.786450
-12.204750 33.070850 12.786450
-12.204750 33.464550 12.786450
-11.862430 33.854950 12.786450
-11.888330 34.051550 12.753950
12.201350 33.515950 12.786450
12.191250 33.566450 12.786450
12.204750 33.464550 12.786450
12.174750 33.615250 12.786450
12.151950 33.661450 12.786450
12.123350 33.704250 12.786450
12.089350 33.742950 12.786450
12.050650 33.776950 12.786450
12.007850 33.805550 12.786450
11.961650 33.828350 12.786450
11.912850 33.844850 12.786450
11.862350 33.854950 12.786450
12.014350 34.223350 12.699350
12.111550 34.190250 12.699350
12.203750 34.144850 12.699350
12.289150 34.087750 12.699350
12.366450 34.020050 12.699350
12.434150 33.942750 12.699350
12.491250 33.857350 12.699350
12.536750 33.765150 12.699350
12.569750 33.667850 12.699350
12.589750 33.567150 12.699350
12.595650 33.477350 12.699350
12.204750 33.070850 12.786450
12.204750 32.902150 12.786450
12.595650 33.070850 12.699350
12.204750 -33.070850 12.786450
12.204750 -31.496040 12.786450
12.204750 -33.464550 12.786450
12.201350 -33.515930 12.786450
12.191250 -33.566440 12.786450
12.174750 -33.615210 12.786450
12.151950 -33.661400 12.786450
12.123350 -33.704220 12.786450
12.089350 -33.742930 12.786450
12.050650 -33.776890 12.786450
12.007850 -33.805500 12.786450
11.961650 -33.828280 12.786450
11.912850 -33.844830 12.786450
11.862350 -33.854880 12.786450
11.810950 -33.858250 12.786450
11.777950 -33.858250 12.786450
11.777950 -31.496040 12.786450
11.810950 -19.685050 12.786450
11.777950 -20.567650 12.786450
11.810950 5.905550 12.786450
11.810950 19.685050 12.786450
13.733750 -33.717690 11.409550
13.766050 -33.721930 11.211550
13.684350 -33.966500 11.409550
13.715650 -33.974910 11.211550
13.602750 -34.206720 11.409550
13.632750 -34.219150 11.211550
13.490550 -34.434240 11.409550
13.518750 -34.450488 11.211550
13.349650 -34.645171 11.409550
13.375450 -34.664952 11.211550
13.182350 -34.835901 11.409550
13.205350 -34.858878 11.211550
12.991650 -35.003167 11.409550
13.011450 -35.028946 11.211550
12.780650 -35.144106 11.409550
12.796950 -35.172247 11.211550
12.553150 -35.256308 11.409550
12.565650 -35.286328 11.211550
12.312950 -35.337852 11.409550
12.321350 -35.369239 11.211550
12.064150 -35.387343 11.409550
12.068350 -35.419559 11.211550
11.861450 -35.400625 11.409550
11.862550 -35.433050 11.211550
11.417350 -35.400625 11.409550
-11.417350 -35.400625 11.409550
-11.417350 -35.433050 11.211550
11.417350 -35.433050 11.211550
-11.417350 -33.858250 12.786450
-11.417350 -34.056190 12.753950
-11.417350 -33.858250 11.211550
-11.417350 -34.249200 12.699350
-11.417350 -34.434808 12.623350
-11.417350 -34.610625 12.526750
-11.417350 -34.774401 12.410950
-11.417350 -34.924037 12.277350
-11.417350 -35.057614 12.127750
-11.417350 -35.173422 11.963950
-11.417350 -35.269974 11.788150
-11.417350 -35.346033 11.602550
-11.417350 -35.400625 11.409550
-11.417350 -35.433050 11.211550
11.777950 -33.858250 12.786450
11.417350 -33.858250 12.786450
11.810950 -33.858250 12.786450
-11.417350 -33.858250 12.786450
11.810950 -33.858250 11.211550
11.417350 -33.858250 11.211550
-11.417350 -33.858250 11.211550
11.862350 -33.854880 12.786450
11.862350 -33.854880 11.211550
11.912850 -33.844830 12.786450
11.912850 -33.844830 11.211550
11.961650 -33.828280 12.786450
11.961650 -33.828280 11.211550
12.007850 -33.805500 12.786450
12.007850 -33.805500 11.211550
12.050650 -33.776890 12.786450
12.050650 -33.776890 11.211550
12.089350 -33.742930 12.786450
12.089350 -33.742930 11.211550
12.123350 -33.704220 11.211550
12.123350 -33.704220 12.786450
12.151950 -33.661400 11.211550
12.151950 -33.661400 12.786450
12.174750 -33.615210 11.211550
12.174750 -33.615210 12.786450
12.191250 -33.566440 11.211550
12.191250 -33.566440 12.786450
12.201350 -33.515930 11.211550
12.201350 -33.515930 12.786450
12.398050 -33.541830 12.753950
12.201350 -33.515930 12.786450
12.589750 -33.567070 12.699350
12.398050 -33.541830 12.753950
12.774150 -33.591350 12.623350
12.589750 -33.567070 12.699350
12.781250 33.070850 12.623350
12.781250 33.483450 12.623350
12.948850 -33.614350 12.526750
12.774150 -33.591350 12.623350
12.957050 33.070850 12.526750
12.957050 33.489250 12.526750
13.111550 -33.635770 12.410950
12.948850 -33.614350 12.526750
13.120850 33.070850 12.410950
13.120850 33.494550 12.410950
13.260250 -33.655350 12.277350
13.111550 -33.635770 12.410950
13.270450 33.070850 12.277350
13.260250 -33.655350 12.277350
13.392950 -33.672820 12.127750
13.392950 -33.672820 12.127750
13.508050 -33.687970 11.963950
13.508050 -33.687970 11.963950
13.603950 -33.700600 11.788150
13.603950 -33.700600 11.788150
13.679550 -33.710550 11.602550
13.679550 -33.710550 11.602550
13.733750 -33.717690 11.409550
12.948850 33.614350 12.526750
12.749350 33.716050 12.623350
12.581750 34.056050 12.623350
12.622550 34.276150 12.526750
12.609550 34.505350 12.410950
12.541850 34.730550 12.277350
12.421650 34.938750 12.127750
12.254050 35.117950 11.963950
-11.912940 33.844850 12.786450
-11.961710 33.828350 12.786450
-11.964290 34.036450 12.753950
-12.037620 34.011550 12.753950
-12.007900 33.805550 12.786450
-12.107080 33.977350 12.753950
-12.050720 33.776950 12.786450
-12.171480 33.934350 12.753950
-12.089430 33.742950 12.786450
-12.229700 33.883250 12.753950
-12.123390 33.704250 12.786450
-12.280770 33.825050 12.753950
-12.152000 33.661450 12.786450
-12.323790 33.760650 12.753950
-12.174780 33.615250 12.786450
-12.358050 33.691150 12.753950
-12.191330 33.566450 12.786450
-12.382940 33.617850 12.753950
-12.201380 33.515950 12.786450
-12.398050 33.541850 12.753950
-12.204750 33.464550 12.786450
-12.402690 33.471050 12.753950
-12.204750 33.070850 12.786450
-12.402690 33.070850 12.753950
-13.747125 33.070850 11.409550
-13.779550 33.070850 11.211550
-13.747125 27.165350 11.409550
-13.779550 27.165350 11.211550
-13.747125 10.236250 11.409550
-13.779550 10.236250 11.211550
-13.747125 0.000050 11.409550
-13.779550 0.000050 11.211550
-13.747125 -33.070850 11.409550
-13.779550 -33.070850 11.211550
-13.747125 -33.515040 11.409550
-13.779550 -33.516100 11.211550
-12.204750 27.165350 11.211550
-12.204750 10.236250 11.211550
-12.204750 33.070850 11.211550
-12.204750 0.000050 11.211550
-12.204750 -33.070850 11.211550
-12.204750 -33.464550 11.211550
-12.321410 -35.369239 11.211550
-12.565650 -35.286328 11.211550
-12.796988 -35.172247 11.211550
-13.011452 -35.028946 11.211550
-13.205378 -34.858878 11.211550
-13.375446 -34.664952 11.211550
-13.518747 -34.450488 11.211550
-13.632828 -34.219150 11.211550
-13.715739 -33.974910 11.211550
-13.766059 -33.721930 11.211550
-13.779550 33.070850 11.211550
-13.779550 27.165350 11.211550
-13.779550 10.236250 11.211550
-13.779550 0.000050 11.211550
-13.779550 -33.070850 11.211550
-13.779550 -33.516100 11.211550
-11.417350 -33.858250 11.211550
-11.417350 -35.433050 11.211550
-11.811050 -33.858250 11.211550
-11.862430 -33.854880 11.211550
-11.862600 -35.433050 11.211550
-11.912940 -33.844830 11.211550
-11.961710 -33.828280 11.211550
-12.007900 -33.805500 11.211550
-12.050720 -33.776890 11.211550
-12.068430 -35.419559 11.211550
-12.089430 -33.742930 11.211550
-12.123390 -33.704220 11.211550
-12.152000 -33.661400 11.211550
-12.174780 -33.615210 11.211550
-12.191330 -33.566440 11.211550
-12.201380 -33.515930 11.211550
-12.204750 33.070850 12.786450
-12.204750 32.902150 12.786450
-12.204750 33.070850 11.211550
-12.204750 27.165350 11.211550
-12.204750 27.165350 12.786450
-12.204750 10.236250 11.211550
-12.204750 10.236250 12.786450
-12.204750 0.000050 11.211550
-12.204750 0.000050 12.786450
-12.204750 -31.496040 12.786450
-12.204750 -33.070850 12.786450
-12.204750 -33.070850 11.211550
-12.204750 -33.464550 11.211550
-12.204750 -33.464550 12.786450
-12.204750 -33.070850 12.786450
-12.204750 -31.496040 12.786450
-12.204750 -33.464550 12.786450
-12.402690 0.000050 12.753950
-12.402690 -33.471030 12.753950
-12.402690 -33.070850 12.753950
-12.204750 10.236250 12.786450
-12.204750 27.165350 12.786450
-12.204750 0.000050 12.786450
-12.204750 32.902150 12.786450
-12.204750 33.070850 12.786450
-12.402690 10.236250 12.753950
-12.402690 27.165350 12.753950
-12.402690 33.070850 12.753950
-12.402690 33.471050 12.753950
-12.402690 33.070850 12.753950
-12.595700 33.477350 12.699350
-12.595700 33.070850 12.699350
-12.402690 -33.070850 12.753950
-12.595700 0.000050 12.699350
-12.402690 -33.471030 12.753950
-12.595700 -33.477340 12.699350
-12.595700 -33.070850 12.699350
-12.402690 10.236250 12.753950
-12.402690 27.165350 12.753950
-12.402690 0.000050 12.753950
-12.402690 33.070850 12.753950
-12.595700 10.236250 12.699350
-12.595700 27.165350 12.699350
-12.595700 33.070850 12.699350
-12.595700 33.477350 12.699350
-12.595700 33.070850 12.699350
-12.781308 33.483450 12.623350
-12.781308 33.070850 12.623350
-12.595700 -33.070850 12.699350
-12.781308 0.000050 12.623350
-12.595700 -33.477340 12.699350
-12.781308 -33.483420 12.623350
-12.781308 -33.070850 12.623350
-12.595700 10.236250 12.699350
-12.595700 27.165350 12.699350
-12.595700 0.000050 12.699350
-12.595700 33.070850 12.699350
-12.781308 10.236250 12.623350
-12.781308 27.165350 12.623350
-12.781308 33.070850 12.623350
-12.781308 33.483450 12.623350
-12.781308 33.070850 12.623350
-12.957125 33.489250 12.526750
-12.957125 33.070850 12.526750
-12.781308 -33.070850 12.623350
-12.957125 0.000050 12.526750
-12.781308 -33.483420 12.623350
-12.957125 -33.489180 12.526750
-12.957125 -33.070850 12.526750
-12.781308 10.236250 12.623350
-12.781308 27.165350 12.623350
-12.781308 0.000050 12.623350
-12.781308 33.070850 12.623350
-12.957125 10.236250 12.526750
-12.957125 27.165350 12.526750
-12.957125 33.070850 12.526750
-12.957125 33.489250 12.526750
-12.957125 33.070850 12.526750
-13.120901 33.494550 12.410950
-13.120901 33.070850 12.410950
-12.957125 -33.070850 12.526750
-13.120901 0.000050 12.410950
-12.957125 -33.489180 12.526750
-13.120901 -33.494540 12.410950
-13.120901 -33.070850 12.410950
-12.957125 10.236250 12.526750
-12.957125 27.165350 12.526750
-12.957125 0.000050 12.526750
-12.957125 33.070850 12.526750
-13.120901 10.236250 12.410950
-13.120901 27.165350 12.410950
-13.120901 33.070850 12.410950
-13.120901 33.494550 12.410950
-13.120901 33.070850 12.410950
-13.270537 33.499450 12.277350
-13.270537 33.070850 12.277350
-13.120901 -33.070850 12.410950
-13.270537 0.000050 12.277350
-13.120901 -33.494540 12.410950
-13.270537 -33.499440 12.277350
-13.270537 -33.070850 12.277350
-13.120901 10.236250 12.410950
-13.120901 27.165350 12.410950
-13.120901 0.000050 12.410950
-13.120901 33.070850 12.410950
-13.270537 10.236250 12.277350
-13.270537 27.165350 12.277350
-13.270537 33.070850 12.277350
-13.404114 33.503850 12.127750
-13.270537 33.499450 12.277350
-13.404114 33.070850 12.127750
-13.270537 33.070850 12.277350
-13.270537 33.070850 12.277350
-13.404114 33.070850 12.127750
-13.270537 27.165350 12.277350
-13.404114 27.165350 12.127750
-13.270537 10.236250 12.277350
-13.404114 10.236250 12.127750
-13.270537 0.000050 12.277350
-13.404114 0.000050 12.127750
-13.270537 -33.070850 12.277350
-13.404114 -33.070850 12.127750
-13.270537 -33.499440 12.277350
-13.404114 -33.503810 12.127750
-13.519922 33.507650 11.963950
-13.404114 33.503850 12.127750
-13.519922 33.070850 11.963950
-13.404114 33.070850 12.127750
-13.404114 33.070850 12.127750
-13.519922 33.070850 11.963950
-13.404114 27.165350 12.127750
-13.519922 27.165350 11.963950
-13.404114 10.236250 12.127750
-13.519922 10.236250 11.963950
-13.404114 0.000050 12.127750
-13.519922 0.000050 11.963950
-13.404114 -33.070850 12.127750
-13.519922 -33.070850 11.963950
-13.404114 -33.503810 12.127750
-13.519922 -33.507600 11.963950
-13.616474 33.510850 11.788150
-13.519922 33.507650 11.963950
-13.616474 33.070850 11.788150
-13.519922 33.070850 11.963950
-13.519922 33.070850 11.963950
-13.616474 33.070850 11.788150
-13.519922 27.165350 11.963950
-13.616474 27.165350 11.788150
-13.519922 10.236250 11.963950
-13.616474 10.236250 11.788150
-13.519922 0.000050 11.963950
-13.616474 0.000050 11.788150
-13.519922 -33.070850 11.963950
-13.616474 -33.070850 11.788150
-13.519922 -33.507600 11.963950
-13.616474 -33.510760 11.788150
-13.692533 33.513250 11.602550
-13.616474 33.510850 11.788150
-13.692533 33.070850 11.602550
-13.616474 33.070850 11.788150
-13.616474 33.070850 11.788150
-13.692533 33.070850 11.602550
-13.616474 27.165350 11.788150
-13.692533 27.165350 11.602550
-13.616474 10.236250 11.788150
-13.692533 10.236250 11.602550
-13.616474 0.000050 11.788150
-13.692533 0.000050 11.602550
-13.616474 -33.070850 11.788150
-13.692533 -33.070850 11.602550
-13.616474 -33.510760 11.788150
-13.692533 -33.513250 11.602550
-13.747125 33.515050 11.409550
-13.692533 33.513250 11.602550
-13.747125 33.070850 11.409550
-13.692533 33.070850 11.602550
-13.692533 33.070850 11.602550
-13.747125 33.070850 11.409550
-13.692533 27.165350 11.602550
-13.747125 27.165350 11.409550
-13.692533 10.236250 11.602550
-13.747125 10.236250 11.409550
-13.692533 0.000050 11.602550
-13.747125 0.000050 11.409550
-13.692533 -33.070850 11.602550
-13.747125 -33.070850 11.409550
-13.692533 -33.513250 11.602550
-13.747125 -33.515040 11.409550
-13.733843 33.717750 11.409550
-13.679602 33.710550 11.602550
-13.684352 33.966550 11.409550
-13.631507 33.952350 11.602550
-13.602808 34.206750 11.409550
-13.552263 34.185850 11.602550
-13.490606 34.434250 11.409550
-13.443227 34.406950 11.602550
-13.349667 34.645250 11.409550
-13.306263 34.611950 11.602550
-13.182401 34.835950 11.409550
-13.143716 34.797250 11.602550
-12.958366 34.959850 11.602550
-12.991671 35.003250 11.409550
-12.753390 35.096750 11.602550
-12.780740 35.144150 11.409550
-12.532280 35.205850 11.602550
-12.553220 35.256350 11.409550
-12.298840 35.285050 11.602550
-12.313000 35.337850 11.409550
-12.279110 35.211450 11.788150
-12.298840 35.285050 11.602550
-12.254070 35.117950 11.963950
-12.279110 35.211450 11.788150
12.223950 35.005850 12.127750
-12.224030 35.005850 12.127750
-12.254070 35.117950 11.963950
12.189350 34.876550 12.277350
-12.189380 34.876550 12.277350
-12.224030 35.005850 12.127750
12.150550 34.731750 12.410950
-12.150570 34.731750 12.410950
-12.189380 34.876550 12.277350
12.108050 34.573150 12.526750
-12.108090 34.573150 12.526750
-12.150570 34.731750 12.410950
12.062450 34.402950 12.623350
-12.062490 34.402950 12.623350
-12.108090 34.573150 12.526750
-12.014350 34.223350 12.699350
-12.062490 34.402950 12.623350
-11.964290 34.036450 12.753950
-12.014350 34.223350 12.699350
-12.204750 0.000050 12.786450
-12.204750 -31.496040 12.786450
-11.811050 -31.496040 12.786450
-11.811050 32.902150 12.786450
-12.204750 10.236250 12.786450
-12.204750 27.165350 12.786450
-12.204750 32.902150 12.786450
11.782350 20.589550 12.786450
11.696350 21.490350 12.786450
11.553450 22.383950 12.786450
11.354250 23.266650 12.786450
11.099550 24.134950 12.786450
10.790250 24.985450 12.786450
10.427650 25.814550 12.786450
10.013350 26.619050 12.786450
9.548850 27.395650 12.786450
9.036050 28.141250 12.786450
8.476950 28.852850 12.786450
7.873950 29.527550 12.786450
6.793350 30.518850 12.786450
5.589150 31.355750 12.786450
4.283350 32.022950 12.786450
2.899550 32.508450 12.786450
1.463050 32.803250 12.786450
11.777950 -20.567650 12.786450
11.776650 -20.196650 12.786450
11.576850 -22.025350 12.786450
11.496650 -22.323450 12.786350
11.810950 5.905550 12.786450
11.810950 19.685050 12.786450
11.810950 -19.685050 12.786450
11.782350 20.589550 12.786450
11.776650 20.196750 12.786450
11.696350 21.490350 12.786450
11.553450 22.383950 12.786450
11.441050 22.746250 12.786450
11.354250 23.266650 12.786450
11.099550 24.134950 12.786450
10.790250 24.985450 12.786450
10.427650 25.814550 12.786450
10.259450 25.598850 12.786450
10.013350 26.619050 12.786450
9.548850 27.395650 12.786450
9.036050 28.141250 12.786450
8.476950 28.852850 12.786450
8.379850 28.048350 12.786450
7.873950 29.527550 12.786450
6.793350 30.518850 12.786450
5.930250 29.928050 12.786450
5.589150 31.355750 12.786450
4.283350 32.022950 12.786450
2.899550 32.508450 12.786450
1.463050 32.803250 12.786450
0.016450 31.512550 12.786450
-0.000050 32.902150 12.786450
-3.044750 31.109550 12.786450
-5.897280 29.928050 12.786450
-11.811050 32.902150 12.786450
-8.346840 28.048350 12.786450
-10.226460 25.598850 12.786450
-11.408030 22.746250 12.786450
-11.743680 20.196750 12.786450
-11.743680 -20.196650 12.786450
10.033850 -25.892720 12.786450
10.259450 -25.598790 12.786450
10.430850 -25.184850 12.786450
8.135750 -28.235600 12.786450
8.379850 -28.048350 12.786450
8.654550 -27.690270 12.786350
5.709850 -30.019270 12.786450
5.930250 -29.927970 12.786450
6.269850 -29.667380 12.786350
-11.811050 -31.496040 12.786450
-11.408030 -22.746250 12.786450
-10.226460 -25.598790 12.786450
-8.346840 -28.048350 12.786450
2.914450 -31.130810 12.786450
12.182750 34.362150 12.623350
12.296750 34.305950 12.623350
12.402450 34.235350 12.623350
12.497950 34.151550 12.623350
12.774150 33.591350 12.623350
11.417350 -33.858250 12.786450
-0.000050 -31.496040 12.786450
-11.417350 -33.858250 12.786450
-11.811050 -33.858250 12.786450
-11.811050 -31.496040 12.786450
11.576850 -22.025350 12.786450
11.275850 -23.145050 12.786450
10.450850 -25.136750 12.786450
10.259450 -25.598790 12.786450
8.379850 -28.048350 12.786450
13.631450 -33.952340 11.602550
13.684350 -33.966500 11.409550
13.552250 -34.185780 11.602550
13.602750 -34.206720 11.409550
13.443150 -34.406890 11.602550
13.490550 -34.434240 11.409550
13.306250 -34.611866 11.602550
13.349650 -34.645171 11.409550
13.143650 -34.797216 11.602550
13.182350 -34.835901 11.409550
12.958350 -34.959763 11.602550
12.991650 -35.003167 11.409550
12.753350 -35.096727 11.602550
12.780650 -35.144106 11.409550
12.532250 -35.205763 11.602550
12.553150 -35.256308 11.409550
12.298750 -35.285007 11.602550
12.312950 -35.337852 11.409550
12.056950 -35.333102 11.602550
12.064150 -35.387343 11.409550
11.859750 -35.346033 11.602550
11.861450 -35.400625 11.409550
11.417350 -35.346033 11.602550
-11.417350 -35.346033 11.602550
-11.417350 -35.400625 11.409550
11.417350 -35.400625 11.409550
-11.417350 -35.400625 11.409550
-11.861540 -35.400625 11.409550
-11.417350 -35.433050 11.211550
-11.862600 -35.433050 11.211550
-11.417350 -35.346033 11.602550
-11.859750 -35.346033 11.602550
-11.417350 -35.400625 11.409550
-11.861540 -35.400625 11.409550
11.417350 -35.269974 11.788150
11.857250 -35.269974 11.788150
-11.417350 -35.269974 11.788150
-11.417350 -35.346033 11.602550
11.417350 -35.346033 11.602550
11.859750 -35.346033 11.602550
-11.417350 -35.269974 11.788150
-11.857260 -35.269974 11.788150
-11.417350 -35.346033 11.602550
-11.859750 -35.346033 11.602550
11.417350 -35.173422 11.963950
11.854050 -35.173422 11.963950
-11.417350 -35.173422 11.963950
-11.417350 -35.269974 11.788150
11.417350 -35.269974 11.788150
11.857250 -35.269974 11.788150
-11.417350 -35.173422 11.963950
-11.854100 -35.173422 11.963950
-11.417350 -35.269974 11.788150
-11.857260 -35.269974 11.788150
11.417350 -35.057614 12.127750
11.850250 -35.057614 12.127750
-11.417350 -35.057614 12.127750
-11.417350 -35.173422 11.963950
11.417350 -35.173422 11.963950
11.854050 -35.173422 11.963950
-11.417350 -35.057614 12.127750
-11.850310 -35.057614 12.127750
-11.417350 -35.173422 11.963950
-11.854100 -35.173422 11.963950
11.417350 -34.924037 12.277350
11.845850 -34.924037 12.277350
-11.417350 -34.924037 12.277350
-11.417350 -35.057614 12.127750
11.417350 -35.057614 12.127750
11.850250 -35.057614 12.127750
-11.417350 -34.924037 12.277350
-11.845940 -34.924037 12.277350
-11.417350 -35.057614 12.127750
-11.850310 -35.057614 12.127750
11.840950 -34.774401 12.410950
11.845850 -34.924037 12.277350
11.417350 -34.774401 12.410950
11.417350 -34.924037 12.277350
-11.417350 -34.774401 12.410950
-11.417350 -34.924037 12.277350
-11.417350 -34.774401 12.410950
-11.841040 -34.774401 12.410950
-11.417350 -34.924037 12.277350
-11.845940 -34.924037 12.277350
11.835650 -34.610625 12.526750
11.840950 -34.774401 12.410950
11.417350 -34.610625 12.526750
11.417350 -34.774401 12.410950
-11.417350 -34.610625 12.526750
-11.417350 -34.774401 12.410950
-11.417350 -34.610625 12.526750
-11.835680 -34.610625 12.526750
-11.417350 -34.774401 12.410950
-11.841040 -34.774401 12.410950
11.829850 -34.434808 12.623350
11.835650 -34.610625 12.526750
11.417350 -34.434808 12.623350
11.417350 -34.610625 12.526750
-11.417350 -34.434808 12.623350
-11.417350 -34.610625 12.526750
-11.417350 -34.434808 12.623350
-11.829920 -34.434808 12.623350
-11.417350 -34.610625 12.526750
-11.835680 -34.610625 12.526750
11.823750 -34.249200 12.699350
11.829850 -34.434808 12.623350
11.417350 -34.249200 12.699350
11.417350 -34.434808 12.623350
-11.417350 -34.249200 12.699350
-11.417350 -34.434808 12.623350
-11.417350 -34.249200 12.699350
-11.823840 -34.249200 12.699350
-11.417350 -34.434808 12.623350
-11.829920 -34.434808 12.623350
11.817450 -34.056190 12.753950
11.823750 -34.249200 12.699350
11.417350 -34.056190 12.753950
11.417350 -34.249200 12.699350
-11.417350 -34.056190 12.753950
-11.417350 -34.249200 12.699350
-11.417350 -34.056190 12.753950
-11.817530 -34.056190 12.753950
-11.417350 -34.249200 12.699350
-11.823840 -34.249200 12.699350
11.810950 -33.858250 12.786450
11.817450 -34.056190 12.753950
11.777950 -33.858250 12.786450
11.417350 -33.858250 12.786450
11.417350 -34.056190 12.753950
-11.417350 -33.858250 12.786450
-11.417350 -34.056190 12.753950
-11.417350 -33.858250 12.786450
-11.811050 -33.858250 12.786450
-11.417350 -34.056190 12.753950
-11.817530 -34.056190 12.753950
-11.811050 -33.858250 12.786450
-11.417350 -33.858250 12.786450
-11.811050 -33.858250 11.211550
-11.417350 -33.858250 11.211550
11.888250 -34.051550 12.753950
11.862350 -33.854880 12.786450
11.964250 -34.036440 12.753950
11.912850 -33.844830 12.786450
12.037550 -34.011550 12.753950
11.961650 -33.828280 12.786450
12.107050 -33.977290 12.753950
12.007850 -33.805500 12.786450
12.171450 -33.934270 12.753950
12.050650 -33.776890 12.786450
12.229650 -33.883200 12.753950
12.089350 -33.742930 12.786450
12.280750 -33.824980 12.753950
12.123350 -33.704220 12.786450
12.323750 -33.760580 12.753950
12.151950 -33.661400 12.786450
12.358050 -33.691120 12.753950
12.174750 -33.615210 12.786450
12.382850 -33.617790 12.753950
12.191250 -33.566440 12.786450
12.569750 -33.667850 12.699350
12.382850 -33.617790 12.753950
12.749350 -33.715990 12.623350
12.569750 -33.667850 12.699350
12.919550 -33.761590 12.526750
12.749350 -33.715990 12.623350
13.078150 -33.804070 12.410950
12.919550 -33.761590 12.526750
13.222950 -33.842880 12.277350
13.078150 -33.804070 12.410950
13.222950 -33.842880 12.277350
13.352250 -33.877530 12.127750
13.352250 -33.877530 12.127750
13.464350 -33.907570 11.963950
13.464350 -33.907570 11.963950
13.557850 -33.932610 11.788150
13.557850 -33.932610 11.788150
13.631450 -33.952340 11.602550
12.509650 34.375150 12.526750
12.466950 34.600650 12.410950
12.370350 34.815050 12.277350
-12.037620 34.011550 12.753950
-12.111640 34.190250 12.699350
-12.107080 33.977350 12.753950
-12.203790 34.144850 12.699350
-12.171480 33.934350 12.753950
-12.289230 34.087750 12.699350
-12.229700 33.883250 12.753950
-12.366480 34.020050 12.699350
-12.280770 33.825050 12.753950
-12.434220 33.942750 12.699350
-12.323790 33.760650 12.753950
-12.491310 33.857350 12.699350
-12.358050 33.691150 12.753950
-12.536750 33.765150 12.699350
-12.382940 33.617850 12.753950
-12.569780 33.667850 12.699350
-12.398050 33.541850 12.753950
-12.589820 33.567150 12.699350
-13.733843 -33.717690 11.409550
-13.766059 -33.721930 11.211550
-13.684352 -33.966500 11.409550
-13.715739 -33.974910 11.211550
-13.602808 -34.206720 11.409550
-13.632828 -34.219150 11.211550
-13.490606 -34.434240 11.409550
-13.518747 -34.450488 11.211550
-13.349667 -34.645171 11.409550
-13.375446 -34.664952 11.211550
-13.182401 -34.835901 11.409550
-13.205378 -34.858878 11.211550
-12.991671 -35.003167 11.409550
-13.011452 -35.028946 11.211550
-12.780740 -35.144106 11.409550
-12.796988 -35.172247 11.211550
-12.553220 -35.256308 11.409550
-12.565650 -35.286328 11.211550
-12.313000 -35.337852 11.409550
-12.321410 -35.369239 11.211550
-12.064190 -35.387343 11.409550
-12.068430 -35.419559 11.211550
-11.862430 -33.854880 12.786450
-11.862430 -33.854880 11.211550
-11.912940 -33.844830 12.786450
-11.912940 -33.844830 11.211550
-11.961710 -33.828280 12.786450
-11.961710 -33.828280 11.211550
-12.007900 -33.805500 12.786450
-12.007900 -33.805500 11.211550
-12.050720 -33.776890 12.786450
-12.050720 -33.776890 11.211550
-12.089430 -33.742930 12.786450
-12.089430 -33.742930 11.211550
-12.123390 -33.704220 11.211550
-12.123390 -33.704220 12.786450
-12.152000 -33.661400 11.211550
-12.152000 -33.661400 12.786450
-12.174780 -33.615210 11.211550
-12.174780 -33.615210 12.786450
-12.191330 -33.566440 11.211550
-12.191330 -33.566440 12.786450
-12.201380 -33.515930 11.211550
-12.201380 -33.515930 12.786450
-11.862430 -33.854880 12.786450
-11.912940 -33.844830 12.786450
-11.961710 -33.828280 12.786450
-12.007900 -33.805500 12.786450
-12.050720 -33.776890 12.786450
-12.089430 -33.742930 12.786450
-12.123390 -33.704220 12.786450
-12.152000 -33.661400 12.786450
-12.174780 -33.615210 12.786450
-12.191330 -33.566440 12.786450
-12.201380 -33.515930 12.786450
-12.204750 -33.464550 12.786450
-12.204750 -33.070850 12.786450
-12.204750 -31.496040 12.786450
-12.201380 -33.515930 12.786450
-12.398050 -33.541830 12.753950
-12.398050 -33.541830 12.753950
-12.589820 -33.567070 12.699350
-12.589820 33.567150 12.699350
-12.774230 33.591350 12.623350
-12.589820 -33.567070 12.699350
-12.774230 -33.591350 12.623350
-12.774230 33.591350 12.623350
-12.948921 33.614350 12.526750
-12.774230 -33.591350 12.623350
-12.948921 -33.614350 12.526750
-12.948921 33.614350 12.526750
-13.111644 33.635850 12.410950
-12.948921 -33.614350 12.526750
-13.111644 -33.635770 12.410950
-13.111644 33.635850 12.410950
-13.260318 33.655350 12.277350
-13.111644 -33.635770 12.410950
-13.260318 -33.655350 12.277350
-13.393037 33.672850 12.127750
-13.260318 33.655350 12.277350
-13.260318 -33.655350 12.277350
-13.393037 -33.672820 12.127750
-13.508100 33.688050 11.963950
-13.393037 33.672850 12.127750
-13.393037 -33.672820 12.127750
-13.508100 -33.687970 11.963950
-13.604031 33.700650 11.788150
-13.508100 33.688050 11.963950
-13.508100 -33.687970 11.963950
-13.604031 -33.700600 11.788150
-13.679602 33.710550 11.602550
-13.604031 33.700650 11.788150
-13.604031 -33.700600 11.788150
-13.679602 -33.710550 11.602550
-13.679602 -33.710550 11.602550
-13.733843 -33.717690 11.409550
-13.631507 33.952350 11.602550
-13.557881 33.932650 11.788150
-13.552263 34.185850 11.602550
-13.481842 34.156650 11.788150
-13.443227 34.406950 11.602550
-13.377216 34.368850 11.788150
-13.306263 34.611950 11.602550
-13.245791 34.565550 11.788150
-13.143716 34.797250 11.602550
-13.089818 34.743350 11.788150
-12.911965 34.899350 11.788150
-12.958366 34.959850 11.602550
-12.715270 35.030750 11.788150
-12.753390 35.096750 11.602550
-12.503110 35.135350 11.788150
-12.532280 35.205850 11.602550
-12.466080 35.045950 11.963950
-12.503110 35.135350 11.788150
-12.421670 34.938750 12.127750
-12.466080 35.045950 11.963950
-12.370440 34.815050 12.277350
-12.421670 34.938750 12.127750
12.313050 34.676550 12.410950
-12.313060 34.676550 12.410950
-12.370440 34.815050 12.277350
12.250250 34.524950 12.526750
-12.250250 34.524950 12.526750
-12.313060 34.676550 12.410950
-12.182820 34.362150 12.623350
-12.250250 34.524950 12.526750
-12.111640 34.190250 12.699350
-12.182820 34.362150 12.623350
0.269550 -31.479210 12.786450
1.468650 -31.404380 12.786450
2.914450 -31.130810 12.786450
-8.346840 -28.048350 12.786450
-5.897280 -29.927970 12.786450
-3.044750 -31.109540 12.786450
-0.108950 -31.496040 12.786350
11.441050 -22.746250 12.786450
11.275850 -23.145050 12.786450
11.182050 -22.676850 12.804150
10.450850 -25.136750 12.786450
10.259450 -25.598790 12.786450
10.027250 -25.464760 12.804150
11.195950 -23.446650 12.786450
10.641350 -24.809650 12.786450
10.430850 -25.184850 12.786450
9.921550 -26.093050 12.786450
10.033850 -25.892720 12.786450
9.047750 -27.277000 12.786450
8.654550 -27.690270 12.786350
8.033550 -28.343110 12.786450
8.135750 -28.235600 12.786450
6.894550 -29.274840 12.786450
6.269850 -29.667380 12.786350
5.648650 -30.057710 12.786450
5.709850 -30.019270 12.786450
4.315050 -30.679590 12.786450
8.379850 -28.048350 12.786450
8.190250 -27.858800 12.804150
5.930250 -29.927970 12.786450
5.796250 -29.695820 12.804150
5.930250 -29.927970 12.786450
2.914450 -31.130810 12.786450
0.016450 -31.512560 12.786450
0.016450 -31.244490 12.804150
12.384850 34.458550 12.526750
13.481750 -34.156610 11.788150
13.552250 -34.185780 11.602550
13.377150 -34.368770 11.788150
13.443150 -34.406890 11.602550
13.245750 -34.565465 11.788150
13.306250 -34.611866 11.602550
13.089750 -34.743318 11.788150
13.143650 -34.797216 11.602550
12.911950 -34.899291 11.788150
12.958350 -34.959763 11.602550
12.715250 -35.030716 11.788150
12.753350 -35.096727 11.602550
12.503050 -35.135342 11.788150
12.532250 -35.205763 11.602550
12.279050 -35.211381 11.788150
12.298750 -35.285007 11.602550
12.047050 -35.257531 11.788150
12.056950 -35.333102 11.602550
-12.057050 -35.333102 11.602550
-12.064190 -35.387343 11.409550
-12.047100 -35.257531 11.788150
-12.057050 -35.333102 11.602550
12.034450 -35.161600 11.963950
12.047050 -35.257531 11.788150
-12.034470 -35.161600 11.963950
-12.047100 -35.257531 11.788150
12.019250 -35.046537 12.127750
12.034450 -35.161600 11.963950
-12.019320 -35.046537 12.127750
-12.034470 -35.161600 11.963950
12.001850 -34.913818 12.277350
12.019250 -35.046537 12.127750
-12.001850 -34.913818 12.277350
-12.019320 -35.046537 12.127750
12.001850 -34.913818 12.277350
11.982250 -34.765144 12.410950
-11.982270 -34.765144 12.410950
-12.001850 -34.913818 12.277350
11.982250 -34.765144 12.410950
11.960850 -34.602421 12.526750
-11.960850 -34.602421 12.526750
-11.982270 -34.765144 12.410950
11.960850 -34.602421 12.526750
11.937850 -34.427730 12.623350
-11.937850 -34.427730 12.623350
-11.960850 -34.602421 12.526750
11.937850 -34.427730 12.623350
11.913550 -34.243320 12.699350
-11.913570 -34.243320 12.699350
-11.937850 -34.427730 12.623350
11.913550 -34.243320 12.699350
11.888250 -34.051550 12.753950
-11.888330 -34.051550 12.753950
-11.913570 -34.243320 12.699350
-11.862430 -33.854880 12.786450
-11.888330 -34.051550 12.753950
12.014350 -34.223280 12.699350
11.964250 -34.036440 12.753950
12.111550 -34.190250 12.699350
12.037550 -34.011550 12.753950
12.203750 -34.144810 12.699350
12.107050 -33.977290 12.753950
12.289150 -34.087720 12.699350
12.171450 -33.934270 12.753950
12.366450 -34.019980 12.699350
12.229650 -33.883200 12.753950
12.434150 -33.942730 12.699350
12.280750 -33.824980 12.753950
12.491250 -33.857290 12.699350
12.323750 -33.760580 12.753950
12.536750 -33.765140 12.699350
12.358050 -33.691120 12.753950
12.708550 -33.836320 12.623350
12.536750 -33.765140 12.699350
12.871350 -33.903750 12.526750
12.708550 -33.836320 12.623350
13.022950 -33.966560 12.410950
12.871350 -33.903750 12.526750
13.161550 -34.023940 12.277350
13.022950 -33.966560 12.410950
13.161550 -34.023940 12.277350
13.285150 -34.075170 12.127750
13.285150 -34.075170 12.127750
13.392450 -34.119580 11.963950
13.392450 -34.119580 11.963950
13.481750 -34.156610 11.788150
-12.203790 34.144850 12.699350
-12.296800 34.305950 12.623350
-12.289230 34.087750 12.699350
-12.402460 34.235350 12.623350
-12.366480 34.020050 12.699350
-12.498000 34.151550 12.623350
-12.434220 33.942750 12.699350
-12.581790 34.056050 12.623350
-12.491310 33.857350 12.699350
-12.652390 33.950350 12.623350
-12.536750 33.765150 12.699350
-12.708590 33.836350 12.623350
-12.569780 33.667850 12.699350
-12.749440 33.716050 12.623350
-13.631507 -33.952340 11.602550
-13.684352 -33.966500 11.409550
-13.552263 -34.185780 11.602550
-13.602808 -34.206720 11.409550
-13.443227 -34.406890 11.602550
-13.490606 -34.434240 11.409550
-13.306263 -34.611866 11.602550
-13.349667 -34.645171 11.409550
-13.143716 -34.797216 11.602550
-13.182401 -34.835901 11.409550
-12.958366 -34.959763 11.602550
-12.991671 -35.003167 11.409550
-12.753390 -35.096727 11.602550
-12.780740 -35.144106 11.409550
-12.532280 -35.205763 11.602550
-12.553220 -35.256308 11.409550
-12.298840 -35.285007 11.602550
-12.313000 -35.337852 11.409550
-11.912940 -33.844830 12.786450
-11.964290 -34.036440 12.753950
-11.961710 -33.828280 12.786450
-12.037620 -34.011550 12.753950
-12.007900 -33.805500 12.786450
-12.107080 -33.977290 12.753950
-12.050720 -33.776890 12.786450
-12.171480 -33.934270 12.753950
-12.089430 -33.742930 12.786450
-12.229700 -33.883200 12.753950
-12.123390 -33.704220 12.786450
-12.280770 -33.824980 12.753950
-12.152000 -33.661400 12.786450
-12.323790 -33.760580 12.753950
-12.174780 -33.615210 12.786450
-12.358050 -33.691120 12.753950
-12.191330 -33.566440 12.786450
-12.382940 -33.617790 12.753950
-12.382940 -33.617790 12.753950
-12.569780 -33.667850 12.699350
-12.569780 -33.667850 12.699350
-12.749440 -33.715990 12.623350
-12.749440 33.716050 12.623350
-12.919633 33.761650 12.526750
-12.749440 -33.715990 12.623350
-12.919633 -33.761590 12.526750
-12.919633 33.761650 12.526750
-13.078168 33.804150 12.410950
-12.919633 -33.761590 12.526750
-13.078168 -33.804070 12.410950
-13.078168 33.804150 12.410950
-13.223015 33.842950 12.277350
-13.078168 -33.804070 12.410950
-13.223015 -33.842880 12.277350
-13.352318 33.877550 12.127750
-13.223015 33.842950 12.277350
-13.223015 -33.842880 12.277350
-13.352318 -33.877530 12.127750
-13.464419 33.907650 11.963950
-13.352318 33.877550 12.127750
-13.352318 -33.877530 12.127750
-13.464419 -33.907570 11.963950
-13.557881 33.932650 11.788150
-13.464419 33.907650 11.963950
-13.464419 -33.907570 11.963950
-13.557881 -33.932610 11.788150
-13.557881 -33.932610 11.788150
-13.631507 -33.952340 11.602550
-13.481842 34.156650 11.788150
-13.392448 34.119650 11.963950
-13.377216 34.368850 11.788150
-13.293420 34.320450 11.963950
-13.245791 34.565550 11.788150
-13.169027 34.506650 11.963950
-13.089818 34.743350 11.788150
-13.021399 34.674950 11.963950
-12.853061 34.822550 11.963950
-12.911965 34.899350 11.788150
-12.666890 34.946950 11.963950
-12.715270 35.030750 11.788150
-12.608870 34.846450 12.127750
-12.666890 34.946950 11.963950
-12.541930 34.730550 12.277350
-12.608870 34.846450 12.127750
-12.466960 34.600650 12.410950
-12.541930 34.730550 12.277350
-12.384890 34.458550 12.526750
-12.466960 34.600650 12.410950
-12.296800 34.305950 12.623350
-12.384890 34.458550 12.526750
11.776650 -20.196650 12.786450
11.510850 -20.179250 12.804150
10.923650 -22.607550 12.780250
9.795550 -25.330950 12.780250
8.001050 -27.669590 12.780250
5.662450 -29.464080 12.780250
2.939050 -30.592150 12.780250
-2.975350 -30.850610 12.804150
-3.044750 -31.109540 12.786450
0.016450 -30.976910 12.780250
13.293350 -34.320390 11.963950
13.377150 -34.368770 11.788150
13.168950 -34.506561 11.963950
13.245750 -34.565465 11.788150
13.021350 -34.674899 11.963950
13.089750 -34.743318 11.788150
12.853050 -34.822527 11.963950
12.911950 -34.899291 11.788150
12.666850 -34.946920 11.963950
12.715250 -35.030716 11.788150
12.466050 -35.045948 11.963950
12.503050 -35.135342 11.788150
12.254050 -35.117919 11.963950
12.279050 -35.211381 11.788150
-12.279110 -35.211381 11.788150
-12.298840 -35.285007 11.602550
-12.254070 -35.117919 11.963950
-12.279110 -35.211381 11.788150
12.223950 -35.005818 12.127750
12.254050 -35.117919 11.963950
-12.224030 -35.005818 12.127750
-12.254070 -35.117919 11.963950
12.189350 -34.876515 12.277350
12.223950 -35.005818 12.127750
-12.189380 -34.876515 12.277350
-12.224030 -35.005818 12.127750
12.189350 -34.876515 12.277350
12.150550 -34.731668 12.410950
-12.150570 -34.731668 12.410950
-12.189380 -34.876515 12.277350
12.150550 -34.731668 12.410950
12.108050 -34.573133 12.526750
-12.108090 -34.573133 12.526750
-12.150570 -34.731668 12.410950
12.108050 -34.573133 12.526750
12.062450 -34.402940 12.623350
-12.062490 -34.402940 12.623350
-12.108090 -34.573133 12.526750
12.062450 -34.402940 12.623350
12.014350 -34.223280 12.699350
-12.014350 -34.223280 12.699350
-12.062490 -34.402940 12.623350
-11.964290 -34.036440 12.753950
-12.014350 -34.223280 12.699350
12.182750 -34.362090 12.623350
12.111550 -34.190250 12.699350
12.296750 -34.305890 12.623350
12.203750 -34.144810 12.699350
12.402450 -34.235290 12.623350
12.289150 -34.087720 12.699350
12.497950 -34.151500 12.623350
12.366450 -34.019980 12.699350
12.581750 -34.055960 12.623350
12.434150 -33.942730 12.699350
12.652350 -33.950300 12.623350
12.491250 -33.857290 12.699350
12.804950 -34.038390 12.526750
12.652350 -33.950300 12.623350
12.947050 -34.120460 12.410950
12.804950 -34.038390 12.526750
13.076950 -34.195430 12.277350
12.947050 -34.120460 12.410950
13.076950 -34.195430 12.277350
13.192850 -34.262370 12.127750
13.192850 -34.262370 12.127750
13.293350 -34.320390 11.963950
-12.402460 34.235350 12.623350
-12.509720 34.375150 12.526750
-12.498000 34.151550 12.623350
-12.622590 34.276150 12.526750
-12.581790 34.056050 12.623350
-12.721570 34.163250 12.526750
-12.652390 33.950350 12.623350
-12.804978 34.038450 12.526750
-12.708590 33.836350 12.623350
-12.871376 33.903750 12.526750
-13.481842 -34.156610 11.788150
-13.552263 -34.185780 11.602550
-13.377216 -34.368770 11.788150
-13.443227 -34.406890 11.602550
-13.245791 -34.565465 11.788150
-13.306263 -34.611866 11.602550
-13.089818 -34.743318 11.788150
-13.143716 -34.797216 11.602550
-12.911965 -34.899291 11.788150
-12.958366 -34.959763 11.602550
-12.715270 -35.030716 11.788150
-12.753390 -35.096727 11.602550
-12.503110 -35.135342 11.788150
-12.532280 -35.205763 11.602550
-12.037620 -34.011550 12.753950
-12.111640 -34.190250 12.699350
-12.107080 -33.977290 12.753950
-12.203790 -34.144810 12.699350
-12.171480 -33.934270 12.753950
-12.289230 -34.087720 12.699350
-12.229700 -33.883200 12.753950
-12.366480 -34.019980 12.699350
-12.280770 -33.824980 12.753950
-12.434220 -33.942730 12.699350
-12.323790 -33.760580 12.753950
-12.491310 -33.857290 12.699350
-12.358050 -33.691120 12.753950
-12.536750 -33.765140 12.699350
-12.536750 -33.765140 12.699350
-12.708590 -33.836320 12.623350
-12.708590 -33.836320 12.623350
-12.871376 -33.903750 12.526750
-12.871376 33.903750 12.526750
-13.023010 33.966650 12.410950
-12.871376 -33.903750 12.526750
-13.023010 -33.966560 12.410950
-13.023010 33.966650 12.410950
-13.161553 34.023950 12.277350
-13.023010 -33.966560 12.410950
-13.161553 -34.023940 12.277350
-13.285227 34.075250 12.127750
-13.161553 34.023950 12.277350
-13.161553 -34.023940 12.277350
-13.285227 -34.075170 12.127750
-13.392448 34.119650 11.963950
-13.285227 34.075250 12.127750
-13.285227 -34.075170 12.127750
-13.392448 -34.119580 11.963950
-13.392448 -34.119580 11.963950
-13.481842 -34.156610 11.788150
-13.293420 34.320450 11.963950
-13.192913 34.262450 12.127750
-13.169027 34.506650 11.963950
-13.076954 34.435950 12.127750
-13.021399 34.674950 11.963950
-12.939335 34.592850 12.127750
-12.782411 34.730450 12.127750
-12.853061 34.822550 11.963950
-12.700920 34.624250 12.277350
-12.782411 34.730450 12.127750
-12.609630 34.505350 12.410950
-12.700920 34.624250 12.277350
-12.509720 34.375150 12.526750
-12.609630 34.505350 12.410950
11.776650 20.196750 12.786450
11.510850 20.179350 12.804150
11.245650 -20.161850 12.780250
10.671850 -22.540150 12.715350
9.569750 -25.200650 12.715350
7.816750 -27.485250 12.715350
5.532050 -29.238310 12.715350
2.871550 -30.340330 12.715350
-5.763250 -29.695820 12.804150
-5.897280 -29.927970 12.786450
-2.906050 -30.592150 12.780250
0.016450 -30.716210 12.715350
13.076950 -34.435911 12.127750
13.168950 -34.506561 11.963950
12.939250 -34.592835 12.127750
13.021350 -34.674899 11.963950
12.782350 -34.730454 12.127750
12.853050 -34.822527 11.963950
12.608850 -34.846413 12.127750
12.666850 -34.946920 11.963950
12.421650 -34.938727 12.127750
12.466050 -35.045948 11.963950
-12.466080 -35.045948 11.963950
-12.503110 -35.135342 11.788150
-12.421670 -34.938727 12.127750
-12.466080 -35.045948 11.963950
12.370350 -34.815053 12.277350
12.421650 -34.938727 12.127750
-12.370440 -34.815053 12.277350
-12.421670 -34.938727 12.127750
12.370350 -34.815053 12.277350
12.313050 -34.676510 12.410950
-12.313060 -34.676510 12.410950
-12.370440 -34.815053 12.277350
12.313050 -34.676510 12.410950
12.250250 -34.524876 12.526750
-12.250250 -34.524876 12.526750
-12.313060 -34.676510 12.410950
12.250250 -34.524876 12.526750
12.182750 -34.362090 12.623350
-12.182820 -34.362090 12.623350
-12.250250 -34.524876 12.526750
-12.111640 -34.190250 12.699350
-12.182820 -34.362090 12.623350
12.384850 -34.458478 12.526750
12.296750 -34.305890 12.623350
12.509650 -34.375070 12.526750
12.402450 -34.235290 12.623350
12.622550 -34.276090 12.526750
12.497950 -34.151500 12.623350
12.721550 -34.163220 12.526750
12.581750 -34.055960 12.623350
12.851750 -34.263130 12.410950
12.721550 -34.163220 12.526750
12.970750 -34.354420 12.277350
12.851750 -34.263130 12.410950
13.076950 -34.435911 12.127750
12.970750 -34.354420 12.277350
-12.622590 34.276150 12.526750
-12.738640 34.392150 12.410950
-12.721570 34.163250 12.526750
-12.851783 34.263150 12.410950
-12.804978 34.038450 12.526750
-12.947116 34.120550 12.410950
-13.293420 -34.320390 11.963950
-13.377216 -34.368770 11.788150
-13.169027 -34.506561 11.963950
-13.245791 -34.565465 11.788150
-13.021399 -34.674899 11.963950
-13.089818 -34.743318 11.788150
-12.853061 -34.822527 11.963950
-12.911965 -34.899291 11.788150
-12.666890 -34.946920 11.963950
-12.715270 -35.030716 11.788150
-12.203790 -34.144810 12.699350
-12.296800 -34.305890 12.623350
-12.289230 -34.087720 12.699350
-12.402460 -34.235290 12.623350
-12.366480 -34.019980 12.699350
-12.498000 -34.151500 12.623350
-12.434220 -33.942730 12.699350
-12.581790 -34.055960 12.623350
-12.491310 -33.857290 12.699350
-12.652390 -33.950300 12.623350
-12.652390 -33.950300 12.623350
-12.804978 -34.038390 12.526750
-12.804978 -34.038390 12.526750
-12.947116 -34.120460 12.410950
-12.947116 34.120550 12.410950
-13.076983 34.195450 12.277350
-12.947116 -34.120460 12.410950
-13.076983 -34.195430 12.277350
-13.192913 34.262450 12.127750
-13.076983 34.195450 12.277350
-13.076983 -34.195430 12.277350
-13.192913 -34.262370 12.127750
-13.192913 -34.262370 12.127750
-13.293420 -34.320390 11.963950
-12.970752 34.354450 12.277350
-13.076954 34.435950 12.127750
-12.844679 34.498250 12.277350
-12.939335 34.592850 12.127750
-12.738640 34.392150 12.410950
-12.844679 34.498250 12.277350
11.441050 22.746250 12.786450
11.182050 22.676850 12.804150
11.245650 20.161950 12.780250
10.987150 -20.144950 12.715350
10.432650 -22.476050 12.611050
9.355350 -25.076850 12.611050
7.641650 -27.310200 12.611050
5.408350 -29.023920 12.611050
2.807450 -30.101210 12.611050
-8.157290 -27.858800 12.804150
-8.346840 -28.048350 12.786450
-5.629460 -29.464080 12.780250
-2.838550 -30.340330 12.715350
0.016450 -30.468650 12.611050
12.939250 -34.592835 12.127750
12.844650 -34.498179 12.277350
12.782350 -34.730454 12.127750
12.700850 -34.624252 12.277350
12.608850 -34.846413 12.127750
12.541850 -34.730483 12.277350
-12.608870 -34.846413 12.127750
-12.666890 -34.946920 11.963950
-12.541930 -34.730483 12.277350
-12.608870 -34.846413 12.127750
12.541850 -34.730483 12.277350
12.466950 -34.600616 12.410950
-12.466960 -34.600616 12.410950
-12.541930 -34.730483 12.277350
12.466950 -34.600616 12.410950
12.384850 -34.458478 12.526750
-12.384890 -34.458478 12.526750
-12.466960 -34.600616 12.410950
-12.296800 -34.305890 12.623350
-12.384890 -34.458478 12.526750
12.609550 -34.505283 12.410950
12.509650 -34.375070 12.526750
12.738550 -34.392140 12.410950
12.622550 -34.276090 12.526750
12.844650 -34.498179 12.277350
12.738550 -34.392140 12.410950
-12.851783 34.263150 12.410950
-12.970752 34.354450 12.277350
-13.076954 -34.435911 12.127750
-13.169027 -34.506561 11.963950
-12.939335 -34.592835 12.127750
-13.021399 -34.674899 11.963950
-12.782411 -34.730454 12.127750
-12.853061 -34.822527 11.963950
-12.402460 -34.235290 12.623350
-12.509720 -34.375070 12.526750
-12.498000 -34.151500 12.623350
-12.622590 -34.276090 12.526750
-12.581790 -34.055960 12.623350
-12.721570 -34.163220 12.526750
-12.721570 -34.163220 12.526750
-12.851783 -34.263130 12.410950
-12.851783 -34.263130 12.410950
-12.970752 -34.354420 12.277350
-12.970752 -34.354420 12.277350
-13.076954 -34.435911 12.127750
10.259450 25.598850 12.786450
10.027250 25.464850 12.804150
10.923650 22.607650 12.780250
10.987150 20.144950 12.715350
10.741650 -20.128850 12.611050
10.211950 -22.416850 12.469750
9.157450 -24.962550 12.469750
7.480050 -27.148620 12.469750
5.294050 -28.826030 12.469750
2.748350 -29.880490 12.469750
-9.994310 -25.464760 12.804150
-10.226460 -25.598790 12.786450
-7.968080 -27.669590 12.780250
-5.499110 -29.238310 12.715350
-2.774550 -30.101210 12.611050
0.016450 -30.240140 12.469750
12.700850 -34.624252 12.277350
12.609550 -34.505283 12.410950
-12.700920 -34.624252 12.277350
-12.782411 -34.730454 12.127750
-12.609630 -34.505283 12.410950
-12.700920 -34.624252 12.277350
-12.509720 -34.375070 12.526750
-12.609630 -34.505283 12.410950
-12.844679 -34.498179 12.277350
-12.939335 -34.592835 12.127750
-12.622590 -34.276090 12.526750
-12.738640 -34.392140 12.410950
-12.738640 -34.392140 12.410950
-12.844679 -34.498179 12.277350
8.379850 28.048350 12.786450
8.190250 27.858850 12.804150
9.795550 25.331050 12.780250
10.671850 22.540150 12.715350
10.741650 20.128950 12.611050
10.515150 -20.114050 12.469750
10.014950 -22.364050 12.294950
8.980850 -24.860550 12.294950
7.335850 -27.004390 12.294950
5.192050 -28.649380 12.294950
2.695550 -29.683470 12.294950
-11.149110 -22.676850 12.804150
-11.408030 -22.746250 12.786450
-9.762570 -25.330950 12.780250
-7.783740 -27.485250 12.715350
-5.375320 -29.023920 12.611050
-2.715350 -29.880490 12.469750
0.016450 -30.036180 12.294950
5.930250 29.928050 12.786450
5.796250 29.695850 12.804150
8.001050 27.669650 12.780250
9.569750 25.200650 12.715350
10.432650 22.476050 12.611050
10.515150 20.114050 12.469750
10.312950 -20.100750 12.294950
9.846350 -22.318950 12.090750
8.829650 -24.773350 12.090750
7.212450 -26.880970 12.090750
5.104750 -28.498220 12.090750
2.650350 -29.514870 12.090750
-11.477910 -20.179250 12.804150
-11.743680 -20.196650 12.786450
-10.890640 -22.607550 12.780250
-9.536800 -25.200650 12.715350
-7.608690 -27.310200 12.611050
-5.261070 -28.826030 12.469750
-2.662550 -29.683470 12.294950
0.016450 -29.861630 12.090750
5.662450 29.464150 12.780250
7.816750 27.485250 12.715350
9.355350 25.076850 12.611050
10.211950 22.416950 12.469750
10.312950 20.100750 12.294950
10.139850 -20.089450 12.090750
9.710150 -22.282450 11.862050
8.707650 -24.702850 11.862050
7.112750 -26.781300 11.862050
5.034350 -28.376160 11.862050
2.613950 -29.378720 11.862050
-11.477910 20.179350 12.804150
-11.743680 20.196750 12.786450
-11.212620 -20.161850 12.780250
-10.638830 -22.540150 12.715350
-9.322410 -25.076850 12.611050
-7.447110 -27.148620 12.469750
-5.159090 -28.649380 12.294950
-2.617450 -29.514870 12.090750
0.016450 -29.720680 11.862050
0.016450 31.244550 12.804150
0.016450 31.512550 12.786450
2.939050 30.592150 12.780250
5.532050 29.238350 12.715350
7.641650 27.310250 12.611050
9.157450 24.962650 12.469750
10.014950 22.364150 12.294950
10.139850 20.089450 12.090750
10.000150 -20.080250 11.862050
9.609750 -22.255550 11.614350
8.617550 -24.650850 11.614350
7.039250 -26.707780 11.614350
4.982350 -28.286120 11.614350
2.587050 -29.278300 11.614350
-11.149110 22.676850 12.804150
-11.408030 22.746250 12.786450
-11.212620 20.161950 12.780250
-10.954150 -20.144950 12.715350
-10.399700 -22.476050 12.611050
-9.124520 -24.962550 12.469750
-7.302880 -27.004390 12.294950
-5.071810 -28.498220 12.090750
-2.580950 -29.378720 11.862050
0.016450 -29.616710 11.614350
-2.975350 30.850650 12.804150
-3.044750 31.109550 12.786450
0.016450 30.976950 12.780250
2.871550 30.340350 12.715350
5.408350 29.023950 12.611050
7.480050 27.148650 12.469750
8.980850 24.860650 12.294950
9.846350 22.318950 12.090750
10.000150 20.080250 11.862050
9.897050 -20.073450 11.614350
9.547450 -22.238850 11.353550
8.561750 -24.618650 11.353550
6.993650 -26.662180 11.353550
4.950050 -28.230250 11.353550
2.570350 -29.215990 11.353550
-9.994310 25.464850 12.804150
-10.226460 25.598850 12.786450
-10.890640 22.607650 12.780250
-10.954150 20.144950 12.715350
-10.708710 -20.128850 12.611050
-10.178980 -22.416850 12.469750
-8.947870 -24.860550 12.294950
-7.179460 -26.880970 12.090750
-5.001340 -28.376160 11.862050
-2.554050 -29.278300 11.614350
0.016450 -29.552210 11.353550
-5.763250 29.695850 12.804150
-5.897280 29.928050 12.786450
-2.906050 30.592150 12.780250
0.016450 30.716250 12.715350
2.807450 30.101250 12.611050
5.294050 28.826050 12.469750
7.335850 27.004450 12.294950
8.829650 24.773350 12.090750
9.710150 22.282450 11.862050
9.897050 20.073550 11.614350
9.833050 -20.069350 11.353550
9.524750 -22.232750 11.085950
8.541350 -24.606850 11.085950
6.977050 -26.645560 11.085950
4.938350 -28.209910 11.085950
2.564250 -29.193300 11.085950
-8.157290 27.858850 12.804150
-8.346840 28.048350 12.786450
-9.762570 25.331050 12.780250
-10.638830 22.540150 12.715350
-10.708710 20.128950 12.611050
-10.482160 -20.114050 12.469750
-9.981960 -22.364050 12.294950
-8.796710 -24.773350 12.090750
-7.079790 -26.781300 11.862050
-4.949350 -28.286120 11.614350
-2.537350 -29.215990 11.353550
0.016450 -29.528720 11.085950
-5.629460 29.464150 12.780250
-2.838550 30.340350 12.715350
0.016450 30.468650 12.611050
2.748350 29.880550 12.469750
5.192050 28.649450 12.294950
7.212450 26.881050 12.090750
8.707650 24.702850 11.862050
9.609750 22.255550 11.614350
9.833050 20.069350 11.353550
9.809750 -20.067750 11.085950
9.542250 -22.237450 10.817850
8.557050 -24.615950 10.817850
6.989850 -26.658350 10.817850
4.947350 -28.225570 10.817850
2.568950 -29.210770 10.817850
-7.968080 27.669650 12.780250
-9.536800 25.200650 12.715350
-10.399700 22.476050 12.611050
-10.482160 20.114050 12.469750
-10.279930 -20.100750 12.294950
-9.813360 -22.318950 12.090750
-8.674650 -24.702850 11.862050
-7.006280 -26.707780 11.614350
-4.917100 -28.230250 11.353550
-2.531250 -29.193300 11.085950
0.016450 -29.546800 10.817850
-5.499110 29.238350 12.715350
-2.774550 30.101250 12.611050
0.016450 30.240150 12.469750
2.695550 29.683550 12.294950
5.104750 28.498250 12.090750
7.112750 26.781350 11.862050
8.617550 24.650950 11.614350
9.547450 22.238850 11.353550
9.809750 20.067850 11.085950
9.827750 -20.068950 10.817850
9.827750 -20.068950 10.817850
9.825050 20.068850 10.817850
9.827750 20.068950 10.817850
9.542250 22.237450 10.817850
9.539550 22.236750 10.817850
8.557050 24.615950 10.817850
8.554650 24.614550 10.817850
6.989850 26.658350 10.817850
6.987850 26.656450 10.817850
4.947350 28.225650 10.817850
4.946050 28.223250 10.817850
2.568950 29.210850 10.817850
2.568150 29.208150 10.817850
0.016450 29.546850 10.817850
0.016450 29.544050 10.817850
-2.535250 29.208150 10.817850
-2.535950 29.210850 10.817850
-4.913030 28.223250 10.817850
-4.914400 28.225650 10.817850
-6.954900 26.656450 10.817850
-6.956840 26.658350 10.817850
-8.521680 24.614550 10.817850
-8.524070 24.615950 10.817850
-9.506600 22.236750 10.817850
-9.509260 22.237450 10.817850
-9.792020 20.068850 10.817850
-9.792020 -20.068750 10.817850
-9.794750 20.068950 10.817850
9.825050 -20.068750 10.817850
9.542250 -22.237450 10.817850
9.539550 -22.236750 10.817850
8.557050 -24.615950 10.817850
8.554650 -24.614550 10.817850
6.989850 -26.658350 10.817850
6.987850 -26.656410 10.817850
4.947350 -28.225570 10.817850
4.946050 -28.223190 10.817850
2.568950 -29.210770 10.817850
2.568150 -29.208110 10.817850
0.016450 -29.544050 10.817850
0.016450 -29.546800 10.817850
-2.535250 -29.208110 10.817850
-2.535950 -29.210770 10.817850
-4.913030 -28.223190 10.817850
-4.914400 -28.225570 10.817850
-6.954900 -26.656410 10.817850
-6.956840 -26.658350 10.817850
-8.521680 -24.614550 10.817850
-8.524070 -24.615950 10.817850
-9.506600 -22.236750 10.817850
-9.509260 -22.237450 10.817850
-9.794750 -20.068950 10.817850
-7.783740 27.485250 12.715350
-9.322410 25.076850 12.611050
-10.178980 22.416950 12.469750
-10.279930 20.100750 12.294950
-10.106880 -20.089450 12.090750
-9.677210 -22.282450 11.862050
-8.584610 -24.650850 11.614350
-6.960670 -26.662180 11.353550
-4.905360 -28.209910 11.085950
-2.535950 -29.210770 10.817850
-5.375320 29.023950 12.611050
-2.715350 29.880550 12.469750
0.016450 30.036250 12.294950
2.650350 29.514950 12.090750
5.034350 28.376150 11.862050
7.039250 26.707850 11.614350
8.561750 24.618650 11.353550
9.524750 22.232750 11.085950
9.827750 20.068950 10.817850
-4.905360 28.209950 11.085950
-2.531250 29.193350 11.085950
-4.914400 28.225650 10.817850
-2.535950 29.210850 10.817850
-6.944060 26.645650 11.085950
-6.956840 26.658350 10.817850
-8.524070 24.615950 10.817850
-8.508400 24.606950 11.085950
-9.509260 22.237450 10.817850
-9.491790 22.232750 11.085950
-9.794750 20.068950 10.817850
-9.776820 20.067850 11.085950
-9.776820 -20.067750 11.085950
-9.794750 -20.068950 10.817850
-9.491790 -22.232750 11.085950
-9.509260 -22.237450 10.817850
-8.508400 -24.606850 11.085950
-8.524070 -24.615950 10.817850
-6.944060 -26.645560 11.085950
-6.956840 -26.658350 10.817850
-4.914400 -28.225570 10.817850
9.542250 22.237450 10.817850
8.557050 24.615950 10.817850
8.541350 24.606950 11.085950
6.989850 26.658350 10.817850
6.977050 26.645650 11.085950
4.938350 28.209950 11.085950
4.947350 28.225650 10.817850
2.564250 29.193350 11.085950
2.568950 29.210850 10.817850
0.016450 29.528750 11.085950
0.016450 29.546850 10.817850
-7.608690 27.310250 12.611050
-9.124520 24.962650 12.469750
-9.981960 22.364150 12.294950
-10.106880 20.089450 12.090750
-9.967140 -20.080250 11.862050
-9.576790 -22.255550 11.614350
-8.528750 -24.618650 11.353550
-5.261070 28.826050 12.469750
-2.662550 29.683550 12.294950
0.016450 29.861650 12.090750
2.613950 29.378750 11.862050
4.982350 28.286150 11.614350
6.993650 26.662250 11.353550
-4.917100 28.230250 11.353550
-2.537350 29.216050 11.353550
-6.960670 26.662250 11.353550
-8.528750 24.618650 11.353550
-9.514480 22.238850 11.353550
-9.800110 20.069350 11.353550
-9.800110 -20.069350 11.353550
-9.514480 -22.238850 11.353550
4.950050 28.230250 11.353550
2.570350 29.216050 11.353550
0.016450 29.552250 11.353550
-7.447110 27.148650 12.469750
-8.947870 24.860650 12.294950
-9.813360 22.318950 12.090750
-9.967140 20.080250 11.862050
-9.864060 -20.073450 11.614350
-5.159090 28.649450 12.294950
-2.617450 29.514950 12.090750
0.016450 29.720750 11.862050
2.587050 29.278350 11.614350
-4.949350 28.286150 11.614350
-2.554050 29.278350 11.614350
-7.006280 26.707850 11.614350
-8.584610 24.650950 11.614350
-9.576790 22.255550 11.614350
-9.864060 20.073550 11.614350
0.016450 29.616750 11.614350
-7.302880 27.004450 12.294950
-8.796710 24.773350 12.090750
-9.677210 22.282450 11.862050
-5.071810 28.498250 12.090750
-2.580950 29.378750 11.862050
-5.001340 28.376150 11.862050
-7.079790 26.781350 11.862050
-8.674650 24.702850 11.862050
-7.179460 26.881050 12.090750
4.737250 -24.405850 -9.736670
4.569650 -24.238250 -9.854200
1.744450 -26.133750 -9.736670
1.683050 -25.904820 -9.854200
4.895150 -24.563650 -9.594670
5.798250 -23.023150 -9.736670
5.593050 -22.904650 -9.854200
4.394250 -24.062750 -9.945950
0.016450 -26.124230 -9.854200
0.016450 -26.361230 -9.736670
1.802150 -26.349350 -9.594670
1.618850 -25.665140 -9.945950
5.041450 -24.709950 -9.429810
5.991550 -23.134750 -9.594670
6.465250 -21.412950 -9.736670
6.236250 -21.351650 -9.854200
5.378150 -22.780550 -9.945950
4.212950 -23.881450 -10.010880
2.983850 -24.824550 -10.010880
-1.650050 -25.904820 -9.854200
-1.711450 -26.133750 -9.736670
0.016450 -26.584440 -9.594670
0.016450 -25.876100 -9.945950
1.855750 -26.549200 -9.429810
1.552450 -25.417450 -10.010880
5.174550 -24.843050 -9.243940
6.170750 -23.238150 -9.429810
6.680850 -21.470750 -9.594670
6.669450 -19.861950 -9.736670
6.434450 -19.846550 -9.854200
5.996650 -21.287350 -9.945950
5.156050 -22.652350 -10.010880
4.027750 -23.696250 -10.048240
2.852850 -24.597750 -10.048240
-3.203150 -25.261550 -9.854200
-3.321650 -25.466790 -9.736670
-1.769250 -26.349350 -9.594670
-1.585850 -25.665140 -9.945950
0.016450 -26.791340 -9.429810
0.016450 -25.619640 -10.010880
1.904450 -26.731040 -9.243940
1.484650 -25.164450 -10.048240
5.292950 -24.961450 -9.039160
6.333750 -23.332350 -9.243940
6.880650 -21.524250 -9.429810
6.890750 -19.876450 -9.594670
6.669450 19.861950 -9.736670
6.434450 19.846550 -9.854200
6.188450 -19.830450 -9.945950
5.748850 -21.221050 -10.010880
4.929250 -22.521350 -10.048240
5.674550 19.796750 -10.048240
5.674550 -19.796750 -10.048240
5.495950 21.153250 -10.048240
5.495950 -21.153250 -10.048240
4.929250 22.521450 -10.048240
4.929250 -22.521350 -10.048240
4.027750 23.696250 -10.048240
4.027750 -23.696250 -10.048240
2.852850 24.597750 -10.048240
2.812050 22.480650 -10.048240
1.993250 23.108950 -10.048240
1.484650 25.164450 -10.048240
1.039750 23.503850 -10.048240
0.016450 25.357750 -10.048240
0.016450 23.638550 -10.048240
-1.006750 23.503850 -10.048240
-1.451750 25.164450 -10.048240
-1.960250 23.108950 -10.048240
-2.779050 22.480650 -10.048240
-2.819850 24.597750 -10.048240
-3.407350 21.661850 -10.048240
-3.802320 20.708350 -10.048240
-3.937030 0.000050 -10.048240
-3.994730 23.696250 -10.048240
-3.937030 19.685050 -10.048240
2.852850 -24.597750 -10.048240
1.484650 -25.164450 -10.048240
1.181050 -23.900550 -10.048240
1.140850 -23.594850 -10.048240
1.022850 -23.309950 -10.048240
0.835150 -23.065350 -10.048240
0.590550 -22.877650 -10.048240
0.305650 -22.759650 -10.048240
-0.000050 -22.719450 -10.048240
-0.305750 -22.759650 -10.048240
-0.590550 -22.877650 -10.048240
-0.835150 -23.065350 -10.048240
-1.022850 -23.309950 -10.048240
-1.140850 -23.594850 -10.048240
-1.181150 -23.900550 -10.048240
-1.451750 -25.164450 -10.048240
-2.819850 -24.597750 -10.048240
-3.994730 -23.696250 -10.048240
-4.896230 22.521450 -10.048240
-4.896230 -22.521350 -10.048240
-5.462940 21.153250 -10.048240
-5.462940 -21.153250 -10.048240
-5.641530 19.796750 -10.048240
-5.641530 -19.796750 -10.048240
1.140850 -24.206250 -10.048240
1.022850 -24.491050 -10.048240
0.835150 -24.735750 -10.048240
0.590550 -24.923450 -10.048240
0.305650 -25.041350 -10.048240
0.016450 -25.357750 -10.048240
-0.000050 -25.081650 -10.048240
-0.305750 -25.041350 -10.048240
-0.590550 -24.923450 -10.048240
-0.835150 -24.735750 -10.048240
-1.022850 -24.491050 -10.048240
-1.140850 -24.206250 -10.048240
-4.536720 -24.238250 -9.854200
-4.704310 -24.405850 -9.736670
-3.433250 -25.660100 -9.594670
-3.079050 -25.046650 -9.945950
-1.822750 -26.549200 -9.429810
-1.519550 -25.417450 -10.010880
0.016450 -26.979590 -9.243940
0.016450 -25.357750 -10.048240
1.947850 -26.892810 -9.039160
5.395350 -25.063950 -8.817780
6.478850 -23.416050 -9.039160
7.062550 -21.572950 -9.243940
7.095850 -19.889850 -9.429810
6.890750 19.876450 -9.594670
6.465250 21.412950 -9.736670
6.236250 21.351650 -9.854200
6.188450 19.830450 -9.945950
5.934150 -19.813750 -10.010880
5.495950 -21.153250 -10.048240
0.016450 25.357750 -10.048240
-1.451750 25.164450 -10.048240
0.016450 25.619650 -10.010880
-1.519550 25.417450 -10.010880
-2.819850 24.597750 -10.048240
-2.950850 24.824550 -10.010880
-3.994730 23.696250 -10.048240
-4.179920 23.881450 -10.010880
-4.896230 22.521450 -10.048240
-5.123040 22.652350 -10.010880
-5.462940 21.153250 -10.048240
-5.715910 21.221050 -10.010880
-5.641530 19.796750 -10.048240
-5.901180 19.813750 -10.010880
-5.641530 -19.796750 -10.048240
-5.901180 -19.813750 -10.010880
-5.462940 -21.153250 -10.048240
-5.715910 -21.221050 -10.010880
-4.896230 -22.521350 -10.048240
-5.123040 -22.652350 -10.010880
-3.994730 -23.696250 -10.048240
-4.179920 -23.881450 -10.010880
-2.819850 -24.597750 -10.048240
-2.950850 -24.824550 -10.010880
-1.451750 -25.164450 -10.048240
5.674550 -19.796750 -10.048240
5.934150 19.813750 -10.010880
5.674550 19.796750 -10.048240
5.748850 21.221050 -10.010880
5.495950 21.153250 -10.048240
5.156050 22.652350 -10.010880
4.929250 22.521450 -10.048240
4.212950 23.881450 -10.010880
4.027750 23.696250 -10.048240
2.983850 24.824550 -10.010880
2.852850 24.597750 -10.048240
1.552450 25.417450 -10.010880
1.484650 25.164450 -10.048240
-5.560030 -22.904650 -9.854200
-5.765280 -23.023150 -9.736670
-4.862140 -24.563650 -9.594670
-4.361260 -24.062750 -9.945950
-3.536650 -25.839270 -9.429810
-1.871450 -26.731040 -9.243940
0.016450 -27.147080 -9.039160
1.985250 -27.032710 -8.817780
5.480650 -25.149150 -8.582290
6.604250 -23.488450 -8.817780
7.224250 -21.616350 -9.039160
7.282450 -19.902150 -9.243940
7.095850 19.889950 -9.429810
6.680850 21.470750 -9.594670
5.798250 23.023150 -9.736670
5.593050 22.904650 -9.854200
5.996650 21.287450 -9.945950
0.016450 25.876150 -9.945950
-1.585850 25.665150 -9.945950
-3.079050 25.046650 -9.945950
-4.361260 24.062850 -9.945950
-5.345140 22.780550 -9.945950
-5.963630 21.287450 -9.945950
-6.155450 19.830450 -9.945950
-6.155450 -19.830450 -9.945950
-5.963630 -21.287350 -9.945950
-5.345140 -22.780550 -9.945950
5.378150 22.780550 -9.945950
4.394250 24.062850 -9.945950
1.618850 25.665150 -9.945950
-6.203310 -21.351650 -9.854200
-6.432240 -21.412950 -9.736670
-5.958590 -23.134750 -9.594670
-5.008440 -24.709950 -9.429810
-3.630750 -26.002300 -9.243940
-1.914850 -26.892810 -9.039160
0.016450 -27.291910 -8.817780
2.016550 -27.149150 -8.582290
5.547750 -25.216250 -8.335350
6.708650 -23.548750 -8.582290
7.364150 -21.653850 -8.817780
7.448550 -19.913050 -9.039160
7.282450 19.902150 -9.243940
6.880650 21.524350 -9.429810
5.991550 23.134750 -9.594670
4.737250 24.405850 -9.736670
4.569650 24.238250 -9.854200
0.016450 26.124250 -9.854200
-1.650050 25.904850 -9.854200
-3.203150 25.261550 -9.854200
-4.536720 24.238250 -9.854200
-5.560030 22.904650 -9.854200
-6.203310 21.351650 -9.854200
-6.401450 19.846550 -9.854200
-6.401450 -19.846550 -9.854200
1.683050 25.904850 -9.854200
-6.636430 -19.861950 -9.736670
-6.647840 -21.470750 -9.594670
-6.137760 -23.238150 -9.429810
-5.141550 -24.843050 -9.243940
-3.714550 -26.147350 -9.039160
-1.952350 -27.032710 -8.817780
0.016450 -27.412460 -8.582290
2.041050 -27.240820 -8.335350
5.595950 -25.264450 -8.079740
6.790850 -23.596150 -8.335350
7.480650 -21.685050 -8.582290
7.592150 -19.922450 -8.817780
7.448550 19.913050 -9.039160
7.062550 21.573050 -9.243940
6.170750 23.238250 -9.429810
4.895150 24.563650 -9.594670
0.016450 26.361250 -9.736670
-1.711450 26.133750 -9.736670
-3.321650 25.466850 -9.736670
-4.704310 24.405850 -9.736670
-5.765280 23.023150 -9.736670
-6.432240 21.412950 -9.736670
-6.636430 19.861950 -9.736670
1.744450 26.133750 -9.736670
-6.857730 -19.876450 -9.594670
-6.847690 -21.524250 -9.429810
-6.300800 -23.332350 -9.243940
-5.259980 -24.961450 -9.039160
-3.786960 -26.272780 -8.817780
-1.983550 -27.149150 -8.582290
0.016450 -27.507360 -8.335350
2.058750 -27.306680 -8.079740
5.817550 -25.486120 -6.524870
4.118450 -26.789890 -6.524870
6.849850 -23.630250 -8.079740
7.572250 -21.709550 -8.335350
7.711650 -19.930250 -8.582290
7.592150 19.922450 -8.817780
7.224250 21.616350 -9.039160
6.333750 23.332350 -9.243940
5.041450 24.709950 -9.429810
0.016450 26.584450 -9.594670
-1.769250 26.349350 -9.594670
-3.433250 25.660150 -9.594670
-4.862140 24.563650 -9.594670
-5.958590 23.134750 -9.594670
-6.647840 21.470750 -9.594670
-6.857730 19.876450 -9.594670
1.802150 26.349350 -9.594670
-7.062860 -19.889850 -9.429810
-7.029530 -21.572950 -9.243940
-6.445840 -23.416050 -9.039160
-5.362390 -25.063950 -8.817780
-3.847230 -26.377180 -8.582290
-2.008050 -27.240820 -8.335350
0.016450 -27.575550 -8.079740
2.139850 -27.609470 -6.524870
6.020150 -25.688720 -4.964820
4.261750 -27.038020 -4.964820
7.121350 -23.787050 -6.524870
7.638150 -21.727250 -8.079740
7.805750 -19.936450 -8.335350
7.711650 19.930250 -8.582290
7.364150 21.653850 -8.817780
6.478850 23.416050 -9.039160
5.174550 24.843150 -9.243940
0.016450 26.791350 -9.429810
-1.822750 26.549250 -9.429810
-3.536650 25.839350 -9.429810
-5.008440 24.709950 -9.429810
-6.137760 23.238250 -9.429810
-6.847690 21.524350 -9.429810
-7.062860 19.889950 -9.429810
1.855750 26.549250 -9.429810
-7.249500 -19.902150 -9.243940
-7.191310 -21.616350 -9.039160
-6.571270 -23.488450 -8.817780
-5.447630 -25.149150 -8.582290
-3.894680 -26.459360 -8.335350
-2.025750 -27.306680 -8.079740
0.016450 -27.889010 -6.524870
2.213950 -27.886230 -4.964820
6.203650 -25.872210 -3.400040
4.391450 -27.262750 -3.400040
7.369450 -23.930250 -4.964820
7.940950 -21.808350 -6.524870
7.873350 -19.940850 -8.079740
7.805750 19.936450 -8.335350
7.480650 21.685050 -8.582290
6.604250 23.488550 -8.817780
5.292950 24.961550 -9.039160
0.016450 26.979650 -9.243940
-1.871450 26.731050 -9.243940
-3.630750 26.002350 -9.243940
-5.141550 24.843150 -9.243940
-6.300800 23.332350 -9.243940
-7.029530 21.573050 -9.243940
-7.249500 19.902150 -9.243940
1.904450 26.731050 -9.243940
-7.415550 -19.913050 -9.039160
-7.331200 -21.653850 -8.817780
-6.675670 -23.548750 -8.582290
-5.514740 -25.216250 -8.335350
-3.928770 -26.518420 -8.079740
-2.106850 -27.609470 -6.524870
0.016450 -28.175530 -4.964820
2.281150 -28.136880 -3.400040
6.368050 -26.036530 -1.831050
4.507650 -27.464000 -1.831050
7.594250 -24.060050 -3.400040
8.217650 -21.882550 -4.964820
8.184150 -19.961250 -6.524870
7.873350 19.940850 -8.079740
7.572250 21.709650 -8.335350
6.708650 23.548750 -8.582290
5.395350 25.063950 -8.817780
-1.914850 26.892850 -9.039160
0.016450 27.147150 -9.039160
-3.714550 26.147350 -9.039160
-5.259980 24.961550 -9.039160
-6.445840 23.416050 -9.039160
-7.191310 21.616350 -9.039160
-7.415550 19.913050 -9.039160
1.947850 26.892850 -9.039160
-7.559150 -19.922450 -8.817780
-7.447640 -21.685050 -8.582290
-6.757860 -23.596150 -8.335350
-5.562960 -25.264450 -8.079740
-4.085510 -26.789890 -6.524870
-2.181050 -27.886230 -4.964820
0.016450 -28.435030 -3.400040
2.341350 -28.361350 -1.831050
6.513150 -26.181640 -0.258150
4.610250 -27.641720 -0.258150
7.795450 -24.176250 -1.831050
8.468350 -21.949650 -3.400040
8.468150 -19.979850 -4.964820
8.184150 19.961250 -6.524870
7.638150 21.727250 -8.079740
6.790850 23.596250 -8.335350
5.480650 25.149150 -8.582290
-1.952350 27.032750 -8.817780
0.016450 27.291950 -8.817780
-3.786960 26.272850 -8.817780
-5.362390 25.063950 -8.817780
-6.571270 23.488550 -8.817780
-7.331200 21.653850 -8.817780
-7.559150 19.922450 -8.817780
1.985250 27.032750 -8.817780
-7.678660 -19.930250 -8.582290
-7.539310 -21.709550 -8.335350
-6.816910 -23.630250 -8.079740
-5.784610 -25.486120 -6.524870
-4.228770 -27.038020 -4.964820
-2.248150 -28.136880 -3.400040
0.016450 -28.667410 -1.831050
2.394450 -28.559560 -0.258150
6.638950 -26.307480 1.317950
4.699250 -27.795850 1.317950
7.973150 -24.278850 -0.258150
8.692850 -22.009850 -1.831050
8.725450 -19.996750 -3.400040
8.468150 19.979850 -4.964820
7.940950 21.808450 -6.524870
6.849850 23.630350 -8.079740
5.547750 25.216250 -8.335350
-1.983550 27.149150 -8.582290
0.016450 27.412550 -8.582290
-3.847230 26.377250 -8.582290
-5.447630 25.149150 -8.582290
-6.675670 23.548750 -8.582290
-7.447640 21.685050 -8.582290
-7.678660 19.930250 -8.582290
2.016550 27.149150 -8.582290
-7.772750 -19.936450 -8.335350
-7.605170 -21.727250 -8.079740
-7.088380 -23.787050 -6.524870
-5.987210 -25.688720 -4.964820
-4.358510 -27.262750 -3.400040
-2.308350 -28.361350 -1.831050
0.016450 -28.872620 -0.258150
2.440450 -28.731470 1.317950
6.745550 -26.414030 2.896950
4.774650 -27.926340 2.896950
8.127350 -24.367850 1.317950
8.891050 -22.062950 -0.258150
8.955850 -20.011850 -1.831050
8.725450 19.996750 -3.400040
8.217650 21.882550 -4.964820
7.121350 23.787050 -6.524870
5.595950 25.264550 -8.079740
-2.008050 27.240850 -8.335350
0.016450 27.507450 -8.335350
-3.894680 26.459450 -8.335350
-5.514740 25.216250 -8.335350
-6.757860 23.596250 -8.335350
-7.539310 21.709650 -8.335350
-7.772750 19.936450 -8.335350
2.041050 27.240850 -8.335350
-7.840360 -19.940850 -8.079740
-7.907960 -21.808350 -6.524870
-7.336510 -23.930250 -4.964820
-6.170700 -25.872210 -3.400040
-4.474710 -27.464000 -1.831050
-2.361450 -28.559560 -0.258150
0.016450 -29.050600 1.317950
2.479450 -28.877020 2.896950
6.832750 -26.501250 4.478250
4.836250 -28.033170 4.478250
8.257850 -24.443150 2.896950
9.062950 -22.109050 1.317950
9.159350 -20.025150 -0.258150
8.955850 20.011850 -1.831050
8.468350 21.949750 -3.400040
7.369450 23.930350 -4.964820
5.817550 25.486150 -6.524870
-2.025750 27.306750 -8.079740
0.016450 27.575550 -8.079740
-3.928770 26.518450 -8.079740
-5.562960 25.264550 -8.079740
-6.816910 23.630350 -8.079740
-7.605170 21.727250 -8.079740
-7.840360 19.940850 -8.079740
2.058750 27.306750 -8.079740
-8.151140 -19.961250 -6.524870
-8.184720 -21.882550 -4.964820
-7.561240 -24.060050 -3.400040
-6.335020 -26.036530 -1.831050
-4.577310 -27.641720 -0.258150
-2.407450 -28.731470 1.317950
0.016450 -29.201280 2.896950
2.511450 -28.996170 4.478250
6.900550 -26.569120 6.061550
4.884250 -28.116280 6.061550
8.364650 -24.504850 4.478250
9.208450 -22.148050 2.896950
9.335750 -20.036750 1.317950
9.159350 20.025150 -0.258150
8.692850 22.009850 -1.831050
7.594250 24.060050 -3.400040
6.020150 25.688750 -4.964820
4.118450 26.789950 -6.524870
-2.106850 27.609550 -6.524870
0.016450 27.889050 -6.524870
-4.085510 26.789950 -6.524870
-5.784610 25.486150 -6.524870
-7.088380 23.787050 -6.524870
-7.907960 21.808450 -6.524870
-8.151140 19.961250 -6.524870
2.139850 27.609550 -6.524870
-8.435210 -19.979850 -4.964820
-8.435370 -21.949650 -3.400040
-7.762490 -24.176250 -1.831050
-6.480130 -26.181640 -0.258150
-4.666300 -27.795850 1.317950
-2.446450 -28.877020 2.896950
0.016450 -29.324630 4.478250
2.536250 -29.088870 6.061550
6.949050 -26.617610 7.646150
4.918550 -28.175670 7.646150
8.447750 -24.552850 6.061550
9.327650 -22.179950 4.478250
9.485150 -20.046550 2.896950
9.335750 20.036750 1.317950
8.891050 22.062950 -0.258150
7.795450 24.176250 -1.831050
6.203650 25.872250 -3.400040
4.261750 27.038050 -4.964820
-2.181050 27.886250 -4.964820
0.016450 28.175550 -4.964820
-4.228770 27.038050 -4.964820
-5.987210 25.688750 -4.964820
-7.336510 23.930350 -4.964820
-8.184720 21.882550 -4.964820
-8.435210 19.979850 -4.964820
2.213950 27.886250 -4.964820
-8.692480 -19.996750 -3.400040
-8.659840 -22.009850 -1.831050
-7.940210 -24.278850 -0.258150
-6.605970 -26.307480 1.317950
-4.741640 -27.926340 2.896950
-2.478450 -28.996170 4.478250
0.016450 -29.420610 6.061550
2.553950 -29.155110 7.646150
6.978150 -26.646710 9.231850
4.939150 -28.211310 9.231850
8.507150 -24.587050 7.646150
9.420350 -22.204750 6.061550
9.607450 -20.054550 4.478250
9.485150 20.046550 2.896950
9.062950 22.109050 1.317950
7.973150 24.278850 -0.258150
6.368050 26.036550 -1.831050
4.391450 27.262750 -3.400040
-2.248150 28.136950 -3.400040
0.016450 28.435050 -3.400040
-4.358510 27.262750 -3.400040
-6.170700 25.872250 -3.400040
-7.561240 24.060050 -3.400040
-8.435370 21.949750 -3.400040
-8.692480 19.996750 -3.400040
2.281150 28.136950 -3.400040
-8.922880 -20.011850 -1.831050
-8.858050 -22.062950 -0.258150
-8.094340 -24.367850 1.317950
-6.712520 -26.414030 2.896950
-4.803310 -28.033170 4.478250
-2.503250 -29.088870 6.061550
0.016450 -29.489180 7.646150
2.564650 -29.194860 9.231850
6.987850 -26.656410 10.817850
4.946050 -28.223190 10.817850
8.542750 -24.607650 9.231850
9.486550 -22.222550 7.646150
9.702650 -20.060750 6.061550
9.607450 20.054550 4.478250
9.208450 22.148050 2.896950
8.127350 24.367850 1.317950
6.513150 26.181650 -0.258150
4.507650 27.464050 -1.831050
-2.308350 28.361350 -1.831050
0.016450 28.667450 -1.831050
-4.474710 27.464050 -1.831050
-6.335020 26.036550 -1.831050
-7.762490 24.176250 -1.831050
-8.659840 22.009850 -1.831050
-8.922880 20.011850 -1.831050
2.341350 28.361350 -1.831050
-9.126340 -20.025150 -0.258150
-9.029960 -22.109050 1.317950
-8.224830 -24.443150 2.896950
-6.799740 -26.501250 4.478250
-4.851300 -28.116280 6.061550
-2.521050 -29.155110 7.646150
0.016450 -29.530330 9.231850
2.568150 -29.208110 10.817850
8.554650 -24.614550 10.817850
9.526350 -22.233150 9.231850
9.770550 -20.065250 7.646150
9.702650 20.060750 6.061550
9.327650 22.179950 4.478250
8.257850 24.443150 2.896950
6.638950 26.307550 1.317950
4.610250 27.641750 -0.258150
-2.361450 28.559650 -0.258150
0.016450 28.872650 -0.258150
-4.577310 27.641750 -0.258150
-6.480130 26.181650 -0.258150
-7.940210 24.278850 -0.258150
-8.858050 22.062950 -0.258150
-9.126340 20.025150 -0.258150
2.394450 28.559650 -0.258150
-9.302790 -20.036750 1.317950
-9.175510 -22.148050 2.896950
-8.331660 -24.504850 4.478250
-6.867610 -26.569120 6.061550
-4.885590 -28.175670 7.646150
-2.531650 -29.194860 9.231850
0.016450 -29.544050 10.817850
9.539550 -22.236750 10.817850
9.811350 -20.067850 9.231850
9.770550 20.065250 7.646150
9.420350 22.204850 6.061550
8.364650 24.504850 4.478250
6.745550 26.414050 2.896950
4.699250 27.795850 1.317950
-2.407450 28.731550 1.317950
0.016450 29.050650 1.317950
-4.666300 27.795850 1.317950
-6.605970 26.307550 1.317950
-8.094340 24.367850 1.317950
-9.029960 22.109050 1.317950
-9.302790 20.036750 1.317950
2.440450 28.731550 1.317950
-9.452180 -20.046550 2.896950
-9.294660 -22.179950 4.478250
-8.414770 -24.552850 6.061550
-6.916100 -26.617610 7.646150
-4.906170 -28.211310 9.231850
-2.535250 -29.208110 10.817850
9.825050 -20.068750 10.817850
9.811350 20.067950 9.231850
9.486550 22.222550 7.646150
8.447750 24.552850 6.061550
6.832750 26.501250 4.478250
4.774650 27.926350 2.896950
-2.446450 28.877050 2.896950
0.016450 29.201350 2.896950
-4.741640 27.926350 2.896950
-6.712520 26.414050 2.896950
-8.224830 24.443150 2.896950
-9.175510 22.148050 2.896950
-9.452180 20.046550 2.896950
2.479450 28.877050 2.896950
-9.574470 -20.054550 4.478250
-9.387360 -22.204750 6.061550
-8.474160 -24.587050 7.646150
-6.945200 -26.646710 9.231850
-4.913030 -28.223190 10.817850
9.825050 20.068850 10.817850
9.526350 22.233250 9.231850
8.507150 24.587150 7.646150
6.900550 26.569150 6.061550
4.836250 28.033250 4.478250
-2.478450 28.996250 4.478250
0.016450 29.324650 4.478250
-4.803310 28.033250 4.478250
-6.799740 26.501250 4.478250
-8.331660 24.504850 4.478250
-9.294660 22.179950 4.478250
-9.574470 20.054550 4.478250
2.511450 28.996250 4.478250
-9.669630 -20.060750 6.061550
-9.453600 -22.222550 7.646150
-8.509800 -24.607650 9.231850
-6.954900 -26.656410 10.817850
9.539550 22.236750 10.817850
8.542750 24.607750 9.231850
6.949050 26.617650 7.646150
4.884250 28.116350 6.061550
-2.503250 29.088950 6.061550
0.016450 29.420650 6.061550
-4.851300 28.116350 6.061550
-6.867610 26.569150 6.061550
-8.414770 24.552850 6.061550
-9.387360 22.204850 6.061550
-9.669630 20.060750 6.061550
2.536250 29.088950 6.061550
-9.737620 -20.065250 7.646150
-9.493350 -22.233150 9.231850
-8.521680 -24.614550 10.817850
8.554650 24.614550 10.817850
6.978150 26.646750 9.231850
4.918550 28.175750 7.646150
-2.521050 29.155150 7.646150
0.016450 29.489250 7.646150
-4.885590 28.175750 7.646150
-6.916100 26.617650 7.646150
-8.474160 24.587150 7.646150
-9.453600 22.222550 7.646150
-9.737620 20.065250 7.646150
2.553950 29.155150 7.646150
-9.778420 -20.067850 9.231850
-9.506600 -22.236750 10.817850
6.987850 26.656450 10.817850
4.939150 28.211350 9.231850
-2.531650 29.194950 9.231850
0.016450 29.530350 9.231850
-4.906170 28.211350 9.231850
-6.945200 26.646750 9.231850
-8.509800 24.607750 9.231850
-9.493350 22.233250 9.231850
-9.778420 20.067950 9.231850
2.564650 29.194950 9.231850
-9.792020 -20.068750 10.817850
4.946050 28.223250 10.817850
-2.535250 29.208150 10.817850
0.016450 29.544050 10.817850
-4.913030 28.223250 10.817850
-6.954900 26.656450 10.817850
-8.521680 24.614550 10.817850
-9.506600 22.236750 10.817850
-9.792020 20.068850 10.817850
2.568150 29.208150 10.817850
2.812050 22.480650 -10.048240
1.993250 23.108950 -10.048240
1.039750 23.503850 -10.048240
0.016450 23.638550 -10.048240
-1.006750 23.503850 -10.048240
-1.960250 23.108950 -10.048240
-2.779050 22.480650 -10.048240
-3.407350 21.661850 -10.048240
-3.802320 20.708350 -10.048240
-3.937030 0.000050 -10.048240
-3.937030 19.685050 -10.048240
