-0.000500 23.759550 -8.943990
-0.239500 23.728050 -11.755858
-0.000500 23.759550 -11.755858
-0.239500 23.728050 -8.943990
-0.239500 23.728050 -8.943990
-0.000500 23.759550 -8.943990
-0.239500 23.728050 -11.755858
-0.000500 23.759550 -11.755858
-0.463500 23.635650 -11.755858
-0.463500 23.635650 -8.943990
-0.463500 23.635650 -8.943990
-0.463500 23.635650 -11.755858
0.239500 23.728050 -8.943990
0.239500 23.728050 -11.755858
0.239500 23.728050 -8.943990
0.239500 23.728050 -11.755858
-0.654500 23.488650 -11.755858
-0.654500 23.488650 -8.943990
-0.654500 23.488650 -8.943990
-0.654500 23.488650 -11.755858
0.462500 23.635650 -8.943990
0.462500 23.635650 -11.755858
0.462500 23.635650 -8.943990
0.462500 23.635650 -11.755858
-0.801500 23.296650 -8.943990
-0.801500 23.296650 -11.755858
-0.801500 23.296650 -11.755858
-0.801500 23.296650 -8.943990
0.653500 23.488650 -8.943990
0.653500 23.488650 -11.755858
0.653500 23.488650 -8.943990
0.653500 23.488650 -11.755858
-0.894500 23.073650 -8.943990
-0.894500 23.073650 -11.755858
-0.894500 23.073650 -11.755858
-0.894500 23.073650 -8.943990
0.800500 23.296650 -11.755858
0.800500 23.296650 -8.943990
0.800500 23.296650 -8.943990
0.800500 23.296650 -11.755858
-0.925500 22.834650 -8.943990
-0.925500 22.834650 -11.755858
-0.925500 22.834650 -11.755858
-0.925500 22.834650 -8.943990
0.893500 23.073650 -11.755858
0.893500 23.073650 -8.943990
0.893500 23.073650 -8.943990
0.893500 23.073650 -11.755858
-0.894500 22.594650 -8.943990
-0.894500 22.594650 -11.755858
-0.894500 22.594650 -11.755858
-0.894500 22.594650 -8.943990
0.924500 22.834650 -11.755858
0.924500 22.834650 -8.943990
0.924500 22.834650 -8.943990
0.924500 22.834650 -11.755858
-0.801500 22.371650 -8.943990
-0.801500 22.371650 -11.755858
-0.801500 22.371650 -11.755858
-0.801500 22.371650 -8.943990
0.893500 22.594650 -11.755858
0.893500 22.594650 -8.943990
0.893500 22.594650 -8.943990
0.893500 22.594650 -11.755858
-0.654500 22.179650 -8.943990
-0.654500 22.179650 -11.755858
-0.654500 22.179650 -11.755858
-0.654500 22.179650 -8.943990
0.800500 22.371650 -11.755858
0.800500 22.371650 -8.943990
0.800500 22.371650 -8.943990
0.800500 22.371650 -11.755858
-0.463500 22.032650 -11.755858
-0.463500 22.032650 -8.943990
-0.463500 22.032650 -8.943990
-0.463500 22.032650 -11.755858
0.653500 22.179650 -11.755858
0.653500 22.179650 -8.943990
0.653500 22.179650 -8.943990
0.653500 22.179650 -11.755858
-0.239500 21.940650 -11.755858
-0.239500 21.940650 -8.943990
-0.239500 21.940650 -8.943990
-0.239500 21.940650 -11.755858
0.462500 22.032650 -8.943990
0.462500 22.032650 -11.755858
0.462500 22.032650 -8.943990
0.462500 22.032650 -11.755858
-0.000500 21.909650 -11.755858
-0.000500 21.909650 -8.943990
-0.000500 21.909650 -8.943990
-0.000500 21.909650 -11.755858
0.239500 21.940650 -8.943990
0.239500 21.940650 -11.755858
0.239500 21.940650 -8.943990
0.239500 21.940650 -11.755858
-8.476500 26.167850 -8.943990
-8.904500 25.970250 -12.093600
-8.476500 26.167850 -12.093600
-8.904500 25.970250 -8.943990
-8.904500 25.970250 -8.943990
-8.476500 26.167850 -8.943990
-8.904500 25.970250 -12.093600
-8.476500 26.167850 -12.093600
-8.024500 26.303250 -8.943990
-8.024500 26.303250 -12.093600
-8.024500 26.303250 -8.943990
-8.024500 26.303250 -12.093600
-8.476500 26.167850 4.835500
-8.904500 25.970250 -8.943990
-8.476500 26.167850 -8.943990
-8.904500 25.970250 4.835500
-8.904500 25.970250 4.835500
-8.476500 26.167850 4.835500
-8.904500 25.970250 -8.943990
-8.476500 26.167850 -8.943990
10.625500 -23.306350 -8.943990
10.629500 22.834650 -8.943990
10.629500 -22.835350 -8.943990
10.625500 23.305650 -8.943990
10.555500 -23.773350 -8.943990
10.554500 23.772450 -8.943990
10.419500 -24.225350 -8.943990
10.419500 24.224350 -8.943990
10.222500 -24.653350 -8.943990
10.221500 24.652550 -8.943990
9.966500 -25.049350 -8.943990
9.965500 25.048850 -8.943990
9.656500 -25.405350 -8.943990
9.656500 25.405050 -8.943990
9.300500 -25.714350 -8.943990
9.300500 25.714250 -8.943990
8.904500 -25.970350 -8.943990
8.904500 25.970250 -8.943990
8.476500 -26.168350 -8.943990
8.475500 26.167850 -8.943990
8.024500 -26.304350 -8.943990
8.024500 26.303250 -8.943990
7.557500 -26.374350 -8.943990
7.557500 26.373750 -8.943990
7.086500 -26.378350 -8.943990
7.085500 26.377850 -8.943990
-0.000500 -26.378350 -8.943990
0.924500 22.834650 -8.943990
0.893500 22.594650 -8.943990
0.800500 22.371650 -8.943990
0.653500 22.179650 -8.943990
0.462500 22.032650 -8.943990
0.239500 21.940650 -8.943990
-0.000500 21.909650 -8.943990
-7.087500 -26.378350 -8.943990
-0.239500 21.940650 -8.943990
-0.463500 22.032650 -8.943990
-0.654500 22.179650 -8.943990
-0.801500 22.371650 -8.943990
-0.894500 22.594650 -8.943990
-0.925500 22.834650 -8.943990
-7.086500 26.377850 -8.943990
-7.558500 26.373750 -8.943990
-7.558500 -26.374350 -8.943990
-8.024500 26.303250 -8.943990
-8.025500 -26.303350 -8.943990
-8.476500 26.167850 -8.943990
-8.476500 -26.168350 -8.943990
-8.904500 25.970250 -8.943990
-8.905500 -25.970350 -8.943990
-9.301500 25.714250 -8.943990
-9.301500 -25.714350 -8.943990
-9.657500 25.405050 -8.943990
-9.657500 -25.405350 -8.943990
-9.966500 25.048850 -8.943990
-9.966500 -25.049350 -8.943990
-10.222500 24.652650 -8.943990
-10.222500 -24.653350 -8.943990
-10.420500 24.224350 -8.943990
-10.420500 -24.224350 -8.943990
-10.555500 23.772450 -8.943990
-10.555500 -23.773350 -8.943990
-10.626500 23.305650 -8.943990
-10.626500 -23.306350 -8.943990
-10.630500 22.834650 -8.943990
-10.630500 -22.835350 -8.943990
0.893500 23.073650 -8.943990
-0.000500 26.377850 -8.943990
0.800500 23.296650 -8.943990
0.653500 23.488650 -8.943990
0.462500 23.635650 -8.943990
0.239500 23.728050 -8.943990
-0.000500 23.759550 -8.943990
-0.239500 23.728050 -8.943990
-0.463500 23.635650 -8.943990
-0.654500 23.488650 -8.943990
-0.801500 23.296650 -8.943990
-0.894500 23.073650 -8.943990
-0.925500 22.834650 -8.943990
-0.894500 23.073650 -8.943990
-7.086500 26.377850 -8.943990
-0.801500 23.296650 -8.943990
-0.654500 23.488650 -8.943990
-0.463500 23.635650 -8.943990
-0.239500 23.728050 -8.943990
-0.000500 26.377850 -8.943990
-0.000500 23.759550 -8.943990
0.239500 23.728050 -8.943990
0.462500 23.635650 -8.943990
0.653500 23.488650 -8.943990
0.800500 23.296650 -8.943990
0.893500 23.073650 -8.943990
0.924500 22.834650 -8.943990
7.085500 26.377850 -8.943990
-10.630500 -22.835350 -8.943990
-10.626500 -23.306350 -8.943990
-10.630500 22.834650 -8.943990
-10.626500 23.305650 -8.943990
-10.555500 -23.773350 -8.943990
-10.555500 23.772450 -8.943990
-10.420500 -24.224350 -8.943990
-10.420500 24.224350 -8.943990
-10.222500 -24.653350 -8.943990
-10.222500 24.652650 -8.943990
-9.966500 -25.049350 -8.943990
-9.966500 25.048850 -8.943990
-9.657500 -25.405350 -8.943990
-9.657500 25.405050 -8.943990
-9.301500 -25.714350 -8.943990
-9.301500 25.714250 -8.943990
-8.905500 -25.970350 -8.943990
-8.904500 25.970250 -8.943990
-8.476500 -26.168350 -8.943990
-8.476500 26.167850 -8.943990
-8.025500 -26.303350 -8.943990
-8.024500 26.303250 -8.943990
-7.558500 -26.374350 -8.943990
-7.558500 26.373750 -8.943990
-7.087500 -26.378350 -8.943990
-0.894500 22.594650 -8.943990
-0.801500 22.371650 -8.943990
-0.654500 22.179650 -8.943990
-0.463500 22.032650 -8.943990
-0.239500 21.940650 -8.943990
-0.000500 21.909650 -8.943990
-0.000500 -26.378350 -8.943990
0.239500 21.940650 -8.943990
0.462500 22.032650 -8.943990
0.653500 22.179650 -8.943990
0.800500 22.371650 -8.943990
0.893500 22.594650 -8.943990
7.086500 -26.378350 -8.943990
7.557500 26.373750 -8.943990
7.557500 -26.374350 -8.943990
8.024500 26.303250 -8.943990
8.024500 -26.304350 -8.943990
8.475500 26.167850 -8.943990
8.476500 -26.168350 -8.943990
8.904500 25.970250 -8.943990
8.904500 -25.970350 -8.943990
9.300500 25.714250 -8.943990
9.300500 -25.714350 -8.943990
9.656500 25.405050 -8.943990
9.656500 -25.405350 -8.943990
9.965500 25.048850 -8.943990
9.966500 -25.049350 -8.943990
10.221500 24.652550 -8.943990
10.222500 -24.653350 -8.943990
10.419500 24.224350 -8.943990
10.419500 -24.225350 -8.943990
10.554500 23.772450 -8.943990
10.555500 -23.773350 -8.943990
10.625500 23.305650 -8.943990
10.625500 -23.306350 -8.943990
10.629500 22.834650 -8.943990
10.629500 -22.835350 -8.943990
-9.301500 25.714250 -12.093600
-9.301500 25.714250 -8.943990
-9.301500 25.714250 -8.943990
-9.301500 25.714250 -12.093600
-7.558500 26.373750 -8.943990
-7.558500 26.373750 -12.093600
-7.558500 26.373750 -8.943990
-7.558500 26.373750 -12.093600
-8.024500 26.303250 4.835500
-8.024500 26.303250 -8.943990
-8.024500 26.303250 4.835500
-8.024500 26.303250 -8.943990
-9.301500 25.714250 -8.943990
-9.301500 25.714250 4.835500
-9.301500 25.714250 4.835500
-9.301500 25.714250 -8.943990
-10.630500 -22.835350 -8.943990
-10.630500 22.834650 -12.093600
-10.630500 22.834650 -8.943990
-10.630500 -22.835350 -12.093600
-10.630500 -22.835350 -12.093600
-10.630500 -22.835350 -8.943990
-10.630500 22.834650 -12.093600
-10.630500 22.834650 -8.943990
-10.630500 -22.835350 4.835500
-10.630500 22.834650 -8.943990
-10.630500 22.834650 4.835500
-10.630500 -22.835350 -8.943990
-10.630500 -22.835350 -8.943990
-10.630500 -22.835350 4.835500
-10.630500 22.834650 -8.943990
-10.630500 22.834650 4.835500
-10.630500 22.834650 -8.943990
-10.626500 23.305650 -12.093600
-10.626500 23.305650 -8.943990
-10.630500 22.834650 -12.093600
-10.630500 22.834650 -12.093600
-10.630500 22.834650 -8.943990
-10.626500 23.305650 -12.093600
-10.626500 23.305650 -8.943990
-10.630500 22.834650 4.835500
-10.626500 23.305650 -8.943990
-10.626500 23.305650 4.835500
-10.630500 22.834650 4.835500
-10.626500 23.305650 -8.943990
-10.626500 23.305650 4.835500
-10.555500 23.772450 -12.093600
-10.555500 23.772450 -8.943990
-10.555500 23.772450 -12.093600
-10.555500 23.772450 -8.943990
-10.555500 23.772450 -8.943990
-10.555500 23.772450 4.835500
-10.555500 23.772450 -8.943990
-10.555500 23.772450 4.835500
-10.420500 24.224350 -8.943990
-10.420500 24.224350 4.835500
-10.420500 24.224350 -8.943990
-10.420500 24.224350 4.835500
-10.420500 24.224350 -12.093600
-10.420500 24.224350 -12.093600
-10.222500 24.652650 -8.943990
-10.222500 24.652650 4.835500
-10.222500 24.652650 -8.943990
-10.222500 24.652650 4.835500
-10.222500 24.652650 -12.093600
-10.222500 24.652650 -12.093600
-9.966500 25.048850 -8.943990
-9.966500 25.048850 4.835500
-9.966500 25.048850 -8.943990
-9.966500 25.048850 4.835500
-9.966500 25.048850 -12.093600
-9.966500 25.048850 -8.943990
-9.966500 25.048850 -12.093600
-9.966500 25.048850 -8.943990
-9.657500 25.405050 -12.093600
-9.657500 25.405050 -8.943990
-9.657500 25.405050 -12.093600
-9.657500 25.405050 -8.943990
-9.657500 25.405050 -8.943990
-9.657500 25.405050 4.835500
-9.657500 25.405050 -8.943990
-9.657500 25.405050 4.835500
-7.558500 26.373750 4.835500
-7.558500 26.373750 4.835500
-7.086500 26.377850 -8.943990
-7.086500 26.377850 -12.093600
-7.086500 26.377850 -8.943990
-7.086500 26.377850 -12.093600
-7.086500 26.377850 4.835500
-7.086500 26.377850 -8.943990
-7.086500 26.377850 4.835500
-7.086500 26.377850 -8.943990
7.085500 26.377850 -8.943990
-0.000500 26.377850 -8.943990
7.085500 26.377850 4.835500
7.085500 26.377850 4.835500
7.085500 26.377850 -8.943990
-0.000500 26.377850 -8.943990
-0.000500 26.377850 -8.943990
-7.086500 26.377850 -12.093600
-0.000500 26.377850 -12.093600
-7.086500 26.377850 -8.943990
-7.086500 26.377850 -8.943990
-0.000500 26.377850 -8.943990
-7.086500 26.377850 -12.093600
-0.000500 26.377850 -12.093600
7.085500 26.377850 -12.093600
-0.000500 26.377850 -8.943990
-0.000500 26.377850 -12.093600
7.085500 26.377850 -8.943990
7.085500 26.377850 -8.943990
7.085500 26.377850 -12.093600
-0.000500 26.377850 -8.943990
-0.000500 26.377850 -12.093600
7.557500 26.373750 -8.943990
7.085500 26.377850 -12.093600
7.557500 26.373750 -12.093600
7.085500 26.377850 -8.943990
7.085500 26.377850 -8.943990
7.557500 26.373750 -8.943990
7.085500 26.377850 -12.093600
7.557500 26.373750 -12.093600
7.557500 26.373750 4.835500
7.557500 26.373750 -8.943990
7.085500 26.377850 4.835500
7.085500 26.377850 4.835500
7.557500 26.373750 4.835500
7.557500 26.373750 -8.943990
8.024500 26.303250 -8.943990
8.024500 26.303250 -12.093600
8.024500 26.303250 -8.943990
8.024500 26.303250 -12.093600
8.024500 26.303250 4.835500
8.024500 26.303250 -8.943990
8.024500 26.303250 4.835500
8.024500 26.303250 -8.943990
8.475500 26.167850 -8.943990
8.475500 26.167850 -12.093600
8.475500 26.167850 -8.943990
8.475500 26.167850 -12.093600
8.475500 26.167850 4.835500
8.475500 26.167850 -8.943990
8.475500 26.167850 4.835500
8.475500 26.167850 -8.943990
8.904500 25.970250 -8.943990
8.904500 25.970250 -12.093600
8.904500 25.970250 -8.943990
8.904500 25.970250 -12.093600
8.904500 25.970250 4.835500
8.904500 25.970250 -8.943990
8.904500 25.970250 4.835500
8.904500 25.970250 -8.943990
9.300500 25.714250 -8.943990
9.300500 25.714250 -12.093600
9.300500 25.714250 -8.943990
9.300500 25.714250 -12.093600
9.300500 25.714250 4.835500
9.300500 25.714250 -8.943990
9.300500 25.714250 4.835500
9.300500 25.714250 -8.943990
9.656500 25.405050 4.835500
9.656500 25.405050 -8.943990
9.656500 25.405050 4.835500
9.656500 25.405050 -8.943990
9.656500 25.405050 -8.943990
9.656500 25.405050 -12.093600
9.656500 25.405050 -8.943990
9.656500 25.405050 -12.093600
9.965500 25.048850 -12.093600
9.965500 25.048850 -8.943990
9.965500 25.048850 -8.943990
9.965500 25.048850 -12.093600
9.965500 25.048850 -8.943990
9.965500 25.048850 4.835500
9.965500 25.048850 4.835500
9.965500 25.048850 -8.943990
10.221500 24.652550 -12.093600
10.221500 24.652550 -8.943990
10.221500 24.652550 -8.943990
10.221500 24.652550 -12.093600
10.221500 24.652550 4.835500
10.221500 24.652550 4.835500
10.419500 24.224350 -12.093600
10.419500 24.224350 -8.943990
10.419500 24.224350 -8.943990
10.419500 24.224350 -12.093600
10.419500 24.224350 -8.943990
10.419500 24.224350 4.835500
10.419500 24.224350 4.835500
10.419500 24.224350 -8.943990
10.554500 23.772450 -12.093600
10.554500 23.772450 -8.943990
10.554500 23.772450 -8.943990
10.554500 23.772450 -12.093600
10.554500 23.772450 -8.943990
10.554500 23.772450 4.835500
10.554500 23.772450 4.835500
10.554500 23.772450 -8.943990
10.625500 23.305650 -12.093600
10.625500 23.305650 -8.943990
10.625500 23.305650 -8.943990
10.625500 23.305650 -12.093600
10.625500 23.305650 -8.943990
10.625500 23.305650 4.835500
10.625500 23.305650 4.835500
10.625500 23.305650 -8.943990
10.629500 22.834650 -8.943990
10.629500 22.834650 4.835500
10.629500 22.834650 4.835500
10.629500 22.834650 -8.943990
10.629500 22.834650 -12.093600
10.629500 22.834650 -8.943990
10.629500 22.834650 -8.943990
10.629500 22.834650 -12.093600
10.629500 -22.835350 -12.093600
10.629500 22.834650 -8.943990
10.629500 22.834650 -12.093600
10.629500 -22.835350 -8.943990
10.629500 -22.835350 -8.943990
10.629500 -22.835350 -12.093600
10.629500 22.834650 -8.943990
10.629500 22.834650 -12.093600
10.629500 -22.835350 -8.943990
10.629500 22.834650 4.835500
10.629500 22.834650 -8.943990
10.629500 -22.835350 4.835500
10.629500 -22.835350 4.835500
10.629500 -22.835350 -8.943990
10.629500 22.834650 4.835500
10.629500 22.834650 -8.943990
10.625500 -23.306350 -12.093600
10.629500 -22.835350 -8.943990
10.629500 -22.835350 -12.093600
10.625500 -23.306350 -8.943990
10.625500 -23.306350 -8.943990
10.625500 -23.306350 -12.093600
10.629500 -22.835350 -8.943990
10.629500 -22.835350 -12.093600
10.625500 -23.306350 -8.943990
10.629500 -22.835350 4.835500
10.629500 -22.835350 -8.943990
10.625500 -23.306350 4.835500
10.625500 -23.306350 4.835500
10.625500 -23.306350 -8.943990
10.629500 -22.835350 4.835500
10.629500 -22.835350 -8.943990
10.555500 -23.773350 -8.943990
10.555500 -23.773350 4.835500
10.555500 -23.773350 4.835500
10.555500 -23.773350 -8.943990
10.555500 -23.773350 -12.093600
10.555500 -23.773350 -8.943990
10.555500 -23.773350 -8.943990
10.555500 -23.773350 -12.093600
10.419500 -24.225350 -8.943990
10.419500 -24.225350 4.835500
10.419500 -24.225350 4.835500
10.419500 -24.225350 -8.943990
10.419500 -24.225350 -12.093600
10.419500 -24.225350 -8.943990
10.419500 -24.225350 -8.943990
10.419500 -24.225350 -12.093600
10.222500 -24.653350 -12.093600
10.222500 -24.653350 -8.943990
10.222500 -24.653350 -8.943990
10.222500 -24.653350 -12.093600
10.222500 -24.653350 -8.943990
10.222500 -24.653350 4.835500
10.222500 -24.653350 4.835500
10.222500 -24.653350 -8.943990
9.966500 -25.049350 -8.943990
9.966500 -25.049350 4.835500
9.966500 -25.049350 4.835500
9.966500 -25.049350 -8.943990
9.966500 -25.049350 -12.093600
9.966500 -25.049350 -8.943990
9.966500 -25.049350 -8.943990
9.966500 -25.049350 -12.093600
9.656500 -25.405350 -8.943990
9.656500 -25.405350 4.835500
9.656500 -25.405350 4.835500
9.656500 -25.405350 -8.943990
9.656500 -25.405350 -12.093600
9.656500 -25.405350 -12.093600
9.300500 -25.714350 4.835500
9.300500 -25.714350 -8.943990
9.300500 -25.714350 4.835500
9.300500 -25.714350 -8.943990
9.300500 -25.714350 -8.943990
9.300500 -25.714350 -12.093600
9.300500 -25.714350 -8.943990
9.300500 -25.714350 -12.093600
8.904500 -25.970350 4.835500
8.904500 -25.970350 -8.943990
8.904500 -25.970350 4.835500
8.904500 -25.970350 -8.943990
8.904500 -25.970350 -8.943990
8.904500 -25.970350 -12.093600
8.904500 -25.970350 -8.943990
8.904500 -25.970350 -12.093600
8.476500 -26.168350 4.835500
8.476500 -26.168350 -8.943990
8.476500 -26.168350 4.835500
8.476500 -26.168350 -8.943990
8.476500 -26.168350 -12.093600
8.476500 -26.168350 -12.093600
8.024500 -26.304350 -8.943990
8.024500 -26.304350 -12.093600
8.024500 -26.304350 -8.943990
8.024500 -26.304350 -12.093600
8.024500 -26.304350 4.835500
8.024500 -26.304350 4.835500
7.557500 -26.374350 -8.943990
7.557500 -26.374350 -12.093600
7.557500 -26.374350 -8.943990
7.557500 -26.374350 -12.093600
7.557500 -26.374350 4.835500
7.557500 -26.374350 -8.943990
7.557500 -26.374350 4.835500
7.557500 -26.374350 -8.943990
7.086500 -26.378350 -8.943990
7.086500 -26.378350 -12.093600
7.086500 -26.378350 -8.943990
7.086500 -26.378350 -12.093600
7.086500 -26.378350 4.835500
7.086500 -26.378350 -8.943990
7.086500 -26.378350 4.835500
7.086500 -26.378350 -8.943990
-7.087500 -26.378350 -8.943990
7.086500 -26.378350 -8.943990
-0.000500 -26.378350 -8.943990
7.086500 -26.378350 4.835500
-7.087500 -26.378350 4.835500
-7.087500 -26.378350 4.835500
-7.087500 -26.378350 -8.943990
7.086500 -26.378350 4.835500
7.086500 -26.378350 -8.943990
-0.000500 -26.378350 -8.943990
-0.000500 -26.378350 -12.093600
7.086500 -26.378350 -8.943990
7.086500 -26.378350 -12.093600
-0.000500 -26.378350 -8.943990
-0.000500 -26.378350 -8.943990
-0.000500 -26.378350 -12.093600
7.086500 -26.378350 -8.943990
7.086500 -26.378350 -12.093600
-7.087500 -26.378350 -12.093600
-0.000500 -26.378350 -8.943990
-0.000500 -26.378350 -12.093600
-7.087500 -26.378350 -8.943990
-7.087500 -26.378350 -8.943990
-7.087500 -26.378350 -12.093600
-0.000500 -26.378350 -8.943990
-0.000500 -26.378350 -12.093600
-7.558500 -26.374350 4.835500
-7.087500 -26.378350 -8.943990
-7.558500 -26.374350 -8.943990
-7.087500 -26.378350 4.835500
-7.087500 -26.378350 4.835500
-7.558500 -26.374350 4.835500
-7.087500 -26.378350 -8.943990
-7.558500 -26.374350 -8.943990
-7.558500 -26.374350 -8.943990
-7.087500 -26.378350 -12.093600
-7.558500 -26.374350 -12.093600
-7.087500 -26.378350 -8.943990
-7.087500 -26.378350 -8.943990
-7.558500 -26.374350 -8.943990
-7.087500 -26.378350 -12.093600
-7.558500 -26.374350 -12.093600
-8.025500 -26.303350 4.835500
-8.025500 -26.303350 -8.943990
-8.025500 -26.303350 4.835500
-8.025500 -26.303350 -8.943990
-8.025500 -26.303350 -12.093600
-8.025500 -26.303350 -12.093600
-8.476500 -26.168350 -8.943990
-8.476500 -26.168350 -12.093600
-8.476500 -26.168350 -8.943990
-8.476500 -26.168350 -12.093600
-8.476500 -26.168350 4.835500
-8.476500 -26.168350 -8.943990
-8.476500 -26.168350 4.835500
-8.476500 -26.168350 -8.943990
-8.905500 -25.970350 4.835500
-8.905500 -25.970350 -8.943990
-8.905500 -25.970350 4.835500
-8.905500 -25.970350 -8.943990
-8.905500 -25.970350 -8.943990
-8.905500 -25.970350 -12.093600
-8.905500 -25.970350 -8.943990
-8.905500 -25.970350 -12.093600
-9.301500 -25.714350 4.835500
-9.301500 -25.714350 -8.943990
-9.301500 -25.714350 4.835500
-9.301500 -25.714350 -8.943990
-9.301500 -25.714350 -8.943990
-9.301500 -25.714350 -12.093600
-9.301500 -25.714350 -8.943990
-9.301500 -25.714350 -12.093600
-9.657500 -25.405350 4.835500
-9.657500 -25.405350 -8.943990
-9.657500 -25.405350 4.835500
-9.657500 -25.405350 -8.943990
-9.657500 -25.405350 -12.093600
-9.657500 -25.405350 -12.093600
-9.966500 -25.049350 -12.093600
-9.966500 -25.049350 -8.943990
-9.966500 -25.049350 -12.093600
-9.966500 -25.049350 -8.943990
-9.966500 -25.049350 4.835500
-9.966500 -25.049350 4.835500
-10.222500 -24.653350 -8.943990
-10.222500 -24.653350 4.835500
-10.222500 -24.653350 -8.943990
-10.222500 -24.653350 4.835500
-10.222500 -24.653350 -12.093600
-10.222500 -24.653350 -8.943990
-10.222500 -24.653350 -12.093600
-10.222500 -24.653350 -8.943990
-10.420500 -24.224350 -8.943990
-10.420500 -24.224350 4.835500
-10.420500 -24.224350 -8.943990
-10.420500 -24.224350 4.835500
-10.420500 -24.224350 -12.093600
-10.420500 -24.224350 -12.093600
-10.555500 -23.773350 -12.093600
-10.555500 -23.773350 -8.943990
-10.555500 -23.773350 -12.093600
-10.555500 -23.773350 -8.943990
-10.555500 -23.773350 4.835500
-10.555500 -23.773350 4.835500
-10.626500 -23.306350 -12.093600
-10.626500 -23.306350 -8.943990
-10.626500 -23.306350 -12.093600
-10.626500 -23.306350 -8.943990
-10.626500 -23.306350 -8.943990
-10.626500 -23.306350 4.835500
-10.626500 -23.306350 -8.943990
-10.626500 -23.306350 4.835500
-10.630500 -22.835350 -12.093600
-10.630500 -22.835350 -8.943990
-10.630500 -22.835350 -12.093600
-10.630500 -22.835350 -8.943990
-10.630500 -22.835350 -8.943990
-10.630500 -22.835350 4.835500
-10.630500 -22.835350 -8.943990
-10.630500 -22.835350 4.835500
0.472500 27.508050 7.169800
-0.709500 28.492350 7.169800
0.472500 28.492350 7.169800
-0.709500 27.508050 7.169800
-0.709500 27.508050 7.169800
0.472500 27.508050 7.169800
-0.709500 28.492350 7.169800
0.472500 28.492350 7.169800
-0.709500 27.508050 7.169800
-0.709500 28.433850 7.695800
-0.709500 28.492350 7.169800
-0.709500 28.317150 8.212100
-0.709500 28.143750 8.712200
-0.709500 27.915850 9.189800
-0.709500 27.636250 9.639200
-0.709500 27.308250 10.054700
-0.709500 27.456450 7.567400
-0.709500 27.363550 7.957300
-0.709500 27.230350 8.335500
-0.709500 26.936150 10.431000
-0.709500 27.058450 8.697600
-0.709500 26.849650 9.039800
-0.709500 26.524550 10.763700
-0.709500 26.606150 9.358400
-0.709500 26.330750 9.649700
-0.709500 26.078350 11.048500
-0.709500 26.026450 9.910700
-0.709500 25.603350 11.281900
-0.709500 25.696550 10.138400
-0.709500 25.344650 10.330400
-0.709500 25.105350 11.461000
-0.709500 24.974550 10.484600
-0.709500 24.590450 11.583600
-0.709500 24.590450 10.599300
-0.709500 21.813650 11.109400
-0.709500 21.813650 12.093600
-0.709500 21.813650 12.093600
-0.709500 21.813650 11.109400
-0.709500 24.590450 11.583600
-0.709500 24.590450 10.599300
-0.709500 24.974550 10.484600
-0.709500 25.105350 11.461000
-0.709500 25.344650 10.330400
-0.709500 25.603350 11.281900
-0.709500 25.696550 10.138400
-0.709500 26.026450 9.910700
-0.709500 26.078350 11.048500
-0.709500 26.330750 9.649700
-0.709500 26.524550 10.763700
-0.709500 26.606150 9.358400
-0.709500 26.849650 9.039800
-0.709500 26.936150 10.431000
-0.709500 27.058450 8.697600
-0.709500 27.230350 8.335500
-0.709500 27.308250 10.054700
-0.709500 27.363550 7.957300
-0.709500 27.456450 7.567400
-0.709500 27.508050 7.169800
-0.709500 27.636250 9.639200
-0.709500 27.915850 9.189800
-0.709500 28.143750 8.712200
-0.709500 28.317150 8.212100
-0.709500 28.433850 7.695800
-0.709500 28.492350 7.169800
-0.709500 28.433850 7.695800
0.472500 28.492350 7.169800
-0.709500 28.492350 7.169800
0.472500 28.433850 7.695800
0.472500 28.433850 7.695800
-0.709500 28.433850 7.695800
0.472500 28.492350 7.169800
-0.709500 28.492350 7.169800
0.472500 28.433850 7.695800
0.472500 27.508050 7.169800
0.472500 28.492350 7.169800
0.472500 28.317150 8.212100
0.472500 28.143750 8.712200
0.472500 27.915850 9.189800
0.472500 27.636250 9.639200
0.472500 27.308250 10.054700
0.472500 27.456450 7.567400
0.472500 27.363550 7.957300
0.472500 27.230350 8.335500
0.472500 26.936150 10.431000
0.472500 27.058450 8.697600
0.472500 26.849650 9.039800
0.472500 26.524550 10.763700
0.472500 26.606150 9.358400
0.472500 26.330750 9.649700
0.472500 26.078350 11.048500
0.472500 26.026450 9.910700
0.472500 25.603350 11.281900
0.472500 25.696550 10.138400
0.472500 25.344650 10.330400
0.472500 25.105350 11.461000
0.472500 24.974550 10.484600
0.472500 24.590450 11.583600
0.472500 24.590450 10.599300
0.472500 21.813650 11.109400
0.472500 21.813650 12.093600
0.472500 21.813650 12.093600
0.472500 24.590450 11.583600
0.472500 21.813650 11.109400
0.472500 24.590450 10.599300
0.472500 24.974550 10.484600
0.472500 25.105350 11.461000
0.472500 25.344650 10.330400
0.472500 25.603350 11.281900
0.472500 25.696550 10.138400
0.472500 26.026450 9.910700
0.472500 26.078350 11.048500
0.472500 26.330750 9.649700
0.472500 26.524550 10.763700
0.472500 26.606150 9.358400
0.472500 26.849650 9.039800
0.472500 26.936150 10.431000
0.472500 27.058450 8.697600
0.472500 27.230350 8.335500
0.472500 27.308250 10.054700
0.472500 27.363550 7.957300
0.472500 27.456450 7.567400
0.472500 27.508050 7.169800
0.472500 27.636250 9.639200
0.472500 27.915850 9.189800
0.472500 28.143750 8.712200
0.472500 28.317150 8.212100
0.472500 28.433850 7.695800
0.472500 28.492350 7.169800
0.472500 27.508050 7.169800
-0.709500 27.456450 7.567400
-0.709500 27.508050 7.169800
0.472500 27.456450 7.567400
0.472500 27.456450 7.567400
0.472500 27.508050 7.169800
-0.709500 27.456450 7.567400
-0.709500 27.508050 7.169800
-0.709500 24.590450 11.583600
0.472500 21.813650 12.093600
0.472500 24.590450 11.583600
-0.709500 21.813650 12.093600
-0.709500 21.813650 12.093600
-0.709500 24.590450 11.583600
0.472500 21.813650 12.093600
0.472500 24.590450 11.583600
0.472500 25.105350 11.461000
-0.709500 24.590450 11.583600
0.472500 24.590450 11.583600
-0.709500 25.105350 11.461000
-0.709500 25.105350 11.461000
0.472500 25.105350 11.461000
-0.709500 24.590450 11.583600
0.472500 24.590450 11.583600
-0.709500 25.603350 11.281900
0.472500 25.603350 11.281900
-0.709500 25.603350 11.281900
0.472500 25.603350 11.281900
-0.709500 26.078350 11.048500
0.472500 26.078350 11.048500
-0.709500 26.078350 11.048500
0.472500 26.078350 11.048500
0.472500 26.524550 10.763700
-0.709500 26.524550 10.763700
-0.709500 26.524550 10.763700
0.472500 26.524550 10.763700
-0.709500 26.936150 10.431000
0.472500 26.936150 10.431000
-0.709500 26.936150 10.431000
0.472500 26.936150 10.431000
-0.709500 27.308250 10.054700
0.472500 27.308250 10.054700
-0.709500 27.308250 10.054700
0.472500 27.308250 10.054700
-0.709500 27.636250 9.639200
0.472500 27.636250 9.639200
-0.709500 27.636250 9.639200
0.472500 27.636250 9.639200
0.472500 27.915850 9.189800
-0.709500 27.915850 9.189800
0.472500 27.915850 9.189800
-0.709500 27.915850 9.189800
0.472500 28.143750 8.712200
-0.709500 28.143750 8.712200
0.472500 28.143750 8.712200
-0.709500 28.143750 8.712200
-0.709500 28.317150 8.212100
0.472500 28.317150 8.212100
-0.709500 28.317150 8.212100
0.472500 28.317150 8.212100
0.472500 27.363550 7.957300
-0.709500 27.363550 7.957300
-0.709500 27.363550 7.957300
0.472500 27.363550 7.957300
-0.709500 27.230350 8.335500
0.472500 27.230350 8.335500
0.472500 27.230350 8.335500
-0.709500 27.230350 8.335500
-0.709500 27.058450 8.697600
0.472500 27.058450 8.697600
0.472500 27.058450 8.697600
-0.709500 27.058450 8.697600
0.472500 26.849650 9.039800
-0.709500 26.849650 9.039800
-0.709500 26.849650 9.039800
0.472500 26.849650 9.039800
-0.709500 26.606150 9.358400
0.472500 26.606150 9.358400
0.472500 26.606150 9.358400
-0.709500 26.606150 9.358400
-0.709500 26.330750 9.649700
0.472500 26.330750 9.649700
0.472500 26.330750 9.649700
-0.709500 26.330750 9.649700
0.472500 26.026450 9.910700
-0.709500 26.026450 9.910700
-0.709500 26.026450 9.910700
0.472500 26.026450 9.910700
-0.709500 25.696550 10.138400
0.472500 25.696550 10.138400
-0.709500 25.696550 10.138400
0.472500 25.696550 10.138400
0.472500 25.344650 10.330400
-0.709500 25.344650 10.330400
-0.709500 25.344650 10.330400
0.472500 25.344650 10.330400
-0.709500 24.974550 10.484600
0.472500 24.974550 10.484600
-0.709500 24.974550 10.484600
0.472500 24.974550 10.484600
-0.709500 24.590450 10.599300
0.472500 24.590450 10.599300
-0.709500 24.590450 10.599300
0.472500 24.590450 10.599300
0.472500 21.813650 11.109400
0.333500 22.327650 11.015000
0.472500 24.590450 10.599300
0.303500 22.209650 11.036700
0.244500 22.103650 11.056200
0.158500 22.015650 11.072300
0.053500 21.953650 11.083800
-0.065500 21.919650 11.090000
-0.709500 21.813650 11.109400
-0.188500 21.916650 11.090500
-0.308500 21.945650 11.085100
-0.416500 22.004650 11.074400
-0.505500 22.088650 11.059000
-0.568500 22.191650 11.039900
-0.603500 22.308650 11.018500
-0.605500 22.429650 10.996200
0.296500 22.565650 10.971300
-0.709500 24.590450 10.599300
0.330500 22.448650 10.992700
0.232500 22.668650 10.952300
0.143500 22.752650 10.936800
0.035500 22.811650 10.926100
-0.084500 22.840650 10.920800
-0.207500 22.837650 10.921200
-0.325500 22.804650 10.927400
-0.431500 22.741650 10.939000
-0.516500 22.653650 10.955000
-0.576500 22.547650 10.974600
-0.709500 21.813650 11.109400
-0.605500 22.429650 10.996200
-0.709500 24.590450 10.599300
-0.576500 22.547650 10.974600
-0.516500 22.653650 10.955000
-0.431500 22.741650 10.939000
-0.325500 22.804650 10.927400
-0.207500 22.837650 10.921200
-0.084500 22.840650 10.920800
0.035500 22.811650 10.926100
0.143500 22.752650 10.936800
0.232500 22.668650 10.952300
0.296500 22.565650 10.971300
0.333500 22.327650 11.015000
0.472500 24.590450 10.599300
0.330500 22.448650 10.992700
-0.603500 22.308650 11.018500
-0.568500 22.191650 11.039900
-0.505500 22.088650 11.059000
-0.416500 22.004650 11.074400
-0.308500 21.945650 11.085100
-0.188500 21.916650 11.090500
-0.065500 21.919650 11.090000
0.472500 21.813650 11.109400
0.053500 21.953650 11.083800
0.158500 22.015650 11.072300
0.244500 22.103650 11.056200
0.303500 22.209650 11.036700
0.472500 21.813650 12.093600
-0.709500 21.813650 11.109400
0.472500 21.813650 11.109400
-0.709500 21.813650 12.093600
-0.709500 21.813650 12.093600
0.472500 21.813650 12.093600
-0.709500 21.813650 11.109400
0.472500 21.813650 11.109400
13.779500 29.527350 4.835500
10.625500 23.305650 4.835500
13.779500 -29.527350 4.835500
10.554500 23.772450 4.835500
10.419500 24.224350 4.835500
10.221500 24.652550 4.835500
9.965500 25.048850 4.835500
9.656500 25.405050 4.835500
9.300500 25.714250 4.835500
8.904500 25.970250 4.835500
8.475500 26.167850 4.835500
8.024500 26.303250 4.835500
7.557500 26.373750 4.835500
-13.779500 29.527350 4.835500
10.629500 22.834650 4.835500
10.629500 -22.835350 4.835500
7.085500 26.377850 4.835500
-7.086500 26.377850 4.835500
-7.558500 26.373750 4.835500
-8.024500 26.303250 4.835500
-8.476500 26.167850 4.835500
-8.904500 25.970250 4.835500
-9.301500 25.714250 4.835500
-9.657500 25.405050 4.835500
-9.966500 25.048850 4.835500
-10.222500 24.652650 4.835500
-10.420500 24.224350 4.835500
-10.555500 23.772450 4.835500
-10.626500 23.305650 4.835500
-10.630500 22.834650 4.835500
-10.630500 -22.835350 4.835500
7.557500 -26.374350 4.835500
-13.779500 -29.527350 4.835500
8.024500 -26.304350 4.835500
8.476500 -26.168350 4.835500
8.904500 -25.970350 4.835500
9.300500 -25.714350 4.835500
9.656500 -25.405350 4.835500
9.966500 -25.049350 4.835500
10.222500 -24.653350 4.835500
10.419500 -24.225350 4.835500
10.555500 -23.773350 4.835500
10.625500 -23.306350 4.835500
7.086500 -26.378350 4.835500
-7.087500 -26.378350 4.835500
-7.558500 -26.374350 4.835500
-8.025500 -26.303350 4.835500
-8.476500 -26.168350 4.835500
-8.905500 -25.970350 4.835500
-9.301500 -25.714350 4.835500
-9.657500 -25.405350 4.835500
-9.966500 -25.049350 4.835500
-10.222500 -24.653350 4.835500
-10.420500 -24.224350 4.835500
-10.555500 -23.773350 4.835500
-10.626500 -23.306350 4.835500
-13.779500 29.527350 4.835500
-10.630500 -22.835350 4.835500
-13.779500 -29.527350 4.835500
-10.626500 -23.306350 4.835500
-10.555500 -23.773350 4.835500
-10.420500 -24.224350 4.835500
-10.222500 -24.653350 4.835500
-9.966500 -25.049350 4.835500
-9.657500 -25.405350 4.835500
-9.301500 -25.714350 4.835500
-8.905500 -25.970350 4.835500
-8.476500 -26.168350 4.835500
-8.025500 -26.303350 4.835500
-7.558500 -26.374350 4.835500
-7.087500 -26.378350 4.835500
7.086500 -26.378350 4.835500
7.557500 -26.374350 4.835500
10.629500 -22.835350 4.835500
13.779500 -29.527350 4.835500
10.625500 -23.306350 4.835500
10.555500 -23.773350 4.835500
10.419500 -24.225350 4.835500
10.222500 -24.653350 4.835500
9.966500 -25.049350 4.835500
9.656500 -25.405350 4.835500
9.300500 -25.714350 4.835500
8.904500 -25.970350 4.835500
8.476500 -26.168350 4.835500
8.024500 -26.304350 4.835500
-10.630500 22.834650 4.835500
-10.626500 23.305650 4.835500
-10.555500 23.772450 4.835500
-10.420500 24.224350 4.835500
-10.222500 24.652650 4.835500
-9.966500 25.048850 4.835500
-9.657500 25.405050 4.835500
-9.301500 25.714250 4.835500
-8.904500 25.970250 4.835500
-8.476500 26.167850 4.835500
-8.024500 26.303250 4.835500
-7.558500 26.373750 4.835500
-7.086500 26.377850 4.835500
7.085500 26.377850 4.835500
7.557500 26.373750 4.835500
10.629500 22.834650 4.835500
10.625500 23.305650 4.835500
13.779500 29.527350 4.835500
8.024500 26.303250 4.835500
8.475500 26.167850 4.835500
8.904500 25.970250 4.835500
9.300500 25.714250 4.835500
9.656500 25.405050 4.835500
9.965500 25.048850 4.835500
10.221500 24.652550 4.835500
10.419500 24.224350 4.835500
10.554500 23.772450 4.835500
13.779500 -29.527350 4.835500
13.779500 29.527350 -12.093600
13.779500 29.527350 4.835500
13.779500 -29.527350 -12.093600
13.779500 -29.527350 -12.093600
13.779500 -29.527350 4.835500
13.779500 29.527350 -12.093600
13.779500 29.527350 4.835500
-13.779500 29.527350 4.835500
13.779500 29.527350 -12.093600
-13.779500 29.527350 -12.093600
13.779500 29.527350 4.835500
13.779500 29.527350 4.835500
-13.779500 29.527350 4.835500
13.779500 29.527350 -12.093600
-13.779500 29.527350 -12.093600
-13.779500 -29.527350 -12.093600
-13.779500 29.527350 4.835500
-13.779500 29.527350 -12.093600
-13.779500 -29.527350 4.835500
-13.779500 -29.527350 4.835500
-13.779500 -29.527350 -12.093600
-13.779500 29.527350 4.835500
-13.779500 29.527350 -12.093600
13.779500 -29.527350 4.835500
-13.779500 -29.527350 -12.093600
13.779500 -29.527350 -12.093600
-13.779500 -29.527350 4.835500
-13.779500 -29.527350 4.835500
13.779500 -29.527350 4.835500
-13.779500 -29.527350 -12.093600
13.779500 -29.527350 -12.093600
13.779500 -29.527350 -12.093600
10.625500 -23.306350 -12.093600
13.779500 29.527350 -12.093600
10.555500 -23.773350 -12.093600
10.419500 -24.225350 -12.093600
10.222500 -24.653350 -12.093600
9.966500 -25.049350 -12.093600
9.656500 -25.405350 -12.093600
9.300500 -25.714350 -12.093600
8.904500 -25.970350 -12.093600
8.476500 -26.168350 -12.093600
8.024500 -26.304350 -12.093600
7.557500 -26.374350 -12.093600
-13.779500 -29.527350 -12.093600
10.629500 -22.835350 -12.093600
7.086500 -26.378350 -12.093600
-0.000500 -26.378350 -12.093600
-7.087500 -26.378350 -12.093600
-7.558500 -26.374350 -12.093600
-8.025500 -26.303350 -12.093600
-8.476500 -26.168350 -12.093600
-8.905500 -25.970350 -12.093600
-9.301500 -25.714350 -12.093600
-9.657500 -25.405350 -12.093600
-9.966500 -25.049350 -12.093600
-10.222500 -24.653350 -12.093600
-10.420500 -24.224350 -12.093600
-10.555500 -23.773350 -12.093600
-10.626500 -23.306350 -12.093600
-10.630500 -22.835350 -12.093600
7.557500 26.373750 -12.093600
-13.779500 29.527350 -12.093600
8.024500 26.303250 -12.093600
8.475500 26.167850 -12.093600
8.904500 25.970250 -12.093600
9.300500 25.714250 -12.093600
9.656500 25.405050 -12.093600
9.965500 25.048850 -12.093600
10.221500 24.652550 -12.093600
10.419500 24.224350 -12.093600
10.554500 23.772450 -12.093600
10.625500 23.305650 -12.093600
10.629500 22.834650 -12.093600
7.085500 26.377850 -12.093600
-0.000500 26.377850 -12.093600
-7.086500 26.377850 -12.093600
-7.558500 26.373750 -12.093600
-8.024500 26.303250 -12.093600
-8.476500 26.167850 -12.093600
-8.904500 25.970250 -12.093600
-9.301500 25.714250 -12.093600
-9.657500 25.405050 -12.093600
-9.966500 25.048850 -12.093600
-10.222500 24.652650 -12.093600
-10.420500 24.224350 -12.093600
-10.555500 23.772450 -12.093600
-10.626500 23.305650 -12.093600
-10.630500 22.834650 -12.093600
-13.779500 -29.527350 -12.093600
-10.630500 -22.835350 -12.093600
-13.779500 29.527350 -12.093600
-10.630500 22.834650 -12.093600
-10.626500 23.305650 -12.093600
-10.555500 23.772450 -12.093600
-10.420500 24.224350 -12.093600
-10.222500 24.652650 -12.093600
-9.966500 25.048850 -12.093600
-9.657500 25.405050 -12.093600
-9.301500 25.714250 -12.093600
-8.904500 25.970250 -12.093600
-8.476500 26.167850 -12.093600
-8.024500 26.303250 -12.093600
-7.558500 26.373750 -12.093600
-7.086500 26.377850 -12.093600
-0.000500 26.377850 -12.093600
7.085500 26.377850 -12.093600
7.557500 26.373750 -12.093600
10.629500 -22.835350 -12.093600
13.779500 29.527350 -12.093600
10.629500 22.834650 -12.093600
10.625500 23.305650 -12.093600
10.554500 23.772450 -12.093600
10.419500 24.224350 -12.093600
10.221500 24.652550 -12.093600
9.965500 25.048850 -12.093600
9.656500 25.405050 -12.093600
9.300500 25.714250 -12.093600
8.904500 25.970250 -12.093600
8.475500 26.167850 -12.093600
8.024500 26.303250 -12.093600
-10.626500 -23.306350 -12.093600
-10.555500 -23.773350 -12.093600
-10.420500 -24.224350 -12.093600
-10.222500 -24.653350 -12.093600
-9.966500 -25.049350 -12.093600
-9.657500 -25.405350 -12.093600
-9.301500 -25.714350 -12.093600
-8.905500 -25.970350 -12.093600
-8.476500 -26.168350 -12.093600
-8.025500 -26.303350 -12.093600
-7.558500 -26.374350 -12.093600
-7.087500 -26.378350 -12.093600
-0.000500 -26.378350 -12.093600
7.086500 -26.378350 -12.093600
7.557500 -26.374350 -12.093600
10.625500 -23.306350 -12.093600
13.779500 -29.527350 -12.093600
8.024500 -26.304350 -12.093600
8.476500 -26.168350 -12.093600
8.904500 -25.970350 -12.093600
9.300500 -25.714350 -12.093600
9.656500 -25.405350 -12.093600
9.966500 -25.049350 -12.093600
10.222500 -24.653350 -12.093600
10.419500 -24.225350 -12.093600
10.555500 -23.773350 -12.093600
0.053500 21.953650 11.083800
-0.065500 21.883650 10.896400
0.053500 21.917650 10.890200
-0.065500 21.919650 11.090000
-0.065500 21.919650 11.090000
0.053500 21.953650 11.083800
-0.065500 21.883650 10.896400
0.053500 21.917650 10.890200
-0.188500 21.881650 10.896800
-0.188500 21.916650 11.090500
-0.188500 21.916650 11.090500
-0.188500 21.881650 10.896800
0.303500 22.174650 10.843000
0.330500 22.413650 10.799100
0.333500 22.291650 10.821400
0.296500 22.529650 10.777700
0.244500 22.067650 10.862600
0.232500 22.633650 10.758700
0.158500 21.980650 10.878600
0.143500 22.717650 10.743200
0.053500 21.917650 10.890200
0.035500 22.775650 10.732500
-0.065500 21.883650 10.896400
-0.084500 22.804650 10.727200
-0.188500 21.881650 10.896800
-0.207500 22.802650 10.727600
-0.308500 21.910650 10.891500
-0.325500 22.768650 10.733800
-0.416500 21.968650 10.880800
-0.431500 22.705650 10.745400
-0.505500 22.052650 10.865300
-0.516500 22.618650 10.761400
-0.568500 22.156650 10.846300
-0.576500 22.511650 10.781000
-0.603500 22.272650 10.824900
-0.605500 22.394650 10.802600
-0.605500 22.394650 10.802600
-0.603500 22.272650 10.824900
-0.576500 22.511650 10.781000
-0.568500 22.156650 10.846300
-0.516500 22.618650 10.761400
-0.505500 22.052650 10.865300
-0.431500 22.705650 10.745400
-0.416500 21.968650 10.880800
-0.325500 22.768650 10.733800
-0.308500 21.910650 10.891500
-0.207500 22.802650 10.727600
-0.188500 21.881650 10.896800
-0.084500 22.804650 10.727200
-0.065500 21.883650 10.896400
0.035500 22.775650 10.732500
0.053500 21.917650 10.890200
0.143500 22.717650 10.743200
0.158500 21.980650 10.878600
0.232500 22.633650 10.758700
0.244500 22.067650 10.862600
0.296500 22.529650 10.777700
0.303500 22.174650 10.843000
0.330500 22.413650 10.799100
0.333500 22.291650 10.821400
0.158500 22.015650 11.072300
0.158500 21.980650 10.878600
0.158500 22.015650 11.072300
0.158500 21.980650 10.878600
-0.308500 21.945650 11.085100
-0.308500 21.910650 10.891500
-0.308500 21.945650 11.085100
-0.308500 21.910650 10.891500
0.244500 22.103650 11.056200
0.303500 22.174650 10.843000
0.303500 22.209650 11.036700
0.244500 22.067650 10.862600
0.244500 22.067650 10.862600
0.244500 22.103650 11.056200
0.303500 22.174650 10.843000
0.303500 22.209650 11.036700
-0.416500 22.004650 11.074400
-0.416500 21.968650 10.880800
-0.416500 22.004650 11.074400
-0.416500 21.968650 10.880800
-0.505500 22.088650 11.059000
-0.505500 22.052650 10.865300
-0.505500 22.088650 11.059000
-0.505500 22.052650 10.865300
-0.568500 22.156650 10.846300
-0.568500 22.191650 11.039900
-0.568500 22.156650 10.846300
-0.568500 22.191650 11.039900
-0.603500 22.272650 10.824900
-0.603500 22.308650 11.018500
-0.603500 22.272650 10.824900
-0.603500 22.308650 11.018500
-0.605500 22.394650 10.802600
-0.605500 22.429650 10.996200
-0.605500 22.394650 10.802600
-0.605500 22.429650 10.996200
-0.576500 22.511650 10.781000
-0.576500 22.547650 10.974600
-0.576500 22.511650 10.781000
-0.576500 22.547650 10.974600
-0.516500 22.618650 10.761400
-0.516500 22.653650 10.955000
-0.516500 22.618650 10.761400
-0.516500 22.653650 10.955000
-0.431500 22.705650 10.745400
-0.431500 22.741650 10.939000
-0.431500 22.705650 10.745400
-0.431500 22.741650 10.939000
-0.325500 22.804650 10.927400
-0.325500 22.768650 10.733800
-0.325500 22.804650 10.927400
-0.325500 22.768650 10.733800
-0.207500 22.837650 10.921200
-0.207500 22.802650 10.727600
-0.207500 22.837650 10.921200
-0.207500 22.802650 10.727600
-0.084500 22.840650 10.920800
-0.084500 22.804650 10.727200
-0.084500 22.840650 10.920800
-0.084500 22.804650 10.727200
0.035500 22.775650 10.732500
0.035500 22.811650 10.926100
0.035500 22.811650 10.926100
0.035500 22.775650 10.732500
0.143500 22.717650 10.743200
0.143500 22.752650 10.936800
0.143500 22.752650 10.936800
0.143500 22.717650 10.743200
0.232500 22.633650 10.758700
0.232500 22.668650 10.952300
0.232500 22.668650 10.952300
0.232500 22.633650 10.758700
0.296500 22.565650 10.971300
0.296500 22.529650 10.777700
0.296500 22.529650 10.777700
0.296500 22.565650 10.971300
0.330500 22.448650 10.992700
0.330500 22.413650 10.799100
0.330500 22.413650 10.799100
0.330500 22.448650 10.992700
0.333500 22.327650 11.015000
0.333500 22.291650 10.821400
0.333500 22.291650 10.821400
0.333500 22.327650 11.015000
1.306500 27.393450 6.239600
1.546500 27.400650 5.959400
1.426500 27.372750 6.099100
1.193500 27.461250 6.371200
1.656500 27.475150 5.829800
1.096500 27.571650 6.485000
1.751500 27.591250 5.719400
1.020500 27.717050 6.573200
1.823500 27.741050 5.635500
0.972500 27.887550 6.629900
1.867500 27.914250 5.584000
0.954500 28.071450 6.651000
1.880500 28.099150 5.568300
0.967500 28.256350 6.635300
1.862500 28.283150 5.589400
1.011500 28.429650 6.583800
1.814500 28.453650 5.646100
1.083500 28.579350 6.499900
1.738500 28.598950 5.734300
1.177500 28.695550 6.389500
1.641500 28.709350 5.848100
1.288500 28.770050 6.259900
1.528500 28.777150 5.979700
1.408500 28.797850 6.120200
1.408500 28.797850 6.120200
1.288500 28.770050 6.259900
1.528500 28.777150 5.979700
1.641500 28.709350 5.848100
1.177500 28.695550 6.389500
1.738500 28.598950 5.734300
1.083500 28.579350 6.499900
1.814500 28.453650 5.646100
1.011500 28.429650 6.583800
1.862500 28.283150 5.589400
0.967500 28.256350 6.635300
1.880500 28.099150 5.568300
0.954500 28.071450 6.651000
1.867500 27.914250 5.584000
0.972500 27.887550 6.629900
1.823500 27.741050 5.635500
1.020500 27.717050 6.573200
1.751500 27.591250 5.719400
1.096500 27.571650 6.485000
1.656500 27.475150 5.829800
1.193500 27.461250 6.371200
1.546500 27.400650 5.959400
1.306500 27.393450 6.239600
1.426500 27.372750 6.099100
1.641500 28.709350 5.848100
2.547500 29.049950 6.770100
2.705500 28.955050 6.585800
1.528500 28.777150 5.979700
1.528500 28.777150 5.979700
1.641500 28.709350 5.848100
2.547500 29.049950 6.770100
2.705500 28.955050 6.585800
1.738500 28.598950 5.734300
2.841500 28.800550 6.426500
1.738500 28.598950 5.734300
2.841500 28.800550 6.426500
1.814500 28.453650 5.646100
2.947500 28.597050 6.303000
2.947500 28.597050 6.303000
1.814500 28.453650 5.646100
1.862500 28.283150 5.589400
1.862500 28.283150 5.589400
1.880500 28.099150 5.568300
1.880500 28.099150 5.568300
1.867500 27.914250 5.584000
1.867500 27.914250 5.584000
1.823500 27.741050 5.635500
2.959500 27.599550 6.288300
2.959500 27.599550 6.288300
1.823500 27.741050 5.635500
1.751500 27.591250 5.719400
2.859500 27.389950 6.405700
2.859500 27.389950 6.405700
1.751500 27.591250 5.719400
2.726500 27.227350 6.560300
1.656500 27.475150 5.829800
1.656500 27.475150 5.829800
2.726500 27.227350 6.560300
2.571500 27.123050 6.741600
1.546500 27.400650 5.959400
1.546500 27.400650 5.959400
2.571500 27.123050 6.741600
2.404500 27.084050 6.937200
1.426500 27.372750 6.099100
1.426500 27.372750 6.099100
2.404500 27.084050 6.937200
1.306500 27.393450 6.239600
2.236500 27.113050 7.133900
2.236500 27.113050 7.133900
1.306500 27.393450 6.239600
1.193500 27.461250 6.371200
2.078500 27.208050 7.318100
2.078500 27.208050 7.318100
1.193500 27.461250 6.371200
1.096500 27.571650 6.485000
1.942500 27.362550 7.477400
1.942500 27.362550 7.477400
1.096500 27.571650 6.485000
1.020500 27.717050 6.573200
1.836500 27.566050 7.600900
1.836500 27.566050 7.600900
1.020500 27.717050 6.573200
0.972500 27.887550 6.629900
1.768500 27.804650 7.680200
1.768500 27.804650 7.680200
0.972500 27.887550 6.629900
0.954500 28.071450 6.651000
1.743500 28.062150 7.709800
1.743500 28.062150 7.709800
0.954500 28.071450 6.651000
0.967500 28.256350 6.635300
1.762500 28.320950 7.687800
1.762500 28.320950 7.687800
0.967500 28.256350 6.635300
1.011500 28.429650 6.583800
1.823500 28.563450 7.615600
1.823500 28.563450 7.615600
1.011500 28.429650 6.583800
1.083500 28.579350 6.499900
1.924500 28.773150 7.498200
1.924500 28.773150 7.498200
1.083500 28.579350 6.499900
2.056500 28.935650 7.343600
1.177500 28.695550 6.389500
2.056500 28.935650 7.343600
1.177500 28.695550 6.389500
2.211500 29.039950 7.162300
1.288500 28.770050 6.259900
2.211500 29.039950 7.162300
1.288500 28.770050 6.259900
2.379500 29.078950 6.966700
1.408500 28.797850 6.120200
2.379500 29.078950 6.966700
1.408500 28.797850 6.120200
2.571500 27.123050 6.741600
2.236500 27.113050 7.133900
2.404500 27.084050 6.937200
2.078500 27.208050 7.318100
2.726500 27.227350 6.560300
1.942500 27.362550 7.477400
2.859500 27.389950 6.405700
1.836500 27.566050 7.600900
2.959500 27.599550 6.288300
1.768500 27.804650 7.680200
1.743500 28.062150 7.709800
1.762500 28.320950 7.687800
1.823500 28.563450 7.615600
2.947500 28.597050 6.303000
1.924500 28.773150 7.498200
2.841500 28.800550 6.426500
2.056500 28.935650 7.343600
2.705500 28.955050 6.585800
2.211500 29.039950 7.162300
2.547500 29.049950 6.770100
2.379500 29.078950 6.966700
2.379500 29.078950 6.966700
2.547500 29.049950 6.770100
2.211500 29.039950 7.162300
2.705500 28.955050 6.585800
2.056500 28.935650 7.343600
2.841500 28.800550 6.426500
1.924500 28.773150 7.498200
2.947500 28.597050 6.303000
1.823500 28.563450 7.615600
1.762500 28.320950 7.687800
1.743500 28.062150 7.709800
1.768500 27.804650 7.680200
2.959500 27.599550 6.288300
1.836500 27.566050 7.600900
2.859500 27.389950 6.405700
1.942500 27.362550 7.477400
2.726500 27.227350 6.560300
2.078500 27.208050 7.318100
2.571500 27.123050 6.741600
2.236500 27.113050 7.133900
2.404500 27.084050 6.937200
2.705500 28.955050 6.585800
2.724500 28.765350 7.004400
2.835500 28.698650 6.874900
2.547500 29.049950 6.770100
2.547500 29.049950 6.770100
2.705500 28.955050 6.585800
2.724500 28.765350 7.004400
2.835500 28.698650 6.874900
2.841500 28.800550 6.426500
2.931500 28.590150 6.763100
2.841500 28.800550 6.426500
2.931500 28.590150 6.763100
2.947500 28.597050 6.303000
2.947500 28.597050 6.303000
2.959500 27.599550 6.288300
2.959500 27.599550 6.288300
2.943500 27.599250 6.748400
2.859500 27.389950 6.405700
2.943500 27.599250 6.748400
2.859500 27.389950 6.405700
2.850500 27.485050 6.857000
2.726500 27.227350 6.560300
2.850500 27.485050 6.857000
2.726500 27.227350 6.560300
2.741500 27.411750 6.984400
2.571500 27.123050 6.741600
2.741500 27.411750 6.984400
2.571500 27.123050 6.741600
2.623500 27.384350 7.121800
2.404500 27.084050 6.937200
2.623500 27.384350 7.121800
2.404500 27.084050 6.937200
2.236500 27.113050 7.133900
2.505500 27.404750 7.259900
2.505500 27.404750 7.259900
2.236500 27.113050 7.133900
2.078500 27.208050 7.318100
2.395500 27.471450 7.389400
2.395500 27.471450 7.389400
2.078500 27.208050 7.318100
1.942500 27.362550 7.477400
2.299500 27.579950 7.501300
2.299500 27.579950 7.501300
1.942500 27.362550 7.477400
1.836500 27.566050 7.600900
2.225500 27.722950 7.588000
2.225500 27.722950 7.588000
1.836500 27.566050 7.600900
1.768500 27.804650 7.680200
2.177500 27.890550 7.643700
2.177500 27.890550 7.643700
1.768500 27.804650 7.680200
1.743500 28.062150 7.709800
2.159500 28.071450 7.664500
2.159500 28.071450 7.664500
1.743500 28.062150 7.709800
1.762500 28.320950 7.687800
2.172500 28.253250 7.649000
2.172500 28.253250 7.649000
1.762500 28.320950 7.687800
2.216500 28.423550 7.598300
1.823500 28.563450 7.615600
1.823500 28.563450 7.615600
2.216500 28.423550 7.598300
2.286500 28.570850 7.515900
1.924500 28.773150 7.498200
1.924500 28.773150 7.498200
2.286500 28.570850 7.515900
2.379500 28.685050 7.407300
2.056500 28.935650 7.343600
2.056500 28.935650 7.343600
2.379500 28.685050 7.407300
2.488500 28.758250 7.279900
2.211500 29.039950 7.162300
2.211500 29.039950 7.162300
2.488500 28.758250 7.279900
2.606500 28.785650 7.142500
2.379500 29.078950 6.966700
2.379500 29.078950 6.966700
2.606500 28.785650 7.142500
2.741500 27.411750 6.984400
2.505500 27.404750 7.259900
2.623500 27.384350 7.121800
2.395500 27.471450 7.389400
2.850500 27.485050 6.857000
2.299500 27.579950 7.501300
2.943500 27.599250 6.748400
2.225500 27.722950 7.588000
2.177500 27.890550 7.643700
2.159500 28.071450 7.664500
2.172500 28.253250 7.649000
2.216500 28.423550 7.598300
2.286500 28.570850 7.515900
2.931500 28.590150 6.763100
2.379500 28.685050 7.407300
2.835500 28.698650 6.874900
2.488500 28.758250 7.279900
2.724500 28.765350 7.004400
2.606500 28.785650 7.142500
2.606500 28.785650 7.142500
2.724500 28.765350 7.004400
2.488500 28.758250 7.279900
2.835500 28.698650 6.874900
2.379500 28.685050 7.407300
2.931500 28.590150 6.763100
2.286500 28.570850 7.515900
2.216500 28.423550 7.598300
2.172500 28.253250 7.649000
2.159500 28.071450 7.664500
2.177500 27.890550 7.643700
2.225500 27.722950 7.588000
2.943500 27.599250 6.748400
2.299500 27.579950 7.501300
2.850500 27.485050 6.857000
2.395500 27.471450 7.389400
2.741500 27.411750 6.984400
2.505500 27.404750 7.259900
2.623500 27.384350 7.121800
-1.632500 28.777250 6.220400
-1.872500 28.770050 5.940200
-1.752500 28.797950 6.079900
-1.520500 28.709350 6.352000
-1.983500 28.695550 5.810600
-1.422500 28.598950 6.465800
-2.077500 28.579450 5.700200
-1.347500 28.453650 6.554000
-2.149500 28.429650 5.616300
-1.298500 28.283150 6.610700
-2.193500 28.256350 5.564800
-1.280500 28.099150 6.631800
-2.207500 28.071450 5.549100
-1.294500 27.914250 6.616100
-2.189500 27.887550 5.570200
-1.338500 27.741050 6.564600
-2.140500 27.717050 5.626900
-1.409500 27.591250 6.480700
-2.065500 27.571650 5.715100
-1.504500 27.475150 6.370300
-1.967500 27.461350 5.828900
-1.615500 27.400650 6.240700
-1.855500 27.393450 5.960500
-1.734500 27.372750 6.101000
-1.734500 27.372750 6.101000
-1.615500 27.400650 6.240700
-1.855500 27.393450 5.960500
-1.967500 27.461350 5.828900
-1.504500 27.475150 6.370300
-2.065500 27.571650 5.715100
-1.409500 27.591250 6.480700
-2.140500 27.717050 5.626900
-1.338500 27.741050 6.564600
-2.189500 27.887550 5.570200
-1.294500 27.914250 6.616100
-2.207500 28.071450 5.549100
-1.280500 28.099150 6.631800
-2.193500 28.256350 5.564800
-1.298500 28.283150 6.610700
-2.149500 28.429650 5.616300
-1.347500 28.453650 6.554000
-2.077500 28.579450 5.700200
-1.422500 28.598950 6.465800
-1.983500 28.695550 5.810600
-1.520500 28.709350 6.352000
-1.872500 28.770050 5.940200
-1.632500 28.777250 6.220400
-1.752500 28.797950 6.079900
-1.967500 27.461350 5.828900
-2.873500 27.120650 6.750900
-3.031500 27.215650 6.566600
-1.855500 27.393450 5.960500
-1.855500 27.393450 5.960500
-1.967500 27.461350 5.828900
-2.873500 27.120650 6.750900
-3.031500 27.215650 6.566600
-2.065500 27.571650 5.715100
-3.167500 27.370150 6.407300
-2.065500 27.571650 5.715100
-3.167500 27.370150 6.407300
-2.140500 27.717050 5.626900
-3.273500 27.573650 6.283800
-3.273500 27.573650 6.283800
-2.140500 27.717050 5.626900
-2.189500 27.887550 5.570200
-3.341500 27.812250 6.204600
-3.341500 27.812250 6.204600
-2.189500 27.887550 5.570200
-2.207500 28.071450 5.549100
-3.366500 28.069750 6.174900
-3.366500 28.069750 6.174900
-2.207500 28.071450 5.549100
-2.193500 28.256350 5.564800
-3.347500 28.328550 6.196900
-3.347500 28.328550 6.196900
-2.193500 28.256350 5.564800
-2.149500 28.429650 5.616300
-3.286500 28.571050 6.269100
-3.286500 28.571050 6.269100
-2.149500 28.429650 5.616300
-2.077500 28.579450 5.700200
-3.185500 28.780750 6.386500
-3.185500 28.780750 6.386500
-2.077500 28.579450 5.700200
-3.053500 28.943250 6.541100
-1.983500 28.695550 5.810600
-1.983500 28.695550 5.810600
-3.053500 28.943250 6.541100
-2.898500 29.047550 6.722400
-1.872500 28.770050 5.940200
-1.872500 28.770050 5.940200
-2.898500 29.047550 6.722400
-2.730500 29.086550 6.918000
-1.752500 28.797950 6.079900
-1.752500 28.797950 6.079900
-2.730500 29.086550 6.918000
-1.632500 28.777250 6.220400
-2.562500 29.057650 7.114700
-2.562500 29.057650 7.114700
-1.632500 28.777250 6.220400
-1.520500 28.709350 6.352000
-2.404500 28.962650 7.298900
-2.404500 28.962650 7.298900
-1.520500 28.709350 6.352000
-1.422500 28.598950 6.465800
-2.268500 28.808150 7.458200
-2.268500 28.808150 7.458200
-1.422500 28.598950 6.465800
-1.347500 28.453650 6.554000
-2.162500 28.604650 7.581700
-2.162500 28.604650 7.581700
-1.347500 28.453650 6.554000
-1.298500 28.283150 6.610700
-2.095500 28.366050 7.661000
-2.095500 28.366050 7.661000
-1.298500 28.283150 6.610700
-1.280500 28.099150 6.631800
-2.069500 28.108550 7.690600
-2.069500 28.108550 7.690600
-1.280500 28.099150 6.631800
-1.294500 27.914250 6.616100
-2.088500 27.849750 7.668600
-2.088500 27.849750 7.668600
-1.294500 27.914250 6.616100
-1.338500 27.741050 6.564600
-2.150500 27.607250 7.596400
-2.150500 27.607250 7.596400
-1.338500 27.741050 6.564600
-1.409500 27.591250 6.480700
-2.250500 27.397550 7.479000
-2.250500 27.397550 7.479000
-1.409500 27.591250 6.480700
-2.383500 27.235050 7.324400
-1.504500 27.475150 6.370300
-2.383500 27.235050 7.324400
-1.504500 27.475150 6.370300
-2.538500 27.130650 7.143100
-1.615500 27.400650 6.240700
-2.538500 27.130650 7.143100
-1.615500 27.400650 6.240700
-2.705500 27.091650 6.947500
-1.734500 27.372750 6.101000
-2.705500 27.091650 6.947500
-1.734500 27.372750 6.101000
-2.898500 29.047550 6.722400
-2.562500 29.057650 7.114700
-2.730500 29.086550 6.918000
-2.404500 28.962650 7.298900
-3.053500 28.943250 6.541100
-2.268500 28.808150 7.458200
-3.185500 28.780750 6.386500
-2.162500 28.604650 7.581700
-3.286500 28.571050 6.269100
-2.095500 28.366050 7.661000
-3.347500 28.328550 6.196900
-2.069500 28.108550 7.690600
-3.366500 28.069750 6.174900
-2.088500 27.849750 7.668600
-3.341500 27.812250 6.204600
-2.150500 27.607250 7.596400
-3.273500 27.573650 6.283800
-2.250500 27.397550 7.479000
-3.167500 27.370150 6.407300
-2.383500 27.235050 7.324400
-3.031500 27.215650 6.566600
-2.538500 27.130650 7.143100
-2.873500 27.120650 6.750900
-2.705500 27.091650 6.947500
-2.705500 27.091650 6.947500
-2.873500 27.120650 6.750900
-2.538500 27.130650 7.143100
-3.031500 27.215650 6.566600
-2.383500 27.235050 7.324400
-3.167500 27.370150 6.407300
-2.250500 27.397550 7.479000
-3.273500 27.573650 6.283800
-2.150500 27.607250 7.596400
-3.341500 27.812250 6.204600
-2.088500 27.849750 7.668600
-3.366500 28.069750 6.174900
-2.069500 28.108550 7.690600
-3.347500 28.328550 6.196900
-2.095500 28.366050 7.661000
-3.286500 28.571050 6.269100
-2.162500 28.604650 7.581700
-3.185500 28.780750 6.386500
-2.268500 28.808150 7.458200
-3.053500 28.943250 6.541100
-2.404500 28.962650 7.298900
-2.898500 29.047550 6.722400
-2.562500 29.057650 7.114700
-2.730500 29.086550 6.918000
-3.031500 27.215650 6.566600
-3.050500 27.405350 6.985200
-3.161500 27.472050 6.855700
-2.873500 27.120650 6.750900
-2.873500 27.120650 6.750900
-3.031500 27.215650 6.566600
-3.050500 27.405350 6.985200
-3.161500 27.472050 6.855700
-3.167500 27.370150 6.407300
-3.257500 27.580550 6.743800
-3.167500 27.370150 6.407300
-3.257500 27.580550 6.743800
-3.273500 27.573650 6.283800
-3.331500 27.723550 6.657100
-3.273500 27.573650 6.283800
-3.331500 27.723550 6.657100
-3.341500 27.812250 6.204600
-3.379500 27.891150 6.601400
-3.341500 27.812250 6.204600
-3.379500 27.891150 6.601400
-3.366500 28.069750 6.174900
-3.397500 28.072050 6.580600
-3.366500 28.069750 6.174900
-3.397500 28.072050 6.580600
-3.383500 28.253850 6.596100
-3.347500 28.328550 6.196900
-3.383500 28.253850 6.596100
-3.347500 28.328550 6.196900
-3.340500 28.424150 6.646800
-3.286500 28.571050 6.269100
-3.340500 28.424150 6.646800
-3.286500 28.571050 6.269100
-3.270500 28.571450 6.729200
-3.185500 28.780750 6.386500
-3.270500 28.571450 6.729200
-3.185500 28.780750 6.386500
-3.177500 28.685650 6.837800
-3.053500 28.943250 6.541100
-3.177500 28.685650 6.837800
-3.053500 28.943250 6.541100
-3.068500 28.758850 6.965200
-2.898500 29.047550 6.722400
-3.068500 28.758850 6.965200
-2.898500 29.047550 6.722400
-2.950500 28.786250 7.102600
-2.730500 29.086550 6.918000
-2.950500 28.786250 7.102600
-2.730500 29.086550 6.918000
-2.562500 29.057650 7.114700
-2.832500 28.765950 7.240700
-2.832500 28.765950 7.240700
-2.562500 29.057650 7.114700
-2.404500 28.962650 7.298900
-2.721500 28.699250 7.370200
-2.721500 28.699250 7.370200
-2.404500 28.962650 7.298900
-2.268500 28.808150 7.458200
-2.625500 28.590650 7.482100
-2.625500 28.590650 7.482100
-2.268500 28.808150 7.458200
-2.162500 28.604650 7.581700
-2.551500 28.447750 7.568800
-2.551500 28.447750 7.568800
-2.162500 28.604650 7.581700
-2.095500 28.366050 7.661000
-2.503500 28.280150 7.624500
-2.503500 28.280150 7.624500
-2.095500 28.366050 7.661000
-2.069500 28.108550 7.690600
-2.486500 28.099250 7.645300
-2.486500 28.099250 7.645300
-2.069500 28.108550 7.690600
-2.088500 27.849750 7.668600
-2.499500 27.917450 7.629800
-2.499500 27.917450 7.629800
-2.088500 27.849750 7.668600
-2.542500 27.747050 7.579100
-2.150500 27.607250 7.596400
-2.150500 27.607250 7.596400
-2.542500 27.747050 7.579100
-2.613500 27.599850 7.496700
-2.250500 27.397550 7.479000
-2.250500 27.397550 7.479000
-2.613500 27.599850 7.496700
-2.706500 27.485650 7.388100
-2.383500 27.235050 7.324400
-2.383500 27.235050 7.324400
-2.706500 27.485650 7.388100
-2.815500 27.412350 7.260700
-2.538500 27.130650 7.143100
-2.538500 27.130650 7.143100
-2.815500 27.412350 7.260700
-2.932500 27.384950 7.123300
-2.705500 27.091650 6.947500
-2.705500 27.091650 6.947500
-2.932500 27.384950 7.123300
-3.068500 28.758850 6.965200
-2.832500 28.765950 7.240700
-2.950500 28.786250 7.102600
-2.721500 28.699250 7.370200
-3.177500 28.685650 6.837800
-2.625500 28.590650 7.482100
-3.270500 28.571450 6.729200
-2.551500 28.447750 7.568800
-3.340500 28.424150 6.646800
-2.503500 28.280150 7.624500
-3.383500 28.253850 6.596100
-2.486500 28.099250 7.645300
-3.397500 28.072050 6.580600
-2.499500 27.917450 7.629800
-3.379500 27.891150 6.601400
-2.542500 27.747050 7.579100
-3.331500 27.723550 6.657100
-2.613500 27.599850 7.496700
-3.257500 27.580550 6.743800
-2.706500 27.485650 7.388100
-3.161500 27.472050 6.855700
-2.815500 27.412350 7.260700
-3.050500 27.405350 6.985200
-2.932500 27.384950 7.123300
-2.932500 27.384950 7.123300
-3.050500 27.405350 6.985200
-2.815500 27.412350 7.260700
-3.161500 27.472050 6.855700
-2.706500 27.485650 7.388100
-3.257500 27.580550 6.743800
-2.613500 27.599850 7.496700
-3.331500 27.723550 6.657100
-2.542500 27.747050 7.579100
-3.379500 27.891150 6.601400
-2.499500 27.917450 7.629800
-3.397500 28.072050 6.580600
-2.486500 28.099250 7.645300
-3.383500 28.253850 6.596100
-2.503500 28.280150 7.624500
-3.340500 28.424150 6.646800
-2.551500 28.447750 7.568800
-3.270500 28.571450 6.729200
-2.625500 28.590650 7.482100
-3.177500 28.685650 6.837800
-2.721500 28.699250 7.370200
-3.068500 28.758850 6.965200
-2.832500 28.765950 7.240700
-2.950500 28.786250 7.102600
-0.626500 28.903650 7.169800
-0.489500 29.297550 4.965100
-0.795500 29.170650 4.965100
-0.398500 28.998050 7.169800
-0.398500 28.998050 7.169800
-0.626500 28.903650 7.169800
-0.489500 29.297550 4.965100
-0.795500 29.170650 4.965100
-0.822500 28.753450 7.169800
-1.058500 28.968950 4.965100
-0.822500 28.753450 7.169800
-1.058500 28.968950 4.965100
-0.398500 28.998050 7.169800
0.090500 28.998050 7.169800
-0.154500 29.030250 7.169800
-0.626500 28.903650 7.169800
0.318500 28.903650 7.169800
-0.822500 28.753450 7.169800
0.514500 28.753450 7.169800
-0.972500 28.557750 7.169800
0.664500 28.557750 7.169800
-1.066500 28.329850 7.169800
0.758500 28.329850 7.169800
-1.098500 28.085350 7.169800
0.790500 28.085350 7.169800
-1.066500 27.840750 7.169800
0.758500 27.840750 7.169800
-0.972500 27.612850 7.169800
0.664500 27.612850 7.169800
-0.822500 27.417150 7.169800
0.514500 27.417150 7.169800
-0.626500 27.267050 7.169800
0.318500 27.267050 7.169800
-0.398500 27.172650 7.169800
0.090500 27.172650 7.169800
-0.154500 27.140450 7.169800
-0.154500 27.140450 7.169800
-0.398500 27.172650 7.169800
0.090500 27.172650 7.169800
0.318500 27.267050 7.169800
-0.626500 27.267050 7.169800
0.514500 27.417150 7.169800
-0.822500 27.417150 7.169800
0.664500 27.612850 7.169800
-0.972500 27.612850 7.169800
0.758500 27.840750 7.169800
-1.066500 27.840750 7.169800
0.790500 28.085350 7.169800
-1.098500 28.085350 7.169800
0.758500 28.329850 7.169800
-1.066500 28.329850 7.169800
0.664500 28.557750 7.169800
-0.972500 28.557750 7.169800
0.514500 28.753450 7.169800
-0.822500 28.753450 7.169800
0.318500 28.903650 7.169800
-0.626500 28.903650 7.169800
0.090500 28.998050 7.169800
-0.398500 28.998050 7.169800
-0.154500 29.030250 7.169800
-0.161500 29.340750 4.965100
-0.154500 29.030250 7.169800
-0.154500 29.030250 7.169800
-0.161500 29.340750 4.965100
-0.972500 28.557750 7.169800
-1.260500 28.706050 4.965100
-0.972500 28.557750 7.169800
-1.260500 28.706050 4.965100
-1.066500 28.329850 7.169800
-1.387500 28.399850 4.965100
-1.066500 28.329850 7.169800
-1.387500 28.399850 4.965100
-1.430500 28.071250 4.968100
-1.430500 28.071250 4.965100
-1.098500 28.085350 7.169800
-1.098500 28.085350 7.169800
-1.430500 28.071250 4.968100
-1.430500 28.071250 4.965100
-1.066500 27.840750 7.169800
-1.401500 27.849750 4.965100
-1.387500 27.742750 4.965100
-1.429500 28.059550 4.965100
-1.401500 27.849750 4.965100
-1.429500 28.059550 4.965100
-1.066500 27.840750 7.169800
-1.387500 27.742750 4.965100
-0.972500 27.612850 7.169800
-1.260500 27.436550 4.965100
-0.972500 27.612850 7.169800
-1.260500 27.436550 4.965100
-0.822500 27.417150 7.169800
-1.058500 27.173650 4.965100
-0.822500 27.417150 7.169800
-1.058500 27.173650 4.965100
-0.795500 26.971850 4.965100
-0.626500 27.267050 7.169800
-0.626500 27.267050 7.169800
-0.795500 26.971850 4.965100
-0.489500 26.845050 4.965100
-0.398500 27.172650 7.169800
-0.398500 27.172650 7.169800
-0.489500 26.845050 4.965100
-0.161500 26.801750 4.965100
-0.154500 27.140450 7.169800
-0.154500 27.140450 7.169800
-0.161500 26.801750 4.965100
0.167500 26.845050 4.965100
0.090500 27.172650 7.169800
0.090500 27.172650 7.169800
0.167500 26.845050 4.965100
0.318500 27.267050 7.169800
0.473500 26.971850 4.965100
0.473500 26.971850 4.965100
0.318500 27.267050 7.169800
0.514500 27.417150 7.169800
0.736500 27.173650 4.965100
0.736500 27.173650 4.965100
0.514500 27.417150 7.169800
0.879500 27.474250 5.436800
0.938500 27.436550 4.965100
0.836500 27.455450 5.590400
0.816500 27.476850 5.790600
0.821500 27.512050 5.909000
0.664500 27.612850 7.169800
0.664500 27.612850 7.169800
0.821500 27.512050 5.909000
0.816500 27.476850 5.790600
0.836500 27.455450 5.590400
0.879500 27.474250 5.436800
0.938500 27.436550 4.965100
0.818500 27.539750 5.996800
0.830500 27.639950 6.182700
0.859500 27.770350 6.342800
0.869500 27.805250 6.371100
0.758500 27.840750 7.169800
0.758500 27.840750 7.169800
0.869500 27.805250 6.371100
0.859500 27.770350 6.342800
0.830500 27.639950 6.182700
0.818500 27.539750 5.996800
0.875500 27.922250 6.440900
0.889500 28.080950 6.482200
0.790500 28.085350 7.169800
0.790500 28.085350 7.169800
0.889500 28.080950 6.482200
0.875500 27.922250 6.440900
0.758500 28.329850 7.169800
0.873500 28.248350 6.439900
0.868500 28.355050 6.376200
0.889500 28.085350 6.482500
0.758500 28.329850 7.169800
0.889500 28.085350 6.482500
0.873500 28.248350 6.439900
0.868500 28.355050 6.376200
0.664500 28.557750 7.169800
0.813500 28.630850 5.991900
0.813500 28.638650 5.967200
0.826500 28.530750 6.178600
0.855500 28.400250 6.339400
0.664500 28.557750 7.169800
0.855500 28.400250 6.339400
0.826500 28.530750 6.178600
0.813500 28.630850 5.991900
0.813500 28.638650 5.967200
0.514500 28.753450 7.169800
0.938500 28.706050 4.965100
0.736500 28.968950 4.965100
0.823500 28.715250 5.578500
0.870500 28.693750 5.402300
0.888500 28.678850 5.369300
0.804500 28.693750 5.780200
0.514500 28.753450 7.169800
0.804500 28.693750 5.780200
0.823500 28.715250 5.578500
0.888500 28.678850 5.369300
0.870500 28.693750 5.402300
0.938500 28.706050 4.965100
0.736500 28.968950 4.965100
0.473500 29.170650 4.965100
0.318500 28.903650 7.169800
0.473500 29.170650 4.965100
0.318500 28.903650 7.169800
0.167500 29.297550 4.965100
0.090500 28.998050 7.169800
0.167500 29.297550 4.965100
0.090500 28.998050 7.169800
1.050500 27.747550 5.073000
1.065500 27.742750 4.965100
0.995500 27.639950 5.135200
0.935500 27.539750 5.256100
0.884500 27.476850 5.414300
0.884500 27.476850 5.414300
0.935500 27.539750 5.256100
0.995500 27.639950 5.135200
1.050500 27.747550 5.073000
1.065500 27.742750 4.965100
0.821500 27.512050 5.909000
0.836500 27.455450 5.590400
0.879500 27.474250 5.436800
0.816500 27.476850 5.790600
0.816500 27.476850 5.790600
0.821500 27.512050 5.909000
0.836500 27.455450 5.590400
0.879500 27.474250 5.436800
0.879500 27.474250 5.436800
1.417500 27.455450 6.109700
0.836500 27.455450 5.590400
0.884500 27.476850 5.414300
1.526500 27.476850 5.988100
1.526500 27.476850 5.988100
0.884500 27.476850 5.414300
1.417500 27.455450 6.109700
0.879500 27.474250 5.436800
0.836500 27.455450 5.590400
1.308500 27.476850 6.231200
0.816500 27.476850 5.790600
1.308500 27.476850 6.231200
0.816500 27.476850 5.790600
0.821500 27.512050 5.909000
1.207500 27.539750 6.344500
0.818500 27.539750 5.996800
0.821500 27.512050 5.909000
0.818500 27.539750 5.996800
1.207500 27.539750 6.344500
0.869500 27.805250 6.371100
0.995500 27.639950 5.135200
1.050500 27.747550 5.073000
0.935500 27.539750 5.256100
0.884500 27.476850 5.414300
0.818500 27.539750 5.996800
0.830500 27.639950 6.182700
0.859500 27.770350 6.342800
0.859500 27.770350 6.342800
0.869500 27.805250 6.371100
0.830500 27.639950 6.182700
0.818500 27.539750 5.996800
0.884500 27.476850 5.414300
0.935500 27.539750 5.256100
0.995500 27.639950 5.135200
1.050500 27.747550 5.073000
0.830500 27.639950 6.182700
1.120500 27.639950 6.441700
1.120500 27.639950 6.441700
0.830500 27.639950 6.182700
0.859500 27.770350 6.342800
1.053500 27.770350 6.516300
1.053500 27.770350 6.516300
0.859500 27.770350 6.342800
0.875500 27.922250 6.440900
1.011500 27.922250 6.563200
0.869500 27.805250 6.371100
0.869500 27.805250 6.371100
0.875500 27.922250 6.440900
1.011500 27.922250 6.563200
0.889500 28.080950 6.482200
1.084500 27.922250 4.995700
1.105500 28.071450 4.987900
1.055500 27.770350 5.054600
0.875500 27.922250 6.440900
0.875500 27.922250 6.440900
0.889500 28.080950 6.482200
1.055500 27.770350 5.054600
1.084500 27.922250 4.995700
1.105500 28.071450 4.987900
0.889500 28.080950 6.482200
0.997500 28.085350 6.579200
0.889500 28.085350 6.482500
0.889500 28.080950 6.482200
0.997500 28.085350 6.579200
0.889500 28.085350 6.482500
1.081500 28.248350 4.992800
1.103500 28.085350 4.984300
1.053500 28.397150 5.050500
0.868500 28.355050 6.376200
0.873500 28.248350 6.439900
0.889500 28.085350 6.482500
0.889500 28.085350 6.482500
0.873500 28.248350 6.439900
0.868500 28.355050 6.376200
1.053500 28.397150 5.050500
1.081500 28.248350 4.992800
1.103500 28.085350 4.984300
1.011500 28.248350 6.563200
0.873500 28.248350 6.439900
1.011500 28.248350 6.563200
0.873500 28.248350 6.439900
0.868500 28.355050 6.376200
1.053500 28.400250 6.516300
0.855500 28.400250 6.339400
0.868500 28.355050 6.376200
1.053500 28.400250 6.516300
0.855500 28.400250 6.339400
1.051500 28.400250 5.051100
0.986500 28.530750 5.126700
0.926500 28.630850 5.248100
0.888500 28.678850 5.369300
0.813500 28.638650 5.967200
0.813500 28.630850 5.991900
0.826500 28.530750 6.178600
0.855500 28.400250 6.339400
0.855500 28.400250 6.339400
0.826500 28.530750 6.178600
0.813500 28.630850 5.991900
0.813500 28.638650 5.967200
0.888500 28.678850 5.369300
0.926500 28.630850 5.248100
0.986500 28.530750 5.126700
1.051500 28.400250 5.051100
1.120500 28.530750 6.441700
0.826500 28.530750 6.178600
1.120500 28.530750 6.441700
0.826500 28.530750 6.178600
1.207500 28.630850 6.344500
0.813500 28.630850 5.991900
1.207500 28.630850 6.344500
0.813500 28.630850 5.991900
0.813500 28.638650 5.967200
1.308500 28.693750 6.231200
0.804500 28.693750 5.780200
0.813500 28.638650 5.967200
1.308500 28.693750 6.231200
0.804500 28.693750 5.780200
0.870500 28.693750 5.402300
0.823500 28.715250 5.578500
0.804500 28.693750 5.780200
0.804500 28.693750 5.780200
0.823500 28.715250 5.578500
0.870500 28.693750 5.402300
0.823500 28.715250 5.578500
1.417500 28.715250 6.109700
1.417500 28.715250 6.109700
0.823500 28.715250 5.578500
0.870500 28.693750 5.402300
1.526500 28.693750 5.988100
1.526500 28.693750 5.988100
0.870500 28.693750 5.402300
0.888500 28.678850 5.369300
0.926500 28.630850 5.248100
1.627500 28.630850 5.874900
1.627500 28.630850 5.874900
0.926500 28.630850 5.248100
0.888500 28.678850 5.369300
0.926500 28.630850 5.248100
1.065500 28.399850 4.965100
0.986500 28.530750 5.126700
1.051500 28.400250 5.051100
1.053500 28.397150 5.050500
1.053500 28.397150 5.050500
1.051500 28.400250 5.051100
1.065500 28.399850 4.965100
0.986500 28.530750 5.126700
0.926500 28.630850 5.248100
1.105500 28.071450 4.987900
1.108500 28.071250 4.965100
1.084500 27.922250 4.995700
1.055500 27.770350 5.054600
1.055500 27.770350 5.054600
1.084500 27.922250 4.995700
1.105500 28.071450 4.987900
1.108500 28.071250 4.965100
1.050500 27.747550 5.073000
1.714500 27.639950 5.777600
0.995500 27.639950 5.135200
1.055500 27.770350 5.054600
1.781500 27.770350 5.703000
1.781500 27.770350 5.703000
1.055500 27.770350 5.054600
1.714500 27.639950 5.777600
1.050500 27.747550 5.073000
0.995500 27.639950 5.135200
1.627500 27.539750 5.874900
0.935500 27.539750 5.256100
1.627500 27.539750 5.874900
0.935500 27.539750 5.256100
1.822500 28.248350 5.656100
1.822500 27.922250 5.656100
1.837500 28.085350 5.640100
1.781500 28.400250 5.703000
1.781500 27.770350 5.703000
1.714500 28.530750 5.777600
1.714500 27.639950 5.777600
1.627500 28.630850 5.874900
1.627500 27.539750 5.874900
1.526500 28.693750 5.988100
1.526500 27.476850 5.988100
1.417500 28.715250 6.109700
1.417500 27.455450 6.109700
1.308500 28.693750 6.231200
1.308500 27.476850 6.231200
1.207500 28.630850 6.344500
1.207500 27.539750 6.344500
1.120500 28.530750 6.441700
1.120500 27.639950 6.441700
1.053500 28.400250 6.516300
1.053500 27.770350 6.516300
1.011500 28.248350 6.563200
1.011500 27.922250 6.563200
0.997500 28.085350 6.579200
0.997500 28.085350 6.579200
1.011500 28.248350 6.563200
1.011500 27.922250 6.563200
1.053500 27.770350 6.516300
1.053500 28.400250 6.516300
1.120500 27.639950 6.441700
1.120500 28.530750 6.441700
1.207500 27.539750 6.344500
1.207500 28.630850 6.344500
1.308500 27.476850 6.231200
1.308500 28.693750 6.231200
1.417500 27.455450 6.109700
1.417500 28.715250 6.109700
1.526500 27.476850 5.988100
1.526500 28.693750 5.988100
1.627500 27.539750 5.874900
1.627500 28.630850 5.874900
1.714500 27.639950 5.777600
1.714500 28.530750 5.777600
1.781500 27.770350 5.703000
1.781500 28.400250 5.703000
1.822500 27.922250 5.656100
1.822500 28.248350 5.656100
1.837500 28.085350 5.640100
1.822500 27.922250 5.656100
1.084500 27.922250 4.995700
1.822500 27.922250 5.656100
1.084500 27.922250 4.995700
1.103500 28.085350 4.984300
1.837500 28.085350 5.640100
1.105500 28.071450 4.987900
1.105500 28.071450 4.987900
1.103500 28.085350 4.984300
1.837500 28.085350 5.640100
1.081500 28.248350 4.992800
1.103500 28.085350 4.984300
1.103500 28.085350 4.984300
1.081500 28.248350 4.992800
1.081500 28.248350 4.992800
1.822500 28.248350 5.656100
1.081500 28.248350 4.992800
1.822500 28.248350 5.656100
1.051500 28.400250 5.051100
1.781500 28.400250 5.703000
1.053500 28.397150 5.050500
1.053500 28.397150 5.050500
1.051500 28.400250 5.051100
1.781500 28.400250 5.703000
1.714500 28.530750 5.777600
0.986500 28.530750 5.126700
1.714500 28.530750 5.777600
0.986500 28.530750 5.126700
-1.142500 27.476850 5.771400
-1.533500 27.539750 6.325200
-1.635500 27.476850 6.212000
-1.147500 27.512050 5.889800
-1.145500 27.539750 5.977600
-1.147500 27.512050 5.889800
-1.533500 27.539750 6.325200
-1.145500 27.539750 5.977600
-1.142500 27.476850 5.771400
-1.635500 27.476850 6.212000
-1.447500 27.639950 6.422500
-1.157500 27.639950 6.163500
-1.157500 27.639950 6.163500
-1.447500 27.639950 6.422500
-2.149500 27.922250 5.636900
-2.149500 28.248350 5.636900
-2.163500 28.085350 5.620900
-2.107500 27.770350 5.683800
-2.107500 28.400250 5.683800
-2.040500 27.639950 5.758400
-2.040500 28.530750 5.758400
-1.953500 27.539750 5.855700
-1.953500 28.630850 5.855700
-1.852500 27.476850 5.968900
-1.852500 28.693750 5.968900
-1.743500 27.455450 6.090500
-1.743500 28.715250 6.090500
-1.635500 27.476850 6.212000
-1.635500 28.693750 6.212000
-1.533500 27.539750 6.325200
-1.533500 28.630850 6.325200
-1.447500 27.639950 6.422500
-1.447500 28.530750 6.422500
-1.380500 27.770350 6.497100
-1.380500 28.400250 6.497100
-1.338500 27.922250 6.544000
-1.338500 28.248350 6.544000
-1.324500 28.085350 6.560000
-1.324500 28.085350 6.560000
-1.338500 27.922250 6.544000
-1.338500 28.248350 6.544000
-1.380500 28.400250 6.497100
-1.380500 27.770350 6.497100
-1.447500 28.530750 6.422500
-1.447500 27.639950 6.422500
-1.533500 28.630850 6.325200
-1.533500 27.539750 6.325200
-1.635500 28.693750 6.212000
-1.635500 27.476850 6.212000
-1.743500 28.715250 6.090500
-1.743500 27.455450 6.090500
-1.852500 28.693750 5.968900
-1.852500 27.476850 5.968900
-1.953500 28.630850 5.855700
-1.953500 27.539750 5.855700
-2.040500 28.530750 5.758400
-2.040500 27.639950 5.758400
-2.107500 28.400250 5.683800
-2.107500 27.770350 5.683800
-2.149500 28.248350 5.636900
-2.149500 27.922250 5.636900
-2.163500 28.085350 5.620900
-1.163500 27.455450 5.571200
-1.743500 27.455450 6.090500
-1.163500 27.455450 5.571200
-1.743500 27.455450 6.090500
-1.380500 27.770350 6.497100
-1.186500 27.770350 6.323600
-1.186500 27.770350 6.323600
-1.380500 27.770350 6.497100
-1.743500 28.715250 6.090500
-1.197500 28.693750 5.383000
-1.852500 28.693750 5.968900
-1.149500 28.715250 5.559300
-1.149500 28.715250 5.559300
-1.743500 28.715250 6.090500
-1.197500 28.693750 5.383000
-1.852500 28.693750 5.968900
-1.252500 28.630850 5.228900
-1.953500 28.630850 5.855700
-1.214500 28.678850 5.350100
-1.214500 28.678850 5.350100
-1.252500 28.630850 5.228900
-1.953500 28.630850 5.855700
-1.312500 28.530750 5.107500
-2.040500 28.530750 5.758400
-1.312500 28.530750 5.107500
-2.040500 28.530750 5.758400
-1.378500 28.400250 5.031900
-2.107500 28.400250 5.683800
-1.378500 28.400250 5.031900
-2.107500 28.400250 5.683800
-1.379500 28.397150 5.031300
-2.149500 28.248350 5.636900
-1.407500 28.248350 4.973600
-1.407500 28.248350 4.973600
-1.379500 28.397150 5.031300
-2.149500 28.248350 5.636900
-2.163500 28.085350 5.620900
-1.430500 28.085350 4.965100
-1.430500 28.085350 4.965100
-2.163500 28.085350 5.620900
-1.431500 28.071450 4.968700
-2.149500 27.922250 5.636900
-1.410500 27.922250 4.976500
-1.410500 27.922250 4.976500
-1.431500 28.071450 4.968700
-2.149500 27.922250 5.636900
-1.382500 27.770350 5.035400
-2.107500 27.770350 5.683800
-2.107500 27.770350 5.683800
-1.382500 27.770350 5.035400
-2.040500 27.639950 5.758400
-1.376500 27.747550 5.053800
-1.322500 27.639950 5.116000
-1.322500 27.639950 5.116000
-1.376500 27.747550 5.053800
-2.040500 27.639950 5.758400
-1.953500 27.539750 5.855700
-1.261500 27.539750 5.236900
-1.261500 27.539750 5.236900
-1.953500 27.539750 5.855700
-1.852500 27.476850 5.968900
-1.210500 27.476850 5.395100
-1.210500 27.476850 5.395100
-1.852500 27.476850 5.968900
-1.206500 27.474250 5.417600
-1.206500 27.474250 5.417600
-1.201500 27.922250 6.421700
-1.338500 27.922250 6.544000
-1.196500 27.805250 6.351900
-1.196500 27.805250 6.351900
-1.201500 27.922250 6.421700
-1.338500 27.922250 6.544000
-1.215500 28.085350 6.463200
-1.324500 28.085350 6.560000
-1.216500 28.080950 6.463000
-1.216500 28.080950 6.463000
-1.215500 28.085350 6.463200
-1.324500 28.085350 6.560000
-1.200500 28.248350 6.420700
-1.338500 28.248350 6.544000
-1.200500 28.248350 6.420700
-1.338500 28.248350 6.544000
-1.182500 28.400250 6.320200
-1.380500 28.400250 6.497100
-1.195500 28.355050 6.357000
-1.195500 28.355050 6.357000
-1.182500 28.400250 6.320200
-1.380500 28.400250 6.497100
-1.152500 28.530750 6.159400
-1.447500 28.530750 6.422500
-1.152500 28.530750 6.159400
-1.447500 28.530750 6.422500
-1.139500 28.630850 5.972700
-1.533500 28.630850 6.325200
-1.139500 28.630850 5.972700
-1.533500 28.630850 6.325200
-1.140500 28.638650 5.948000
-1.130500 28.693750 5.761000
-1.635500 28.693750 6.212000
-1.140500 28.638650 5.948000
-1.130500 28.693750 5.761000
-1.635500 28.693750 6.212000
-1.401500 27.849750 4.965100
-1.429500 28.059550 4.965100
-1.387500 27.742750 4.965100
-1.260500 27.436550 4.965100
-1.058500 27.173650 4.965100
-0.795500 26.971850 4.965100
-0.489500 26.845050 4.965100
-0.161500 26.801750 4.965100
0.167500 26.845050 4.965100
0.473500 26.971850 4.965100
0.736500 27.173650 4.965100
0.938500 27.436550 4.965100
1.065500 27.742750 4.965100
1.108500 28.071250 4.965100
1.065500 28.399850 4.965100
0.938500 28.706050 4.965100
0.736500 28.968950 4.965100
0.473500 29.170650 4.965100
0.167500 29.297550 4.965100
-0.161500 29.340750 4.965100
-0.489500 29.297550 4.965100
-0.795500 29.170650 4.965100
-1.058500 28.968950 4.965100
-1.260500 28.706050 4.965100
-1.387500 28.399850 4.965100
-1.430500 28.071250 4.965100
-1.414500 28.181450 4.973800
-1.430500 28.071250 4.968100
