-26.300400 77.464780 15.101700
-26.300400 96.716790 14.314300
-26.300400 96.716790 15.101700
-26.300400 77.464780 14.314300
-43.898800 96.716790 15.101700
-26.300400 96.716790 14.314300
-43.898800 96.716790 14.314300
-26.300400 96.716790 15.101700
-26.300400 77.464780 15.101700
-43.898800 77.464780 14.314300
-26.300400 77.464780 14.314300
-43.898800 77.464780 15.101700
-43.898800 77.464780 14.314300
-43.898800 96.716790 15.101700
-43.898800 96.716790 14.314300
-43.898800 77.464780 15.101700
40.089900 -89.063120 26.794600
40.089900 -89.063120 25.495400
40.089900 -89.063120 26.794600
40.089900 -89.063120 25.495400
40.658500 -90.436120 26.794600
40.658500 -89.804120 26.794600
40.700100 -90.120120 26.794600
40.536600 -90.730120 26.794600
40.536600 -89.510120 26.794600
40.342600 -90.983120 26.794600
40.342600 -89.257120 26.794600
40.089900 -91.177120 26.794600
40.089900 -89.063120 26.794600
40.089900 -89.063120 26.794600
40.089900 -91.177120 26.794600
40.342600 -89.257120 26.794600
40.342600 -90.983120 26.794600
40.536600 -89.510120 26.794600
40.536600 -90.730120 26.794600
40.658500 -89.804120 26.794600
40.658500 -90.436120 26.794600
40.700100 -90.120120 26.794600
40.342600 -89.257120 26.794600
40.342600 -89.257120 25.495400
40.342600 -89.257120 26.794600
40.342600 -89.257120 25.495400
40.536600 -89.510120 25.495400
40.536600 -89.510120 26.794600
40.536600 -89.510120 26.794600
40.536600 -89.510120 25.495400
40.658500 -89.804120 25.495400
40.658500 -89.804120 26.794600
40.658500 -89.804120 26.794600
40.658500 -89.804120 25.495400
40.700100 -90.120120 25.495400
40.700100 -90.120120 26.794600
40.700100 -90.120120 26.794600
40.700100 -90.120120 25.495400
40.658500 -90.436120 25.495400
40.658500 -90.436120 26.794600
40.658500 -90.436120 26.794600
40.658500 -90.436120 25.495400
40.536600 -90.730120 25.495400
40.536600 -90.730120 26.794600
40.536600 -90.730120 26.794600
40.536600 -90.730120 25.495400
40.342600 -90.983120 25.495400
40.342600 -90.983120 26.794600
40.342600 -90.983120 26.794600
40.342600 -90.983120 25.495400
40.089900 -91.177120 26.794600
40.089900 -91.177120 25.495400
40.089900 -91.177120 26.794600
40.089900 -91.177120 25.495400
-39.466100 81.999680 19.117500
-39.472800 82.007480 18.723800
-39.472800 82.007480 19.117500
-39.466100 81.999680 18.723800
-39.466100 81.999680 18.723800
-39.466100 81.999680 19.117500
-39.472800 82.007480 18.723800
-39.472800 82.007480 19.117500
-39.481300 82.013280 19.117500
-39.481300 82.013280 18.723800
-39.481300 82.013280 19.117500
-39.481300 82.013280 18.723800
-39.461700 81.990380 19.117500
-39.461700 81.990380 18.723800
-39.461700 81.990380 18.723800
-39.461700 81.990380 19.117500
-39.491000 82.016680 19.117500
-39.491000 82.016680 18.723800
-39.491000 82.016680 19.117500
-39.491000 82.016680 18.723800
-39.459800 81.980280 19.117500
-39.459800 81.980280 18.723800
-39.459800 81.980280 18.723800
-39.459800 81.980280 19.117500
-39.501300 82.017480 19.117500
-39.501300 82.017480 18.723800
-39.501300 82.017480 19.117500
-39.501300 82.017480 18.723800
-39.460600 81.970080 19.117500
-39.460600 81.970080 18.723800
-39.460600 81.970080 18.723800
-39.460600 81.970080 19.117500
-39.511300 82.015580 19.117500
-39.511300 82.015580 18.723800
-39.511300 82.015580 19.117500
-39.511300 82.015580 18.723800
-39.464000 81.960380 19.117500
-39.464000 81.960380 18.723800
-39.464000 81.960380 18.723800
-39.464000 81.960380 19.117500
-39.520600 82.011080 19.117500
-39.520600 82.011080 18.723800
-39.520600 82.011080 19.117500
-39.520600 82.011080 18.723800
-39.469800 81.951880 19.117500
-39.469800 81.951880 18.723800
-39.469800 81.951880 18.723800
-39.469800 81.951880 19.117500
-39.528400 82.004380 19.117500
-39.528400 82.004380 18.723800
-39.528400 82.004380 19.117500
-39.528400 82.004380 18.723800
-39.477600 81.945180 18.723800
-39.477600 81.945180 19.117500
-39.477600 81.945180 19.117500
-39.477600 81.945180 18.723800
-39.534200 81.995980 18.723800
-39.534200 81.995980 19.117500
-39.534200 81.995980 19.117500
-39.534200 81.995980 18.723800
-39.486800 81.940780 18.723800
-39.486800 81.940780 19.117500
-39.486800 81.940780 19.117500
-39.486800 81.940780 18.723800
-39.537600 81.986280 18.723800
-39.537600 81.986280 19.117500
-39.537600 81.986280 19.117500
-39.537600 81.986280 18.723800
-39.496900 81.938880 18.723800
-39.496900 81.938880 19.117500
-39.496900 81.938880 19.117500
-39.496900 81.938880 18.723800
-39.538400 81.975980 18.723800
-39.538400 81.975980 19.117500
-39.538400 81.975980 19.117500
-39.538400 81.975980 18.723800
-39.507200 81.939580 18.723800
-39.507200 81.939580 19.117500
-39.507200 81.939580 19.117500
-39.507200 81.939580 18.723800
-39.536500 81.965880 18.723800
-39.536500 81.965880 19.117500
-39.536500 81.965880 19.117500
-39.536500 81.965880 18.723800
-39.516900 81.942980 18.723800
-39.516900 81.942980 19.117500
-39.516900 81.942980 19.117500
-39.516900 81.942980 18.723800
-39.532100 81.956580 18.723800
-39.532100 81.956580 19.117500
-39.532100 81.956580 19.117500
-39.532100 81.956580 18.723800
-39.525400 81.948780 18.723800
-39.525400 81.948780 19.117500
-39.525400 81.948780 19.117500
-39.525400 81.948780 18.723800
-37.613000 88.269680 23.369400
-36.736700 88.881680 15.101700
-37.613000 88.269680 15.101700
-36.736700 88.881680 23.369400
-36.736700 88.881680 23.369400
-37.613000 88.269680 23.369400
-36.736700 88.881680 15.101700
-37.613000 88.269680 15.101700
-38.617900 87.905280 23.369400
-38.617900 87.905280 15.101700
-38.617900 87.905280 23.369400
-38.617900 87.905280 15.101700
-39.682800 87.813380 23.369400
-39.693300 91.931650 23.369400
-39.692500 91.941890 23.369400
-40.735200 88.000280 23.369400
-39.696700 91.921950 23.369400
-39.702500 91.913470 23.369400
-39.710300 91.906770 23.369400
-39.719500 91.902330 23.369400
-39.729700 91.900430 23.369400
-39.739900 91.901210 23.369400
-39.749600 91.904620 23.369400
-39.758100 91.910420 23.369400
-39.764800 91.918220 23.369400
-39.769200 91.927490 23.369400
-39.771100 91.937590 23.369400
-40.380600 95.902300 23.369400
-41.385500 95.537940 23.369400
-41.703400 88.453180 23.369400
-42.261800 94.925910 23.369400
-42.521300 89.141280 23.369400
-42.949800 94.107940 23.369400
-43.133400 90.017560 23.369400
-43.402700 93.139750 23.369400
-43.497700 91.022420 23.369400
-43.589600 92.087340 23.369400
-35.595700 90.667840 23.369400
-35.500700 92.785180 23.369400
-35.408900 91.720260 23.369400
-35.865100 93.790030 23.369400
-36.048600 89.699660 23.369400
-36.477100 94.666340 23.369400
-36.736700 88.881680 23.369400
-37.295100 95.354390 23.369400
-37.613000 88.269680 23.369400
-38.263300 95.807290 23.369400
-38.617900 87.905280 23.369400
-39.315700 95.994170 23.369400
-39.694400 91.952000 23.369400
-39.698800 91.961260 23.369400
-39.705500 91.969060 23.369400
-39.714000 91.974870 23.369400
-39.723700 91.978270 23.369400
-39.734000 91.979060 23.369400
-39.744100 91.977160 23.369400
-39.753300 91.972710 23.369400
-39.761100 91.966020 23.369400
-39.766900 91.957540 23.369400
-39.770300 91.947840 23.369400
-39.771100 91.937590 23.369400
-39.770300 91.947840 23.369400
-40.380600 95.902300 23.369400
-39.766900 91.957540 23.369400
-39.761100 91.966020 23.369400
-39.753300 91.972710 23.369400
-39.744100 91.977160 23.369400
-39.734000 91.979060 23.369400
-39.723700 91.978270 23.369400
-39.714000 91.974870 23.369400
-39.705500 91.969060 23.369400
-39.698800 91.961260 23.369400
-39.694400 91.952000 23.369400
-39.692500 91.941890 23.369400
-39.315700 95.994170 23.369400
-39.682800 87.813380 23.369400
-38.617900 87.905280 23.369400
-38.263300 95.807290 23.369400
-37.613000 88.269680 23.369400
-37.295100 95.354390 23.369400
-36.736700 88.881680 23.369400
-36.477100 94.666340 23.369400
-36.048600 89.699660 23.369400
-35.865100 93.790030 23.369400
-35.595700 90.667840 23.369400
-35.500700 92.785180 23.369400
-35.408900 91.720260 23.369400
-43.589600 92.087340 23.369400
-43.497700 91.022420 23.369400
-43.402700 93.139750 23.369400
-43.133400 90.017560 23.369400
-42.949800 94.107940 23.369400
-42.521300 89.141280 23.369400
-42.261800 94.925910 23.369400
-41.703400 88.453180 23.369400
-41.385500 95.537940 23.369400
-40.735200 88.000280 23.369400
-39.769200 91.927490 23.369400
-39.764800 91.918220 23.369400
-39.758100 91.910420 23.369400
-39.749600 91.904620 23.369400
-39.739900 91.901210 23.369400
-39.729700 91.900430 23.369400
-39.719500 91.902330 23.369400
-39.710300 91.906770 23.369400
-39.702500 91.913470 23.369400
-39.696700 91.921950 23.369400
-39.693300 91.931650 23.369400
-36.048600 89.699660 23.369400
-36.048600 89.699660 15.101700
-36.048600 89.699660 23.369400
-36.048600 89.699660 15.101700
-39.682800 87.813380 23.369400
-39.682800 87.813380 15.101700
-39.682800 87.813380 23.369400
-39.682800 87.813380 15.101700
-40.735200 88.000280 23.369400
-40.735200 88.000280 15.101700
-40.735200 88.000280 23.369400
-40.735200 88.000280 15.101700
-41.703400 88.453180 23.369400
-41.703400 88.453180 15.101700
-41.703400 88.453180 23.369400
-41.703400 88.453180 15.101700
-42.521300 89.141280 23.369400
-42.521300 89.141280 15.101700
-42.521300 89.141280 23.369400
-42.521300 89.141280 15.101700
-43.133400 90.017560 15.101700
-43.133400 90.017560 23.369400
-43.133400 90.017560 15.101700
-43.133400 90.017560 23.369400
-43.497700 91.022420 15.101700
-43.497700 91.022420 23.369400
-43.497700 91.022420 15.101700
-43.497700 91.022420 23.369400
-43.589600 92.087340 15.101700
-43.589600 92.087340 23.369400
-43.589600 92.087340 15.101700
-43.589600 92.087340 23.369400
-43.402700 93.139750 15.101700
-43.402700 93.139750 23.369400
-43.402700 93.139750 15.101700
-43.402700 93.139750 23.369400
-42.949800 94.107940 15.101700
-42.949800 94.107940 23.369400
-42.949800 94.107940 15.101700
-42.949800 94.107940 23.369400
-42.261800 94.925910 15.101700
-42.261800 94.925910 23.369400
-42.261800 94.925910 15.101700
-42.261800 94.925910 23.369400
-41.385500 95.537940 23.369400
-41.385500 95.537940 15.101700
-41.385500 95.537940 23.369400
-41.385500 95.537940 15.101700
-40.380600 95.902300 23.369400
-40.380600 95.902300 15.101700
-40.380600 95.902300 23.369400
-40.380600 95.902300 15.101700
-39.315700 95.994170 23.369400
-39.315700 95.994170 15.101700
-39.315700 95.994170 23.369400
-39.315700 95.994170 15.101700
-38.263300 95.807290 23.369400
-38.263300 95.807290 15.101700
-38.263300 95.807290 23.369400
-38.263300 95.807290 15.101700
-37.295100 95.354390 23.369400
-37.295100 95.354390 15.101700
-37.295100 95.354390 23.369400
-37.295100 95.354390 15.101700
-36.477100 94.666340 23.369400
-36.477100 94.666340 15.101700
-36.477100 94.666340 23.369400
-36.477100 94.666340 15.101700
-35.865100 93.790030 15.101700
-35.865100 93.790030 23.369400
-35.865100 93.790030 23.369400
-35.865100 93.790030 15.101700
-35.500700 92.785180 15.101700
-35.500700 92.785180 23.369400
-35.500700 92.785180 23.369400
-35.500700 92.785180 15.101700
-35.408900 91.720260 15.101700
-35.408900 91.720260 23.369400
-35.408900 91.720260 23.369400
-35.408900 91.720260 15.101700
-35.595700 90.667840 15.101700
-35.595700 90.667840 23.369400
-35.595700 90.667840 23.369400
-35.595700 90.667840 15.101700
-41.180100 79.995280 18.723800
-40.532100 79.638080 15.101700
-41.180100 79.995280 15.101700
-40.532100 79.638080 18.723800
-40.532100 79.638080 18.723800
-41.180100 79.995280 18.723800
-40.532100 79.638080 15.101700
-41.180100 79.995280 15.101700
-41.713600 80.508080 18.723800
-41.713600 80.508080 15.101700
-41.713600 80.508080 18.723800
-41.713600 80.508080 15.101700
-36.859500 81.244980 18.723800
-36.696700 82.703180 18.723800
-36.682100 81.963380 18.723800
-36.902300 83.414080 18.723800
-37.216700 80.596880 18.723800
-37.284900 84.047480 18.723800
-37.729500 80.063480 18.723800
-37.818400 84.560280 18.723800
-38.363000 79.680880 18.723800
-38.466400 84.917580 18.723800
-39.073800 79.475280 18.723800
-39.184800 85.094980 18.723800
-39.460600 81.970080 18.723800
-39.813700 79.460680 18.723800
-39.459800 81.980280 18.723800
-39.464000 81.960380 18.723800
-39.469800 81.951880 18.723800
-39.477600 81.945180 18.723800
-39.486800 81.940780 18.723800
-39.496900 81.938880 18.723800
-39.507200 81.939580 18.723800
-39.516900 81.942980 18.723800
-39.525400 81.948780 18.723800
-39.532100 81.956580 18.723800
-39.536500 81.965880 18.723800
-39.538400 81.975980 18.723800
-39.924600 85.080380 18.723800
-39.461700 81.990380 18.723800
-39.466100 81.999680 18.723800
-39.472800 82.007480 18.723800
-39.481300 82.013280 18.723800
-39.491000 82.016680 18.723800
-39.501300 82.017480 18.723800
-39.511300 82.015580 18.723800
-39.520600 82.011080 18.723800
-39.528400 82.004380 18.723800
-39.534200 81.995980 18.723800
-39.537600 81.986280 18.723800
-40.532100 79.638080 18.723800
-40.635500 84.874780 18.723800
-41.180100 79.995280 18.723800
-41.268900 84.492180 18.723800
-41.713600 80.508080 18.723800
-41.781700 83.958680 18.723800
-42.096200 81.141580 18.723800
-42.139000 83.310680 18.723800
-42.301800 81.852380 18.723800
-42.316400 82.592280 18.723800
-42.316400 82.592280 18.723800
-42.301800 81.852380 18.723800
-42.139000 83.310680 18.723800
-42.096200 81.141580 18.723800
-41.781700 83.958680 18.723800
-41.713600 80.508080 18.723800
-41.268900 84.492180 18.723800
-41.180100 79.995280 18.723800
-40.635500 84.874780 18.723800
-40.532100 79.638080 18.723800
-39.924600 85.080380 18.723800
-39.813700 79.460680 18.723800
-39.538400 81.975980 18.723800
-39.537600 81.986280 18.723800
-39.534200 81.995980 18.723800
-39.528400 82.004380 18.723800
-39.520600 82.011080 18.723800
-39.511300 82.015580 18.723800
-39.501300 82.017480 18.723800
-39.491000 82.016680 18.723800
-39.481300 82.013280 18.723800
-39.472800 82.007480 18.723800
-39.466100 81.999680 18.723800
-39.461700 81.990380 18.723800
-39.459800 81.980280 18.723800
-39.184800 85.094980 18.723800
-39.536500 81.965880 18.723800
-39.532100 81.956580 18.723800
-39.525400 81.948780 18.723800
-39.516900 81.942980 18.723800
-39.507200 81.939580 18.723800
-39.496900 81.938880 18.723800
-39.486800 81.940780 18.723800
-39.477600 81.945180 18.723800
-39.469800 81.951880 18.723800
-39.464000 81.960380 18.723800
-39.460600 81.970080 18.723800
-39.073800 79.475280 18.723800
-38.466400 84.917580 18.723800
-38.363000 79.680880 18.723800
-37.818400 84.560280 18.723800
-37.729500 80.063480 18.723800
-37.284900 84.047480 18.723800
-37.216700 80.596880 18.723800
-36.902300 83.414080 18.723800
-36.859500 81.244980 18.723800
-36.696700 82.703180 18.723800
-36.682100 81.963380 18.723800
-39.813700 79.460680 15.101700
-39.813700 79.460680 18.723800
-39.813700 79.460680 18.723800
-39.813700 79.460680 15.101700
-42.096200 81.141580 15.101700
-42.096200 81.141580 18.723800
-42.096200 81.141580 15.101700
-42.096200 81.141580 18.723800
-37.216700 80.596880 15.101700
-36.859500 81.244980 18.723800
-36.859500 81.244980 15.101700
-37.216700 80.596880 18.723800
-37.216700 80.596880 18.723800
-37.216700 80.596880 15.101700
-36.859500 81.244980 18.723800
-36.859500 81.244980 15.101700
-37.729500 80.063480 15.101700
-37.729500 80.063480 18.723800
-37.729500 80.063480 18.723800
-37.729500 80.063480 15.101700
-38.363000 79.680880 18.723800
-38.363000 79.680880 15.101700
-38.363000 79.680880 18.723800
-38.363000 79.680880 15.101700
-39.073800 79.475280 18.723800
-39.073800 79.475280 15.101700
-39.073800 79.475280 18.723800
-39.073800 79.475280 15.101700
-42.301800 81.852380 15.101700
-42.301800 81.852380 18.723800
-42.301800 81.852380 15.101700
-42.301800 81.852380 18.723800
-42.316400 82.592280 15.101700
-42.316400 82.592280 18.723800
-42.316400 82.592280 15.101700
-42.316400 82.592280 18.723800
-42.139000 83.310680 15.101700
-42.139000 83.310680 18.723800
-42.139000 83.310680 15.101700
-42.139000 83.310680 18.723800
-41.781700 83.958680 15.101700
-41.781700 83.958680 18.723800
-41.781700 83.958680 15.101700
-41.781700 83.958680 18.723800
-41.268900 84.492180 15.101700
-41.268900 84.492180 18.723800
-41.268900 84.492180 15.101700
-41.268900 84.492180 18.723800
-40.635500 84.874780 18.723800
-40.635500 84.874780 15.101700
-40.635500 84.874780 18.723800
-40.635500 84.874780 15.101700
-39.924600 85.080380 18.723800
-39.924600 85.080380 15.101700
-39.924600 85.080380 18.723800
-39.924600 85.080380 15.101700
-39.184800 85.094980 18.723800
-39.184800 85.094980 15.101700
-39.184800 85.094980 18.723800
-39.184800 85.094980 15.101700
-38.466400 84.917580 18.723800
-38.466400 84.917580 15.101700
-38.466400 84.917580 18.723800
-38.466400 84.917580 15.101700
-37.818400 84.560280 18.723800
-37.818400 84.560280 15.101700
-37.818400 84.560280 18.723800
-37.818400 84.560280 15.101700
-37.284900 84.047480 18.723800
-37.284900 84.047480 15.101700
-37.284900 84.047480 18.723800
-37.284900 84.047480 15.101700
-36.902300 83.414080 15.101700
-36.902300 83.414080 18.723800
-36.902300 83.414080 18.723800
-36.902300 83.414080 15.101700
-36.696700 82.703180 15.101700
-36.696700 82.703180 18.723800
-36.696700 82.703180 18.723800
-36.696700 82.703180 15.101700
-36.682100 81.963380 15.101700
-36.682100 81.963380 18.723800
-36.682100 81.963380 18.723800
-36.682100 81.963380 15.101700
-29.265600 80.708680 15.101700
-28.908400 81.133380 16.243400
-28.908400 81.133380 15.101700
-29.265600 80.708680 16.243400
-29.265600 80.708680 16.243400
-29.265600 80.708680 15.101700
-28.908400 81.133380 16.243400
-28.908400 81.133380 15.101700
-29.720600 80.390880 16.243400
-29.720600 80.390880 15.101700
-29.720600 80.390880 16.243400
-29.720600 80.390880 15.101700
-28.673200 81.636080 16.243400
-28.584400 82.277480 16.243400
-28.576200 82.182480 16.243400
-28.623900 82.735480 16.243400
-28.813100 83.257180 16.243400
-28.908400 81.133380 16.243400
-29.130800 83.712180 16.243400
-29.265600 80.708680 16.243400
-29.555600 84.069480 16.243400
-29.720600 80.390880 16.243400
-30.058300 84.304580 16.243400
-30.242400 80.201680 16.243400
-30.604700 84.401680 16.243400
-30.795300 80.153980 16.243400
-30.881200 84.377780 16.243400
-30.881200 80.169180 16.243400
-31.341800 80.250980 16.243400
-31.157700 84.353980 16.243400
-31.679400 84.164780 16.243400
-31.844500 80.486180 16.243400
-32.134400 83.846980 16.243400
-32.269200 80.843380 16.243400
-32.491700 83.422280 16.243400
-32.587000 81.298380 16.243400
-32.726800 82.919580 16.243400
-32.776200 81.820180 16.243400
-32.823900 82.373080 16.243400
-32.815600 82.277480 16.243400
-32.815600 82.277480 16.243400
-32.776200 81.820180 16.243400
-32.823900 82.373080 16.243400
-32.726800 82.919580 16.243400
-32.587000 81.298380 16.243400
-32.491700 83.422280 16.243400
-32.269200 80.843380 16.243400
-32.134400 83.846980 16.243400
-31.844500 80.486180 16.243400
-31.679400 84.164780 16.243400
-31.341800 80.250980 16.243400
-31.157700 84.353980 16.243400
-30.881200 84.377780 16.243400
-30.881200 80.169180 16.243400
-30.795300 80.153980 16.243400
-30.604700 84.401680 16.243400
-30.242400 80.201680 16.243400
-30.058300 84.304580 16.243400
-29.720600 80.390880 16.243400
-29.555600 84.069480 16.243400
-29.265600 80.708680 16.243400
-29.130800 83.712180 16.243400
-28.908400 81.133380 16.243400
-28.813100 83.257180 16.243400
-28.673200 81.636080 16.243400
-28.623900 82.735480 16.243400
-28.584400 82.277480 16.243400
-28.576200 82.182480 16.243400
-28.673200 81.636080 16.243400
-28.673200 81.636080 15.101700
-28.673200 81.636080 16.243400
-28.673200 81.636080 15.101700
-30.242400 80.201680 16.243400
-30.242400 80.201680 15.101700
-30.242400 80.201680 16.243400
-30.242400 80.201680 15.101700
-30.604700 84.401680 16.243400
-31.157700 84.353980 15.101700
-30.604700 84.401680 15.101700
-31.157700 84.353980 16.243400
-30.881200 84.377780 16.243400
-30.881200 84.377780 16.243400
-30.604700 84.401680 16.243400
-31.157700 84.353980 16.243400
-31.157700 84.353980 15.101700
-30.604700 84.401680 15.101700
-30.058300 84.304580 16.243400
-30.058300 84.304580 15.101700
-30.058300 84.304580 16.243400
-30.058300 84.304580 15.101700
-29.555600 84.069480 16.243400
-29.555600 84.069480 15.101700
-29.555600 84.069480 16.243400
-29.555600 84.069480 15.101700
-29.130800 83.712180 16.243400
-29.130800 83.712180 15.101700
-29.130800 83.712180 16.243400
-29.130800 83.712180 15.101700
-28.813100 83.257180 15.101700
-28.813100 83.257180 16.243400
-28.813100 83.257180 16.243400
-28.813100 83.257180 15.101700
-28.623900 82.735480 15.101700
-28.623900 82.735480 16.243400
-28.623900 82.735480 16.243400
-28.623900 82.735480 15.101700
-28.576200 82.182480 15.101700
-28.584400 82.277480 16.243400
-28.576200 82.182480 16.243400
-28.576200 82.182480 16.243400
-28.576200 82.182480 15.101700
-28.584400 82.277480 16.243400
-30.795300 80.153980 16.243400
-30.795300 80.153980 15.101700
-30.795300 80.153980 16.243400
-30.795300 80.153980 15.101700
-31.341800 80.250980 16.243400
-31.341800 80.250980 15.101700
-30.881200 80.169180 16.243400
-30.881200 80.169180 16.243400
-31.341800 80.250980 16.243400
-31.341800 80.250980 15.101700
-31.844500 80.486180 16.243400
-31.844500 80.486180 15.101700
-31.844500 80.486180 16.243400
-31.844500 80.486180 15.101700
-32.269200 80.843380 16.243400
-32.269200 80.843380 15.101700
-32.269200 80.843380 16.243400
-32.269200 80.843380 15.101700
-32.587000 81.298380 15.101700
-32.587000 81.298380 16.243400
-32.587000 81.298380 15.101700
-32.587000 81.298380 16.243400
-32.776200 81.820180 15.101700
-32.776200 81.820180 16.243400
-32.776200 81.820180 15.101700
-32.776200 81.820180 16.243400
-32.815600 82.277480 16.243400
-32.823900 82.373080 15.101700
-32.823900 82.373080 16.243400
-32.815600 82.277480 16.243400
-32.823900 82.373080 15.101700
-32.823900 82.373080 16.243400
-32.726800 82.919580 15.101700
-32.726800 82.919580 16.243400
-32.726800 82.919580 15.101700
-32.726800 82.919580 16.243400
-32.491700 83.422280 15.101700
-32.491700 83.422280 16.243400
-32.491700 83.422280 15.101700
-32.491700 83.422280 16.243400
-32.134400 83.846980 15.101700
-32.134400 83.846980 16.243400
-32.134400 83.846980 15.101700
-32.134400 83.846980 16.243400
-31.679400 84.164780 16.243400
-31.679400 84.164780 15.101700
-31.679400 84.164780 16.243400
-31.679400 84.164780 15.101700
-30.658700 91.849520 21.479700
-30.648600 91.851420 21.086000
-30.658700 91.849520 21.086000
-30.648600 91.851420 21.479700
-30.667900 91.845080 21.479700
-30.667900 91.845080 21.086000
-30.609000 91.824360 21.479700
-30.607900 91.804010 21.479700
-30.607100 91.814260 21.479700
-30.611300 91.794310 21.479700
-30.613400 91.833630 21.479700
-30.617100 91.785830 21.479700
-30.620100 91.841430 21.479700
-30.624900 91.779140 21.479700
-30.628600 91.847230 21.479700
-30.634100 91.774690 21.479700
-30.638300 91.850640 21.479700
-30.644300 91.772800 21.479700
-30.648600 91.851420 21.479700
-30.654500 91.773580 21.479700
-30.658700 91.849520 21.479700
-30.664200 91.776990 21.479700
-30.667900 91.845080 21.479700
-30.672700 91.782790 21.479700
-30.675700 91.838380 21.479700
-30.679400 91.790590 21.479700
-30.681500 91.829900 21.479700
-30.683800 91.799850 21.479700
-30.684900 91.820200 21.479700
-30.685700 91.809950 21.479700
-30.638300 91.850640 21.086000
-30.638300 91.850640 21.479700
-30.675700 91.838380 21.479700
-30.675700 91.838380 21.086000
-30.617100 91.785830 21.479700
-30.624900 91.779140 21.086000
-30.617100 91.785830 21.086000
-30.624900 91.779140 21.479700
-30.611300 91.794310 21.086000
-30.611300 91.794310 21.479700
-30.607900 91.804010 21.086000
-30.607900 91.804010 21.479700
-30.607100 91.814260 21.086000
-30.607100 91.814260 21.479700
-30.609000 91.824360 21.086000
-30.609000 91.824360 21.479700
-30.613400 91.833630 21.086000
-30.613400 91.833630 21.479700
-30.620100 91.841430 21.086000
-30.620100 91.841430 21.479700
-30.628600 91.847230 21.479700
-30.628600 91.847230 21.086000
-30.681500 91.829900 21.086000
-30.681500 91.829900 21.479700
-30.684900 91.820200 21.086000
-30.684900 91.820200 21.479700
-30.685700 91.809950 21.086000
-30.685700 91.809950 21.479700
-30.683800 91.799850 21.086000
-30.683800 91.799850 21.479700
-30.679400 91.790590 21.086000
-30.679400 91.790590 21.479700
-30.672700 91.782790 21.086000
-30.672700 91.782790 21.479700
-30.664200 91.776990 21.479700
-30.664200 91.776990 21.086000
-30.654500 91.773580 21.479700
-30.654500 91.773580 21.086000
-30.644300 91.772800 21.479700
-30.644300 91.772800 21.086000
-30.634100 91.774690 21.479700
-30.634100 91.774690 21.086000
-39.764800 91.918220 23.369400
-39.769200 91.927490 23.763100
-39.769200 91.927490 23.369400
-39.764800 91.918220 23.763100
-39.758100 91.910420 23.369400
-39.758100 91.910420 23.763100
-39.694400 91.952000 23.763100
-39.693300 91.931650 23.763100
-39.692500 91.941890 23.763100
-39.696700 91.921950 23.763100
-39.698800 91.961260 23.763100
-39.702500 91.913470 23.763100
-39.705500 91.969060 23.763100
-39.710300 91.906770 23.763100
-39.714000 91.974870 23.763100
-39.719500 91.902330 23.763100
-39.723700 91.978270 23.763100
-39.729700 91.900430 23.763100
-39.734000 91.979060 23.763100
-39.739900 91.901210 23.763100
-39.744100 91.977160 23.763100
-39.749600 91.904620 23.763100
-39.753300 91.972710 23.763100
-39.758100 91.910420 23.763100
-39.761100 91.966020 23.763100
-39.764800 91.918220 23.763100
-39.766900 91.957540 23.763100
-39.769200 91.927490 23.763100
-39.770300 91.947840 23.763100
-39.771100 91.937590 23.763100
-39.771100 91.937590 23.763100
-39.771100 91.937590 23.369400
-39.749600 91.904620 23.763100
-39.749600 91.904620 23.369400
-39.702500 91.913470 23.763100
-39.710300 91.906770 23.369400
-39.702500 91.913470 23.369400
-39.710300 91.906770 23.763100
-39.696700 91.921950 23.369400
-39.696700 91.921950 23.763100
-39.693300 91.931650 23.369400
-39.693300 91.931650 23.763100
-39.692500 91.941890 23.369400
-39.692500 91.941890 23.763100
-39.694400 91.952000 23.369400
-39.694400 91.952000 23.763100
-39.698800 91.961260 23.369400
-39.698800 91.961260 23.763100
-39.705500 91.969060 23.369400
-39.705500 91.969060 23.763100
-39.714000 91.974870 23.763100
-39.714000 91.974870 23.369400
-39.723700 91.978270 23.763100
-39.723700 91.978270 23.369400
-39.734000 91.979060 23.763100
-39.734000 91.979060 23.369400
-39.744100 91.977160 23.763100
-39.744100 91.977160 23.369400
-39.753300 91.972710 23.763100
-39.753300 91.972710 23.369400
-39.761100 91.966020 23.763100
-39.761100 91.966020 23.369400
-39.766900 91.957540 23.369400
-39.766900 91.957540 23.763100
-39.770300 91.947840 23.369400
-39.770300 91.947840 23.763100
-39.739900 91.901210 23.763100
-39.739900 91.901210 23.369400
-39.729700 91.900430 23.763100
-39.729700 91.900430 23.369400
-39.719500 91.902330 23.763100
-39.719500 91.902330 23.369400
29.920200 -92.800120 18.999300
29.920200 -94.454120 18.999300
29.755000 -93.199120 18.999300
29.755000 -94.055120 18.999300
29.698700 -93.627120 18.999300
29.920200 -92.800120 14.314300
29.920200 -92.800120 18.999300
29.755000 -93.199120 14.314300
29.755000 -93.199120 18.999300
29.698700 -93.627120 14.314300
29.698700 -93.627120 18.999300
29.755000 -94.055120 14.314300
29.755000 -94.055120 18.999300
29.920200 -94.454120 14.314300
29.920200 -94.454120 18.999300
-27.495000 90.053410 15.101700
-27.125300 90.945960 21.086000
-27.125300 90.945960 15.101700
-27.495000 90.053410 21.086000
-27.495000 90.053410 21.086000
-27.495000 90.053410 15.101700
-27.125300 90.945960 21.086000
-27.125300 90.945960 15.101700
-28.083200 89.286980 15.101700
-28.083200 89.286980 21.086000
-28.083200 89.286980 21.086000
-28.083200 89.286980 15.101700
-27.125300 90.945960 21.086000
-27.125300 92.861630 21.086000
-26.999200 91.903800 21.086000
-27.495000 90.053410 21.086000
-27.495000 93.754190 21.086000
-28.083200 89.286980 21.086000
-28.083200 94.520650 21.086000
-28.849600 88.698780 21.086000
-28.849600 95.108770 21.086000
-29.742200 88.329080 21.086000
-29.742200 95.478480 21.086000
-30.700000 88.202980 21.086000
-30.607100 91.814260 21.086000
-30.607900 91.804010 21.086000
-30.611300 91.794310 21.086000
-30.617100 91.785830 21.086000
-30.624900 91.779140 21.086000
-30.634100 91.774690 21.086000
-30.644300 91.772800 21.086000
-30.654500 91.773580 21.086000
-30.664200 91.776990 21.086000
-30.672700 91.782790 21.086000
-30.679400 91.790590 21.086000
-30.683800 91.799850 21.086000
-30.685700 91.809950 21.086000
-30.700000 95.604590 21.086000
-30.609000 91.824360 21.086000
-30.613400 91.833630 21.086000
-30.620100 91.841430 21.086000
-30.628600 91.847230 21.086000
-30.638300 91.850640 21.086000
-30.648600 91.851420 21.086000
-30.658700 91.849520 21.086000
-30.667900 91.845080 21.086000
-30.675700 91.838380 21.086000
-30.681500 91.829900 21.086000
-30.684900 91.820200 21.086000
-31.657900 88.329080 21.086000
-31.657900 95.478480 21.086000
-32.550400 95.108770 21.086000
-32.550400 88.698780 21.086000
-33.316900 89.286980 21.086000
-33.316900 94.520650 21.086000
-33.905000 90.053410 21.086000
-33.905000 93.754190 21.086000
-34.274700 90.945960 21.086000
-34.274700 92.861630 21.086000
-34.400800 91.903800 21.086000
-34.400800 91.903800 21.086000
-34.274700 90.945960 21.086000
-34.274700 92.861630 21.086000
-33.905000 93.754190 21.086000
-33.905000 90.053410 21.086000
-33.316900 94.520650 21.086000
-33.316900 89.286980 21.086000
-32.550400 95.108770 21.086000
-32.550400 88.698780 21.086000
-31.657900 88.329080 21.086000
-31.657900 95.478480 21.086000
-30.700000 95.604590 21.086000
-30.700000 88.202980 21.086000
-30.685700 91.809950 21.086000
-30.684900 91.820200 21.086000
-30.681500 91.829900 21.086000
-30.675700 91.838380 21.086000
-30.667900 91.845080 21.086000
-30.658700 91.849520 21.086000
-30.648600 91.851420 21.086000
-30.638300 91.850640 21.086000
-30.628600 91.847230 21.086000
-30.620100 91.841430 21.086000
-30.613400 91.833630 21.086000
-30.609000 91.824360 21.086000
-30.607100 91.814260 21.086000
-29.742200 95.478480 21.086000
-30.683800 91.799850 21.086000
-30.679400 91.790590 21.086000
-30.672700 91.782790 21.086000
-30.664200 91.776990 21.086000
-30.654500 91.773580 21.086000
-30.644300 91.772800 21.086000
-30.634100 91.774690 21.086000
-30.624900 91.779140 21.086000
-30.617100 91.785830 21.086000
-30.611300 91.794310 21.086000
-30.607900 91.804010 21.086000
-29.742200 88.329080 21.086000
-28.849600 95.108770 21.086000
-28.849600 88.698780 21.086000
-28.083200 94.520650 21.086000
-28.083200 89.286980 21.086000
-27.495000 93.754190 21.086000
-27.495000 90.053410 21.086000
-27.125300 92.861630 21.086000
-27.125300 90.945960 21.086000
-26.999200 91.903800 21.086000
-26.999200 91.903800 21.086000
-26.999200 91.903800 15.101700
-26.999200 91.903800 21.086000
-26.999200 91.903800 15.101700
-28.849600 88.698780 21.086000
-28.849600 88.698780 15.101700
-28.849600 88.698780 21.086000
-28.849600 88.698780 15.101700
-30.700000 88.202980 21.086000
-29.742200 88.329080 15.101700
-30.700000 88.202980 15.101700
-29.742200 88.329080 21.086000
-29.742200 88.329080 21.086000
-30.700000 88.202980 21.086000
-29.742200 88.329080 15.101700
-30.700000 88.202980 15.101700
-31.657900 88.329080 21.086000
-31.657900 88.329080 15.101700
-31.657900 88.329080 21.086000
-31.657900 88.329080 15.101700
-32.550400 88.698780 21.086000
-32.550400 88.698780 15.101700
-32.550400 88.698780 21.086000
-32.550400 88.698780 15.101700
-33.316900 89.286980 21.086000
-33.316900 89.286980 15.101700
-33.316900 89.286980 21.086000
-33.316900 89.286980 15.101700
-33.905000 90.053410 15.101700
-33.905000 90.053410 21.086000
-33.905000 90.053410 15.101700
-33.905000 90.053410 21.086000
-34.274700 90.945960 15.101700
-34.274700 90.945960 21.086000
-34.274700 90.945960 15.101700
-34.274700 90.945960 21.086000
-34.400800 91.903800 15.101700
-34.400800 91.903800 21.086000
-34.400800 91.903800 15.101700
-34.400800 91.903800 21.086000
-34.274700 92.861630 15.101700
-34.274700 92.861630 21.086000
-34.274700 92.861630 15.101700
-34.274700 92.861630 21.086000
-33.905000 93.754190 15.101700
-33.905000 93.754190 21.086000
-33.905000 93.754190 15.101700
-33.905000 93.754190 21.086000
-33.316900 94.520650 15.101700
-33.316900 94.520650 21.086000
-33.316900 94.520650 15.101700
-33.316900 94.520650 21.086000
-32.550400 95.108770 21.086000
-32.550400 95.108770 15.101700
-32.550400 95.108770 21.086000
-32.550400 95.108770 15.101700
-31.657900 95.478480 21.086000
-31.657900 95.478480 15.101700
-31.657900 95.478480 21.086000
-31.657900 95.478480 15.101700
-30.700000 95.604590 21.086000
-30.700000 95.604590 15.101700
-30.700000 95.604590 21.086000
-30.700000 95.604590 15.101700
-29.742200 95.478480 21.086000
-29.742200 95.478480 15.101700
-29.742200 95.478480 21.086000
-29.742200 95.478480 15.101700
-28.849600 95.108770 21.086000
-28.849600 95.108770 15.101700
-28.849600 95.108770 21.086000
-28.849600 95.108770 15.101700
-28.083200 94.520650 21.086000
-28.083200 94.520650 15.101700
-28.083200 94.520650 21.086000
-28.083200 94.520650 15.101700
-27.495000 93.754190 15.101700
-27.495000 93.754190 21.086000
-27.495000 93.754190 21.086000
-27.495000 93.754190 15.101700
-27.125300 92.861630 15.101700
-27.125300 92.861630 21.086000
-27.125300 92.861630 21.086000
-27.125300 92.861630 15.101700
41.205640 -91.846120 25.495400
40.700100 -92.234120 14.314300
41.205640 -91.846120 14.314300
40.700100 -92.234120 25.495400
41.593560 -91.340120 14.314300
41.593560 -91.340120 25.495400
40.111400 -92.478120 14.314300
40.111400 -92.478120 25.495400
41.837410 -90.752120 14.314300
41.837410 -90.752120 25.495400
41.920580 -90.120120 14.314300
41.920580 -90.120120 25.495400
41.837410 -89.488120 14.314300
41.837410 -89.488120 25.495400
41.593560 -88.899120 14.314300
41.593560 -88.899120 25.495400
41.205640 -88.394120 14.314300
41.205640 -88.394120 25.495400
40.700100 -88.006120 25.495400
40.700100 -88.006120 14.314300
40.111400 -87.762120 25.495400
40.111400 -87.762120 14.314300
-39.460600 81.970080 18.723800
-39.461700 81.990380 18.723800
-39.459800 81.980280 18.723800
-39.464000 81.960380 18.723800
-39.466100 81.999680 18.723800
-39.469800 81.951880 18.723800
-39.472800 82.007480 18.723800
-39.477600 81.945180 18.723800
-39.481300 82.013280 18.723800
-39.486800 81.940780 18.723800
-39.491000 82.016680 18.723800
-39.496900 81.938880 18.723800
-39.501300 82.017480 18.723800
-39.507200 81.939580 18.723800
-39.511300 82.015580 18.723800
-39.516900 81.942980 18.723800
-39.520600 82.011080 18.723800
-39.525400 81.948780 18.723800
-39.528400 82.004380 18.723800
-39.532100 81.956580 18.723800
-39.534200 81.995980 18.723800
-39.536500 81.965880 18.723800
-39.537600 81.986280 18.723800
-39.538400 81.975980 18.723800
-39.538400 81.975980 18.723800
-39.536500 81.965880 18.723800
-39.537600 81.986280 18.723800
-39.534200 81.995980 18.723800
-39.532100 81.956580 18.723800
-39.528400 82.004380 18.723800
-39.525400 81.948780 18.723800
-39.520600 82.011080 18.723800
-39.516900 81.942980 18.723800
-39.511300 82.015580 18.723800
-39.507200 81.939580 18.723800
-39.501300 82.017480 18.723800
-39.496900 81.938880 18.723800
-39.491000 82.016680 18.723800
-39.486800 81.940780 18.723800
-39.481300 82.013280 18.723800
-39.477600 81.945180 18.723800
-39.472800 82.007480 18.723800
-39.469800 81.951880 18.723800
-39.466100 81.999680 18.723800
-39.464000 81.960380 18.723800
-39.461700 81.990380 18.723800
-39.460600 81.970080 18.723800
-39.459800 81.980280 18.723800
-30.607900 91.804010 21.086000
-30.609000 91.824360 21.086000
-30.607100 91.814260 21.086000
-30.611300 91.794310 21.086000
-30.613400 91.833630 21.086000
-30.617100 91.785830 21.086000
-30.620100 91.841430 21.086000
-30.624900 91.779140 21.086000
-30.628600 91.847230 21.086000
-30.634100 91.774690 21.086000
-30.638300 91.850640 21.086000
-30.644300 91.772800 21.086000
-30.648600 91.851420 21.086000
-30.654500 91.773580 21.086000
-30.658700 91.849520 21.086000
-30.664200 91.776990 21.086000
-30.667900 91.845080 21.086000
-30.672700 91.782790 21.086000
-30.675700 91.838380 21.086000
-30.679400 91.790590 21.086000
-30.681500 91.829900 21.086000
-30.683800 91.799850 21.086000
-30.684900 91.820200 21.086000
-30.685700 91.809950 21.086000
-30.685700 91.809950 21.086000
-30.683800 91.799850 21.086000
-30.684900 91.820200 21.086000
-30.681500 91.829900 21.086000
-30.679400 91.790590 21.086000
-30.675700 91.838380 21.086000
-30.672700 91.782790 21.086000
-30.667900 91.845080 21.086000
-30.664200 91.776990 21.086000
-30.658700 91.849520 21.086000
-30.654500 91.773580 21.086000
-30.648600 91.851420 21.086000
-30.644300 91.772800 21.086000
-30.638300 91.850640 21.086000
-30.634100 91.774690 21.086000
-30.628600 91.847230 21.086000
-30.624900 91.779140 21.086000
-30.620100 91.841430 21.086000
-30.617100 91.785830 21.086000
-30.613400 91.833630 21.086000
-30.611300 91.794310 21.086000
-30.609000 91.824360 21.086000
-30.607900 91.804010 21.086000
-30.607100 91.814260 21.086000
-39.693300 91.931650 23.369400
-39.694400 91.952000 23.369400
-39.692500 91.941890 23.369400
-39.696700 91.921950 23.369400
-39.698800 91.961260 23.369400
-39.702500 91.913470 23.369400
-39.705500 91.969060 23.369400
-39.710300 91.906770 23.369400
-39.714000 91.974870 23.369400
-39.719500 91.902330 23.369400
-39.723700 91.978270 23.369400
-39.729700 91.900430 23.369400
-39.734000 91.979060 23.369400
-39.739900 91.901210 23.369400
-39.744100 91.977160 23.369400
-39.749600 91.904620 23.369400
-39.753300 91.972710 23.369400
-39.758100 91.910420 23.369400
-39.761100 91.966020 23.369400
-39.764800 91.918220 23.369400
-39.766900 91.957540 23.369400
-39.769200 91.927490 23.369400
-39.770300 91.947840 23.369400
-39.771100 91.937590 23.369400
-39.771100 91.937590 23.369400
-39.769200 91.927490 23.369400
-39.770300 91.947840 23.369400
-39.766900 91.957540 23.369400
-39.764800 91.918220 23.369400
-39.761100 91.966020 23.369400
-39.758100 91.910420 23.369400
-39.753300 91.972710 23.369400
-39.749600 91.904620 23.369400
-39.744100 91.977160 23.369400
-39.739900 91.901210 23.369400
-39.734000 91.979060 23.369400
-39.729700 91.900430 23.369400
-39.723700 91.978270 23.369400
-39.719500 91.902330 23.369400
-39.714000 91.974870 23.369400
-39.710300 91.906770 23.369400
-39.705500 91.969060 23.369400
-39.702500 91.913470 23.369400
-39.698800 91.961260 23.369400
-39.696700 91.921950 23.369400
-39.694400 91.952000 23.369400
-39.693300 91.931650 23.369400
-39.692500 91.941890 23.369400
-6.832800 -96.967120 14.314300
4.041300 -97.802120 -28.441600
-6.832800 -96.967120 -28.441600
4.041300 -97.802120 14.314300
4.041300 -97.802120 14.314300
-6.832800 -96.967120 14.314300
4.041300 -97.802120 -28.441600
-6.832800 -96.967120 -28.441600
-17.241300 -89.763120 14.314300
-17.241300 -89.763120 -28.441600
-17.241300 -89.763120 14.314300
-17.241300 -89.763120 -28.441600
14.640000 -92.212120 -28.441600
14.640000 -92.212120 14.314300
14.640000 -92.212120 14.314300
14.640000 -92.212120 -28.441600
-26.474900 -76.683120 -28.441600
-26.474900 -76.683120 14.314300
-26.474900 -76.683120 -28.441600
-26.474900 -76.683120 14.314300
24.241000 -80.578120 14.314300
24.241000 -80.578120 -28.441600
24.241000 -80.578120 14.314300
24.241000 -80.578120 -28.441600
-33.904200 -58.617120 -28.441600
-33.904200 -58.617120 14.314300
-33.904200 -58.617120 -28.441600
-33.904200 -58.617120 14.314300
-39.023000 -36.797120 -28.441600
-39.023000 -36.797120 14.314300
-39.023000 -36.797120 -28.441600
-39.023000 -36.797120 14.314300
-41.482500 -12.709120 -28.441600
-41.482500 -12.709120 14.314300
-41.482500 -12.709120 -28.441600
-41.482500 -12.709120 14.314300
41.114730 -19.053120 14.314300
41.114730 -19.053120 -28.441600
41.114730 -19.053120 14.314300
41.114730 -19.053120 -28.441600
-41.115000 12.005080 -28.441600
-41.115000 12.005080 14.314300
-41.115000 12.005080 -28.441600
-41.115000 12.005080 14.314300
41.482220 5.661180 14.314300
41.482220 5.661180 -28.441600
41.482220 5.661180 14.314300
41.482220 5.661180 -28.441600
-37.945600 35.660780 -28.441600
-37.945600 35.660780 14.314300
-37.945600 35.660780 -28.441600
-37.945600 35.660780 14.314300
-32.190300 56.646080 -28.441600
-32.190300 56.646080 14.314300
-32.190300 56.646080 -28.441600
-32.190300 56.646080 14.314300
-24.241200 73.530880 -28.441600
-24.241200 73.530880 14.314300
-24.241200 73.530880 -28.441600
-24.241200 73.530880 14.314300
26.474600 69.635580 14.314300
26.474600 69.635580 -28.441600
26.474600 69.635580 14.314300
26.474600 69.635580 -28.441600
-14.640200 85.164480 -28.441600
-14.640200 85.164480 14.314300
-14.640200 85.164480 -28.441600
-14.640200 85.164480 14.314300
17.241100 82.715880 14.314300
17.241100 82.715880 -28.441600
17.241100 82.715880 14.314300
17.241100 82.715880 -28.441600
-4.041500 90.754220 14.314300
-4.041500 90.754220 -28.441600
-4.041500 90.754220 14.314300
-4.041500 90.754220 -28.441600
6.832600 89.919030 -28.441600
6.832600 89.919030 14.314300
6.832600 89.919030 14.314300
6.832600 89.919030 -28.441600
40.700100 -92.234120 25.495400
40.658500 -90.436120 25.495400
40.700100 -90.120120 25.495400
40.111400 -92.478120 25.495400
40.536600 -90.730120 25.495400
40.342600 -90.983120 25.495400
40.089900 -91.177120 25.495400
41.837410 -90.752120 25.495400
41.837410 -89.488120 25.495400
41.920580 -90.120120 25.495400
41.593560 -91.340120 25.495400
41.593560 -88.899120 25.495400
41.205640 -88.394120 25.495400
41.205640 -91.846120 25.495400
40.700100 -88.006120 25.495400
40.658500 -89.804120 25.495400
40.111400 -87.762120 25.495400
40.536600 -89.510120 25.495400
40.342600 -89.257120 25.495400
40.089900 -89.063120 25.495400
40.089900 -89.063120 25.495400
40.111400 -87.762120 25.495400
40.342600 -89.257120 25.495400
40.536600 -89.510120 25.495400
40.658500 -89.804120 25.495400
40.700100 -88.006120 25.495400
40.700100 -90.120120 25.495400
40.700100 -92.234120 25.495400
41.205640 -91.846120 25.495400
41.205640 -88.394120 25.495400
41.593560 -91.340120 25.495400
41.593560 -88.899120 25.495400
41.837410 -89.488120 25.495400
41.837410 -90.752120 25.495400
41.920580 -90.120120 25.495400
40.089900 -91.177120 25.495400
40.111400 -92.478120 25.495400
40.342600 -90.983120 25.495400
40.536600 -90.730120 25.495400
40.658500 -90.436120 25.495400
50.955000 -106.417120 17.109600
-50.955000 -106.417120 -28.441600
50.955000 -106.417120 -28.441600
-50.955000 -106.417120 17.109600
-50.955000 -106.417120 -28.441600
50.955000 106.417120 -28.441600
50.955000 -106.417120 -28.441600
-50.955000 106.417120 -28.441600
50.955000 -106.417120 17.109600
50.955000 106.417120 -28.441600
50.955000 106.417120 17.109600
50.955000 -106.417120 -28.441600
50.955000 106.417120 17.109600
46.502870 100.054783 17.109600
50.955000 -106.417120 17.109600
-50.955000 106.417120 17.109600
-46.134900 100.054783 17.109600
-46.134900 -101.835120 17.109600
46.502870 -101.835120 17.109600
-50.955000 -106.417120 17.109600
-50.955000 -106.417120 -28.441600
-50.955000 106.417120 17.109600
-50.955000 106.417120 -28.441600
-50.955000 -106.417120 17.109600
-50.955000 106.417120 17.109600
50.955000 106.417120 -28.441600
-50.955000 106.417120 -28.441600
50.955000 106.417120 17.109600
-28.576200 82.182480 15.101700
-28.849600 88.698780 15.101700
-28.083200 89.286980 15.101700
-28.623900 82.735480 15.101700
-28.813100 83.257180 15.101700
-29.130800 83.712180 15.101700
-29.742200 88.329080 15.101700
-29.555600 84.069480 15.101700
-30.058300 84.304580 15.101700
-30.700000 88.202980 15.101700
-30.604700 84.401680 15.101700
-31.157700 84.353980 15.101700
-31.657900 88.329080 15.101700
-31.679400 84.164780 15.101700
-32.550400 88.698780 15.101700
-32.134400 83.846980 15.101700
-32.491700 83.422280 15.101700
-32.726800 82.919580 15.101700
-33.316900 89.286980 15.101700
-32.823900 82.373080 15.101700
-26.300400 77.464780 15.101700
-27.125300 90.945960 15.101700
-26.300400 96.716790 15.101700
-28.673200 81.636080 15.101700
-28.908400 81.133380 15.101700
-29.265600 80.708680 15.101700
-29.720600 80.390880 15.101700
-30.242400 80.201680 15.101700
-43.898800 77.464780 15.101700
-26.999200 91.903800 15.101700
-27.495000 90.053410 15.101700
-30.795300 80.153980 15.101700
-31.341800 80.250980 15.101700
-31.844500 80.486180 15.101700
-32.269200 80.843380 15.101700
-32.587000 81.298380 15.101700
-32.776200 81.820180 15.101700
-38.363000 79.680880 15.101700
-37.729500 80.063480 15.101700
-37.216700 80.596880 15.101700
-36.859500 81.244980 15.101700
-33.905000 90.053410 15.101700
-34.274700 90.945960 15.101700
-36.682100 81.963380 15.101700
-34.400800 91.903800 15.101700
-35.408900 91.720260 15.101700
-35.595700 90.667840 15.101700
-36.048600 89.699660 15.101700
-39.073800 79.475280 15.101700
-39.813700 79.460680 15.101700
-40.532100 79.638080 15.101700
-41.180100 79.995280 15.101700
-41.713600 80.508080 15.101700
-42.096200 81.141580 15.101700
-42.301800 81.852380 15.101700
-42.316400 82.592280 15.101700
-42.521300 89.141280 15.101700
-43.133400 90.017560 15.101700
-43.497700 91.022420 15.101700
-43.589600 92.087340 15.101700
-30.700000 95.604590 15.101700
-43.898800 96.716790 15.101700
-29.742200 95.478480 15.101700
-28.849600 95.108770 15.101700
-28.083200 94.520650 15.101700
-27.495000 93.754190 15.101700
-27.125300 92.861630 15.101700
-31.657900 95.478480 15.101700
-32.550400 95.108770 15.101700
-39.315700 95.994170 15.101700
-38.263300 95.807290 15.101700
-33.316900 94.520650 15.101700
-37.295100 95.354390 15.101700
-33.905000 93.754190 15.101700
-34.274700 92.861630 15.101700
-36.477100 94.666340 15.101700
-35.865100 93.790030 15.101700
-35.500700 92.785180 15.101700
-40.380600 95.902300 15.101700
-41.385500 95.537940 15.101700
-42.261800 94.925910 15.101700
-42.949800 94.107940 15.101700
-43.402700 93.139750 15.101700
-36.736700 88.881680 15.101700
-36.696700 82.703180 15.101700
-36.902300 83.414080 15.101700
-37.613000 88.269680 15.101700
-37.284900 84.047480 15.101700
-37.818400 84.560280 15.101700
-38.617900 87.905280 15.101700
-38.466400 84.917580 15.101700
-39.184800 85.094980 15.101700
-39.682800 87.813380 15.101700
-39.924600 85.080380 15.101700
-40.735200 88.000280 15.101700
-40.635500 84.874780 15.101700
-41.268900 84.492180 15.101700
-41.703400 88.453180 15.101700
-41.781700 83.958680 15.101700
-42.139000 83.310680 15.101700
-42.316400 82.592280 15.101700
-42.139000 83.310680 15.101700
-42.521300 89.141280 15.101700
-41.781700 83.958680 15.101700
-41.703400 88.453180 15.101700
-41.268900 84.492180 15.101700
-40.735200 88.000280 15.101700
-40.635500 84.874780 15.101700
-39.924600 85.080380 15.101700
-39.682800 87.813380 15.101700
-39.184800 85.094980 15.101700
-38.617900 87.905280 15.101700
-38.466400 84.917580 15.101700
-37.818400 84.560280 15.101700
-37.613000 88.269680 15.101700
-37.284900 84.047480 15.101700
-36.902300 83.414080 15.101700
-36.736700 88.881680 15.101700
-36.696700 82.703180 15.101700
-36.682100 81.963380 15.101700
-36.048600 89.699660 15.101700
-43.898800 77.464780 15.101700
-43.589600 92.087340 15.101700
-43.898800 96.716790 15.101700
-43.402700 93.139750 15.101700
-42.949800 94.107940 15.101700
-42.261800 94.925910 15.101700
-41.385500 95.537940 15.101700
-40.380600 95.902300 15.101700
-39.315700 95.994170 15.101700
-35.408900 91.720260 15.101700
-34.400800 91.903800 15.101700
-35.500700 92.785180 15.101700
-35.865100 93.790030 15.101700
-36.477100 94.666340 15.101700
-34.274700 92.861630 15.101700
-37.295100 95.354390 15.101700
-33.905000 93.754190 15.101700
-33.316900 94.520650 15.101700
-38.263300 95.807290 15.101700
-32.550400 95.108770 15.101700
-31.657900 95.478480 15.101700
-30.700000 95.604590 15.101700
-26.999200 91.903800 15.101700
-26.300400 96.716790 15.101700
-27.125300 92.861630 15.101700
-27.495000 93.754190 15.101700
-28.083200 94.520650 15.101700
-28.849600 95.108770 15.101700
-29.742200 95.478480 15.101700
-43.497700 91.022420 15.101700
-43.133400 90.017560 15.101700
-42.301800 81.852380 15.101700
-42.096200 81.141580 15.101700
-41.713600 80.508080 15.101700
-41.180100 79.995280 15.101700
-40.532100 79.638080 15.101700
-39.813700 79.460680 15.101700
-39.073800 79.475280 15.101700
-38.363000 79.680880 15.101700
-35.595700 90.667840 15.101700
-34.274700 90.945960 15.101700
-36.859500 81.244980 15.101700
-33.905000 90.053410 15.101700
-33.316900 89.286980 15.101700
-32.823900 82.373080 15.101700
-37.216700 80.596880 15.101700
-37.729500 80.063480 15.101700
-32.776200 81.820180 15.101700
-32.587000 81.298380 15.101700
-32.269200 80.843380 15.101700
-31.844500 80.486180 15.101700
-31.341800 80.250980 15.101700
-30.795300 80.153980 15.101700
-30.242400 80.201680 15.101700
-28.083200 89.286980 15.101700
-28.576200 82.182480 15.101700
-27.495000 90.053410 15.101700
-27.125300 90.945960 15.101700
-26.300400 77.464780 15.101700
-29.720600 80.390880 15.101700
-29.265600 80.708680 15.101700
-28.908400 81.133380 15.101700
-28.673200 81.636080 15.101700
-32.726800 82.919580 15.101700
-32.550400 88.698780 15.101700
-32.491700 83.422280 15.101700
-32.134400 83.846980 15.101700
-31.679400 84.164780 15.101700
-31.657900 88.329080 15.101700
-31.157700 84.353980 15.101700
-30.700000 88.202980 15.101700
-30.604700 84.401680 15.101700
-30.058300 84.304580 15.101700
-29.742200 88.329080 15.101700
-29.555600 84.069480 15.101700
-29.130800 83.712180 15.101700
-28.849600 88.698780 15.101700
-28.813100 83.257180 15.101700
-28.623900 82.735480 15.101700
-30.902700 82.310380 16.637100
-30.893400 82.314880 16.243400
-30.902700 82.310380 16.243400
-30.893400 82.314880 16.637100
-30.910500 82.303680 16.637100
-30.910500 82.303680 16.243400
-30.843800 82.289680 16.637100
-30.842700 82.269380 16.637100
-30.841900 82.279580 16.637100
-30.846100 82.259680 16.637100
-30.848200 82.298980 16.637100
-30.851900 82.251180 16.637100
-30.854900 82.306780 16.637100
-30.859700 82.244480 16.637100
-30.863400 82.312580 16.637100
-30.868900 82.240080 16.637100
-30.873100 82.315980 16.637100
-30.879000 82.238180 16.637100
-30.883300 82.316780 16.637100
-30.889300 82.238880 16.637100
-30.893400 82.314880 16.637100
-30.899000 82.242280 16.637100
-30.902700 82.310380 16.637100
-30.907500 82.248080 16.637100
-30.910500 82.303680 16.637100
-30.914200 82.255880 16.637100
-30.916300 82.295280 16.637100
-30.918600 82.265180 16.637100
-30.919700 82.285580 16.637100
-30.920500 82.275280 16.637100
-30.883300 82.316780 16.243400
-30.883300 82.316780 16.637100
-30.916300 82.295280 16.243400
-30.916300 82.295280 16.637100
-30.851900 82.251180 16.637100
-30.859700 82.244480 16.243400
-30.851900 82.251180 16.243400
-30.859700 82.244480 16.637100
-30.846100 82.259680 16.243400
-30.846100 82.259680 16.637100
-30.842700 82.269380 16.243400
-30.842700 82.269380 16.637100
-30.841900 82.279580 16.243400
-30.841900 82.279580 16.637100
-30.843800 82.289680 16.243400
-30.843800 82.289680 16.637100
-30.848200 82.298980 16.243400
-30.848200 82.298980 16.637100
-30.854900 82.306780 16.243400
-30.854900 82.306780 16.637100
-30.863400 82.312580 16.637100
-30.863400 82.312580 16.243400
-30.873100 82.315980 16.637100
-30.873100 82.315980 16.243400
-30.919700 82.285580 16.243400
-30.919700 82.285580 16.637100
-30.920500 82.275280 16.243400
-30.920500 82.275280 16.637100
-30.918600 82.265180 16.243400
-30.918600 82.265180 16.637100
-30.914200 82.255880 16.243400
-30.914200 82.255880 16.637100
-30.907500 82.248080 16.243400
-30.907500 82.248080 16.637100
-30.899000 82.242280 16.637100
-30.899000 82.242280 16.243400
-30.889300 82.238880 16.637100
-30.889300 82.238880 16.243400
-30.879000 82.238180 16.637100
-30.879000 82.238180 16.243400
-30.868900 82.240080 16.637100
-30.868900 82.240080 16.243400
-30.842700 82.269380 16.243400
-30.843800 82.289680 16.243400
-30.841900 82.279580 16.243400
-30.846100 82.259680 16.243400
-30.848200 82.298980 16.243400
-30.851900 82.251180 16.243400
-30.854900 82.306780 16.243400
-30.859700 82.244480 16.243400
-30.863400 82.312580 16.243400
-30.868900 82.240080 16.243400
-30.873100 82.315980 16.243400
-30.879000 82.238180 16.243400
-30.883300 82.316780 16.243400
-30.889300 82.238880 16.243400
-30.893400 82.314880 16.243400
-30.899000 82.242280 16.243400
-30.902700 82.310380 16.243400
-30.907500 82.248080 16.243400
-30.910500 82.303680 16.243400
-30.914200 82.255880 16.243400
-30.916300 82.295280 16.243400
-30.918600 82.265180 16.243400
-30.919700 82.285580 16.243400
-30.920500 82.275280 16.243400
-30.920500 82.275280 16.243400
-30.918600 82.265180 16.243400
-30.919700 82.285580 16.243400
-30.916300 82.295280 16.243400
-30.914200 82.255880 16.243400
-30.910500 82.303680 16.243400
-30.907500 82.248080 16.243400
-30.902700 82.310380 16.243400
-30.899000 82.242280 16.243400
-30.893400 82.314880 16.243400
-30.889300 82.238880 16.243400
-30.883300 82.316780 16.243400
-30.879000 82.238180 16.243400
-30.873100 82.315980 16.243400
-30.868900 82.240080 16.243400
-30.863400 82.312580 16.243400
-30.859700 82.244480 16.243400
-30.854900 82.306780 16.243400
-30.851900 82.251180 16.243400
-30.848200 82.298980 16.243400
-30.846100 82.259680 16.243400
-30.843800 82.289680 16.243400
-30.842700 82.269380 16.243400
-30.841900 82.279580 16.243400
46.502870 100.054783 17.109600
-46.134900 100.054783 14.314300
46.502870 100.054783 14.314300
-46.134900 100.054783 17.109600
-24.241200 73.530880 14.314300
-26.300400 77.464780 14.314300
-32.190300 56.646080 14.314300
-26.300400 96.716790 14.314300
-43.898800 77.464780 14.314300
-37.945600 35.660780 14.314300
-41.115000 12.005080 14.314300
-41.482500 -12.709120 14.314300
46.502870 100.054783 14.314300
41.482220 5.661180 14.314300
46.502870 -101.835120 14.314300
26.474600 69.635580 14.314300
17.241100 82.715880 14.314300
6.832600 89.919030 14.314300
-46.134900 100.054783 14.314300
41.920580 -90.120120 14.314300
41.837410 -89.488120 14.314300
41.593560 -88.899120 14.314300
-4.041500 90.754220 14.314300
-14.640200 85.164480 14.314300
-43.898800 96.716790 14.314300
4.041300 -97.802120 14.314300
-46.134900 -101.835120 14.314300
40.111400 -92.478120 14.314300
40.700100 -92.234120 14.314300
41.205640 -91.846120 14.314300
41.593560 -91.340120 14.314300
41.837410 -90.752120 14.314300
29.920200 -94.454120 14.314300
29.755000 -94.055120 14.314300
29.698700 -93.627120 14.314300
14.640000 -92.212120 14.314300
24.241000 -80.578120 14.314300
-6.832800 -96.967120 14.314300
-17.241300 -89.763120 14.314300
-26.474900 -76.683120 14.314300
-33.904200 -58.617120 14.314300
-39.023000 -36.797120 14.314300
41.205640 -88.394120 14.314300
41.114730 -19.053120 14.314300
40.700100 -88.006120 14.314300
40.111400 -87.762120 14.314300
29.920200 -92.800120 14.314300
29.755000 -93.199120 14.314300
46.502870 -101.835120 14.314300
46.502870 100.054783 17.109600
46.502870 100.054783 14.314300
46.502870 -101.835120 17.109600
-46.134900 -101.835120 17.109600
-46.134900 100.054783 14.314300
-46.134900 100.054783 17.109600
-46.134900 -101.835120 14.314300
-46.134900 -101.835120 17.109600
46.502870 -101.835120 14.314300
-46.134900 -101.835120 14.314300
46.502870 -101.835120 17.109600
-39.461700 81.990380 19.117500
-39.460600 81.970080 19.117500
-39.459800 81.980280 19.117500
-39.464000 81.960380 19.117500
-39.466100 81.999680 19.117500
-39.469800 81.951880 19.117500
-39.472800 82.007480 19.117500
-39.477600 81.945180 19.117500
-39.481300 82.013280 19.117500
-39.486800 81.940780 19.117500
-39.491000 82.016680 19.117500
-39.496900 81.938880 19.117500
-39.501300 82.017480 19.117500
-39.507200 81.939580 19.117500
-39.511300 82.015580 19.117500
-39.516900 81.942980 19.117500
-39.520600 82.011080 19.117500
-39.525400 81.948780 19.117500
-39.528400 82.004380 19.117500
-39.532100 81.956580 19.117500
-39.534200 81.995980 19.117500
-39.536500 81.965880 19.117500
-39.537600 81.986280 19.117500
-39.538400 81.975980 19.117500
-4.505800 93.500430 17.691600
0.044200 93.718180 17.354000
-4.505800 93.718180 17.354000
0.044200 93.500430 17.691600
0.044200 93.125830 17.836700
-4.505800 93.125830 17.836700
0.044200 93.695920 16.952900
-4.505800 93.695920 16.952900
-4.505800 92.483710 17.422500
-4.505800 92.679200 16.683800
-4.505800 92.461450 17.021400
-4.505800 92.737480 17.733900
-4.505800 93.053800 16.538700
-4.505800 93.125830 17.836700
-4.505800 93.442150 16.641500
-4.505800 93.500430 17.691600
-4.505800 93.695920 16.952900
-4.505800 93.718180 17.354000
0.044200 92.737480 17.733900
-4.505800 92.737480 17.733900
-4.505800 93.442150 16.641500
0.044200 93.442150 16.641500
-4.505800 93.053800 16.538700
0.044200 93.053800 16.538700
-4.505800 92.679200 16.683800
0.044200 92.679200 16.683800
0.044200 92.461450 17.021400
-4.505800 92.461450 17.021400
0.044200 92.483710 17.422500
-4.505800 92.483710 17.422500
-0.105000 91.109670 28.147700
-0.316100 92.210140 27.158500
-0.316100 91.027320 27.948800
-0.105000 92.362310 27.310700
-0.316100 89.632080 28.226400
-0.105000 89.632080 28.441600
0.044200 91.109670 28.147700
0.044200 92.362310 27.310700
-0.316100 93.000480 25.975700
-0.105000 93.199300 26.058000
-0.316100 86.263680 25.975700
-0.316100 86.544880 25.859200
-0.316100 86.287580 24.565800
-0.316100 87.053980 27.158500
-0.316100 87.269280 26.943300
-0.316100 88.236880 27.948800
-0.316100 88.353280 27.667700
-0.316100 89.632080 27.922000
-0.316100 90.910850 27.667700
-0.316100 91.994940 26.943300
-0.316100 92.719300 25.859200
-0.316100 92.976590 24.565800
-0.316100 92.976590 22.305500
-0.316100 92.976590 17.840800
-0.316100 93.238830 17.179400
-0.316100 92.940800 17.196000
-0.316100 93.275080 24.595200
-0.316100 93.275080 17.832600
-0.316100 93.275080 22.305500
-0.316100 85.989080 23.402300
-0.316100 85.989080 24.595200
-0.316100 86.287580 23.402300
-0.105000 88.154480 28.147700
0.044200 89.632080 28.441600
0.044200 93.199300 26.058000
-0.105000 93.486150 24.615900
-0.316100 86.287580 23.402300
-0.105000 85.777980 23.402300
-0.316100 85.989080 23.402300
-0.105000 86.498680 23.402300
0.044200 86.498680 23.402300
0.044200 85.777980 23.402300
-0.105000 85.777980 24.615900
-0.105000 85.777980 23.402300
-0.105000 86.064880 26.058000
-0.105000 86.901880 27.310700
-0.105000 93.486150 22.305500
-0.105000 93.486150 17.826700
-0.105000 93.449570 17.167700
-0.105000 92.765520 17.846700
-0.105000 92.730060 17.207700
-0.105000 92.765520 22.305500
-0.105000 92.765520 24.545000
-0.105000 92.520480 25.776900
-0.105000 91.842770 26.791100
-0.105000 90.828500 27.468800
-0.105000 89.632080 27.706800
-0.105000 88.435680 27.468800
-0.105000 87.421380 26.791100
-0.105000 86.743680 25.776900
-0.105000 86.498680 24.545000
-0.105000 86.498680 23.402300
0.044200 88.154480 28.147700
0.044200 93.486150 24.615900
0.044200 86.498680 23.402300
0.044200 86.498680 24.545000
0.044200 85.777980 24.615900
0.044200 85.777980 23.402300
0.044200 86.064880 26.058000
0.044200 86.901880 27.310700
0.044200 93.486150 17.826700
0.044200 93.449570 17.167700
0.044200 92.730060 17.207700
0.044200 92.765520 17.846700
0.044200 92.765520 24.545000
0.044200 92.520480 25.776900
0.044200 91.842770 26.791100
0.044200 90.828500 27.468800
0.044200 89.632080 27.706800
0.044200 88.435680 27.468800
0.044200 87.421380 26.791100
0.044200 86.743680 25.776900
-4.246400 94.247020 18.855400
-4.628500 91.972030 18.855400
-4.628500 94.247020 18.855400
-4.246400 91.972030 18.855400
-4.128300 91.972030 19.218700
-4.628500 91.972030 18.855400
-4.246400 91.972030 18.855400
-4.746500 91.972030 19.218700
-4.437400 91.972030 19.443300
-4.746500 94.247020 19.218700
-4.746500 91.972030 19.218700
-4.628500 94.247020 18.855400
-4.128300 94.247020 19.218700
-4.246400 94.247020 18.855400
-4.746500 94.247020 19.218700
-4.437400 94.247020 19.443300
-4.128300 91.972030 19.218700
-4.128300 94.247020 19.218700
-4.437400 94.247020 19.443300
-4.437400 91.972030 19.443300
-3.292900 92.751120 19.218700
-5.567900 93.060210 19.443300
-5.567900 92.751120 19.218700
-3.292900 93.060210 19.443300
-3.292900 92.869190 18.855400
-3.292900 93.060210 19.443300
-3.292900 92.751120 19.218700
-3.292900 93.251250 18.855400
-3.292900 93.369310 19.218700
-5.567900 93.369310 19.218700
-3.292900 93.369310 19.218700
-5.567900 93.060210 19.443300
-5.567900 92.869190 18.855400
-5.567900 92.751120 19.218700
-5.567900 93.251250 18.855400
-5.567900 93.369310 19.218700
-3.292900 92.869190 18.855400
-5.567900 92.869190 18.855400
-3.292900 93.251250 18.855400
-5.567900 93.251250 18.855400
-4.200000 93.512330 18.337400
-3.967800 93.091650 18.540600
-3.967800 93.091650 18.337400
-4.200000 93.512330 18.540600
-4.680500 93.521540 18.540600
-4.680500 93.521540 18.337400
-4.696400 92.689380 18.540600
-4.773200 93.100860 18.540600
-4.928700 93.110070 18.540600
-4.448200 92.775860 18.540600
-4.216000 92.680170 18.540600
-4.123200 93.100860 18.540600
-3.967800 93.091650 18.540600
-4.680500 93.521540 18.540600
-4.448200 93.425860 18.540600
-4.200000 93.512330 18.540600
-4.216000 92.680170 18.540600
-4.216000 92.680170 18.337400
-4.928700 93.110070 18.337400
-4.928700 93.110070 18.540600
-4.696400 92.689380 18.337400
-4.696400 92.689380 18.540600
-4.448200 92.775860 18.987400
-4.448200 93.425860 18.987400
-4.773200 93.100860 18.987400
-4.123200 93.100860 18.987400
-4.448200 93.425860 18.540600
-4.123200 93.100860 18.987400
-4.123200 93.100860 18.540600
-4.448200 93.425860 18.987400
-4.448200 93.425860 18.987400
-4.773200 93.100860 18.540600
-4.773200 93.100860 18.987400
-4.448200 93.425860 18.540600
-4.773200 93.100860 18.987400
-4.448200 92.775860 18.540600
-4.448200 92.775860 18.987400
-4.773200 93.100860 18.540600
-4.123200 93.100860 18.540600
-4.448200 92.775860 18.987400
-4.448200 92.775860 18.540600
-4.123200 93.100860 18.987400
-4.448900 92.669100 16.683800
-4.448900 92.473610 17.422500
-4.448900 92.451350 17.021400
-4.448900 92.727380 17.733900
-4.448900 93.043700 16.538700
-4.448900 93.115730 17.836700
-4.448900 93.432050 16.641500
-4.448900 93.490330 17.691600
-4.448900 93.685820 16.952900
-4.448900 93.708080 17.354000
-5.105900 92.168940 14.437400
-5.519100 93.440700 14.437400
-5.519100 92.737690 14.437400
-5.105900 94.009450 14.437400
-5.055500 92.888330 14.437400
-4.437300 91.951690 14.437400
-4.819400 92.563330 14.437400
-4.437300 92.439190 14.437400
-3.768700 92.168940 14.437400
-4.055200 92.563330 14.437400
-3.819100 92.888330 14.437400
-3.819100 93.290060 14.437400
-5.055500 93.290060 14.437400
-4.437300 94.226690 14.437400
-4.819400 93.615060 14.437400
-4.437300 93.739190 14.437400
-4.055200 93.615060 14.437400
-3.768700 94.009450 14.437400
-3.355500 92.737690 14.437400
-3.355500 93.440700 14.437400
-3.768700 94.009450 14.274900
-3.355500 93.440700 14.437400
-3.355500 93.440700 14.274900
-3.768700 94.009450 14.437400
-4.437300 94.226690 14.437400
-4.437300 94.226690 14.274900
-5.105900 94.009450 14.437400
-5.105900 94.009450 14.274900
-5.519100 93.440700 14.274900
-5.519100 93.440700 14.437400
-5.519100 92.737690 14.274900
-5.519100 92.737690 14.437400
-5.105900 92.168940 14.274900
-5.105900 92.168940 14.437400
-4.437300 91.951690 14.437400
-4.437300 91.951690 14.274900
-3.768700 92.168940 14.437400
-3.768700 92.168940 14.274900
-3.355500 92.737690 14.274900
-3.355500 92.737690 14.437400
-4.819400 92.563330 18.337400
-5.055500 93.290060 18.337400
-5.055500 92.888330 18.337400
-4.819400 93.615060 18.337400
-4.437300 92.439190 18.337400
-4.437300 93.739190 18.337400
-4.055200 92.563330 18.337400
-4.055200 93.615060 18.337400
-3.819100 92.888330 18.337400
-3.819100 93.290060 18.337400
-4.819400 93.615060 18.337400
-4.437300 93.739190 14.437400
-4.819400 93.615060 14.437400
-4.437300 93.739190 18.337400
-5.055500 93.290060 14.437400
-5.055500 93.290060 18.337400
-5.055500 92.888330 14.437400
-5.055500 92.888330 18.337400
-4.819400 92.563330 14.437400
-4.819400 92.563330 18.337400
-4.437300 92.439190 18.337400
-4.437300 92.439190 14.437400
-4.055200 92.563330 18.337400
-4.055200 92.563330 14.437400
-3.819100 92.888330 14.437400
-3.819100 92.888330 18.337400
-3.819100 93.290060 14.437400
-3.819100 93.290060 18.337400
-4.055200 93.615060 14.437400
-4.055200 93.615060 18.337400
0.044200 93.500430 17.691600
4.594200 93.500430 17.691600
0.044200 93.718180 17.354000
4.594200 93.718180 17.354000
0.044200 93.125830 17.836700
4.594200 93.125830 17.836700
0.044200 93.695920 16.952900
4.594200 93.695920 16.952900
4.594200 93.718180 17.354000
4.594200 93.500430 17.691600
4.594200 93.695920 16.952900
4.594200 93.442150 16.641500
4.594200 93.125830 17.836700
4.594200 93.053800 16.538700
4.594200 92.737480 17.733900
4.594200 92.679200 16.683800
4.594200 92.483710 17.422500
4.594200 92.461450 17.021400
0.044200 92.737480 17.733900
4.594200 92.737480 17.733900
4.594200 93.442150 16.641500
0.044200 93.442150 16.641500
0.044200 93.053800 16.538700
4.594200 93.053800 16.538700
0.044200 92.679200 16.683800
4.594200 92.679200 16.683800
4.594200 92.461450 17.021400
0.044200 92.461450 17.021400
4.594200 92.483710 17.422500
0.044200 92.483710 17.422500
0.193500 92.362310 27.310700
0.193500 91.109670 28.147700
0.404500 92.210140 27.158500
0.404500 91.027320 27.948800
0.404500 89.632080 28.226400
0.193500 89.632080 28.441600
0.044200 92.362310 27.310700
0.044200 91.109670 28.147700
0.193500 93.199300 26.058000
0.404500 93.000480 25.975700
0.404500 86.287580 24.565800
0.404500 86.263680 25.975700
0.404500 86.287580 23.402300
0.404500 85.989080 23.402300
0.404500 85.989080 24.595200
0.404500 93.275080 22.305500
0.404500 93.275080 24.595200
0.404500 93.275080 17.832600
0.404500 93.238830 17.179400
0.404500 92.976590 17.840800
0.404500 92.940800 17.196000
0.404500 92.976590 22.305500
0.404500 92.976590 24.565800
0.404500 92.719300 25.859200
0.404500 91.994940 26.943300
0.404500 90.910850 27.667700
0.404500 89.632080 27.922000
0.404500 88.353280 27.667700
0.404500 88.236880 27.948800
0.404500 87.269280 26.943300
0.404500 87.053980 27.158500
0.404500 86.544880 25.859200
0.193500 88.154480 28.147700
0.044200 89.632080 28.441600
0.044200 93.199300 26.058000
0.193500 93.486150 24.615900
0.044200 85.777980 23.402300
0.044200 86.498680 23.402300
0.193500 85.777980 23.402300
0.193500 86.498680 23.402300
0.404500 86.287580 23.402300
0.404500 85.989080 23.402300
0.193500 85.777980 24.615900
0.193500 85.777980 23.402300
0.193500 86.064880 26.058000
0.193500 86.901880 27.310700
0.193500 93.486150 22.305500
0.193500 93.486150 17.826700
0.193500 93.449570 17.167700
0.193500 92.765520 17.846700
0.193500 92.730060 17.207700
0.193500 92.765520 22.305500
0.193500 92.765520 24.545000
0.193500 92.520480 25.776900
0.193500 91.842770 26.791100
0.193500 90.828500 27.468800
0.193500 89.632080 27.706800
0.193500 88.435680 27.468800
0.193500 87.421380 26.791100
0.193500 86.743680 25.776900
0.193500 86.498680 24.545000
0.193500 86.498680 23.402300
0.044200 88.154480 28.147700
0.044200 93.486150 24.615900
0.044200 86.498680 24.545000
0.044200 86.498680 23.402300
0.044200 85.777980 24.615900
0.044200 85.777980 23.402300
0.044200 86.064880 26.058000
0.044200 86.901880 27.310700
0.044200 93.486150 17.826700
0.044200 93.449570 17.167700
0.044200 92.765520 17.846700
0.044200 92.730060 17.207700
0.044200 92.765520 24.545000
0.044200 92.520480 25.776900
0.044200 91.842770 26.791100
0.044200 90.828500 27.468800
0.044200 89.632080 27.706800
0.044200 88.435680 27.468800
0.044200 87.421380 26.791100
0.044200 86.743680 25.776900
4.334800 91.972030 18.855400
4.334800 94.247020 18.855400
4.716900 91.972030 18.855400
4.716900 94.247020 18.855400
4.525900 91.972030 19.443300
4.216800 91.972030 19.218700
4.835000 91.972030 19.218700
4.716900 91.972030 18.855400
4.334800 91.972030 18.855400
4.835000 94.247020 19.218700
4.835000 91.972030 19.218700
4.525900 94.247020 19.443300
4.835000 94.247020 19.218700
4.216800 94.247020 19.218700
4.716900 94.247020 18.855400
4.334800 94.247020 18.855400
4.216800 94.247020 19.218700
4.216800 91.972030 19.218700
4.525900 94.247020 19.443300
4.525900 91.972030 19.443300
5.656300 93.060210 19.443300
5.656300 92.751120 19.218700
5.656300 93.369310 19.218700
5.656300 93.369310 19.218700
5.656300 93.060210 19.443300
5.656300 93.251250 18.855400
5.656300 92.869190 18.855400
5.656300 92.751120 19.218700
5.656300 92.869190 18.855400
5.656300 93.251250 18.855400
4.288500 93.512330 18.540600
4.288500 93.512330 18.337400
4.056200 93.091650 18.540600
4.056200 93.091650 18.337400
4.768900 93.521540 18.540600
4.768900 93.521540 18.337400
4.056200 93.091650 18.540600
4.211700 93.100860 18.540600
4.288500 93.512330 18.540600
4.536700 93.425860 18.540600
4.768900 93.521540 18.540600
4.861700 93.100860 18.540600
5.017100 93.110070 18.540600
4.304400 92.680170 18.540600
4.536700 92.775860 18.540600
4.784900 92.689380 18.540600
4.304400 92.680170 18.540600
4.304400 92.680170 18.337400
5.017100 93.110070 18.337400
5.017100 93.110070 18.540600
4.784900 92.689380 18.337400
4.784900 92.689380 18.540600
4.211700 93.100860 18.987400
4.536700 92.775860 18.987400
4.536700 93.425860 18.987400
4.861700 93.100860 18.987400
4.536700 93.425860 18.987400
4.536700 93.425860 18.540600
4.211700 93.100860 18.987400
4.211700 93.100860 18.540600
4.536700 93.425860 18.540600
4.536700 93.425860 18.987400
4.861700 93.100860 18.540600
4.861700 93.100860 18.987400
4.861700 93.100860 18.540600
4.861700 93.100860 18.987400
4.536700 92.775860 18.540600
4.536700 92.775860 18.987400
4.211700 93.100860 18.987400
4.211700 93.100860 18.540600
4.536700 92.775860 18.987400
4.536700 92.775860 18.540600
4.537300 93.708080 17.354000
4.537300 93.685820 16.952900
4.537300 93.490330 17.691600
4.537300 93.432050 16.641500
4.537300 93.115730 17.836700
4.537300 93.043700 16.538700
4.537300 92.727380 17.733900
4.537300 92.669100 16.683800
4.537300 92.473610 17.422500
4.537300 92.451350 17.021400
4.143700 93.615060 14.437400
4.525700 94.226690 14.437400
4.525700 93.739190 14.437400
4.907800 93.615060 14.437400
5.143900 93.290060 14.437400
5.143900 92.888330 14.437400
5.194300 94.009450 14.437400
4.143700 92.563330 14.437400
4.525700 92.439190 14.437400
4.525700 91.951690 14.437400
4.907800 92.563330 14.437400
5.194300 92.168940 14.437400
5.607600 93.440700 14.437400
5.607600 92.737690 14.437400
4.525700 94.226690 14.437400
4.525700 94.226690 14.274900
5.194300 94.009450 14.437400
5.194300 94.009450 14.274900
5.607600 93.440700 14.274900
5.607600 93.440700 14.437400
5.607600 92.737690 14.274900
5.607600 92.737690 14.437400
5.194300 92.168940 14.274900
5.194300 92.168940 14.437400
4.525700 91.951690 14.437400
4.525700 91.951690 14.274900
4.143700 93.615060 18.337400
4.143700 92.563330 18.337400
4.525700 93.739190 18.337400
4.525700 92.439190 18.337400
4.907800 93.615060 18.337400
4.907800 92.563330 18.337400
5.143900 93.290060 18.337400
5.143900 92.888330 18.337400
4.525700 93.739190 18.337400
4.907800 93.615060 18.337400
4.525700 93.739190 14.437400
4.907800 93.615060 14.437400
5.143900 93.290060 14.437400
5.143900 93.290060 18.337400
5.143900 92.888330 14.437400
5.143900 92.888330 18.337400
4.907800 92.563330 14.437400
4.907800 92.563330 18.337400
4.525700 92.439190 18.337400
4.525700 92.439190 14.437400
4.143700 92.563330 18.337400
4.143700 92.563330 14.437400
4.143700 93.615060 18.337400
4.143700 93.615060 14.437400
