-6.097190 16.342850 -4.999980
-5.422150 -18.110250 -4.999980
-4.146050 17.504650 -4.999980
-5.453050 -17.875950 -4.999980
-5.543450 -17.657550 -4.999980
-5.687350 -17.469950 -4.999980
-5.874900 -17.326050 -4.999980
-6.093300 -17.235650 -4.999980
-6.327660 -17.204750 -4.999980
-7.797690 14.599550 -4.999980
-6.562030 -17.235650 -4.999980
-6.780420 -17.326050 -4.999980
-6.967950 -17.469950 -4.999980
-7.111860 -17.657550 -4.999980
-7.202320 -17.875950 -4.999980
-7.233170 -18.110250 -4.999980
6.056950 12.330750 -4.999980
6.446950 7.122550 -4.999980
6.562550 9.822150 -4.999980
4.640350 -1.684650 -4.999980
5.001250 14.525350 -4.999980
2.236250 -9.812250 -4.999980
1.773650 17.416350 -4.999980
-0.559550 -16.584550 -4.999980
-0.125250 18.015550 -4.999980
-2.116050 18.053250 -4.999980
-3.473350 -21.450250 -4.999980
-5.965690 -23.892750 -4.999980
-5.453050 -18.344650 -4.999980
-5.543450 -18.563050 -4.999980
-5.687350 -18.750550 -4.999980
-5.874900 -18.894450 -4.999980
-6.093300 -18.984950 -4.999980
-7.031870 -24.160750 -4.999980
-6.327660 -19.015750 -4.999980
-6.562030 -18.984950 -4.999980
-6.780420 -18.894450 -4.999980
-6.967950 -18.750550 -4.999980
-7.111860 -18.563050 -4.999980
-7.956860 -23.566650 -4.999980
-7.202320 -18.344650 -4.999980
-9.077100 12.383250 -4.999980
-9.539980 -20.456850 -4.999980
-9.828580 9.787750 -4.999980
-10.749650 -14.915850 -4.999980
-10.925470 0.864350 -4.999980
-11.239320 -7.605450 -4.999980
-7.164530 -24.970850 -4.212570
-5.495350 -24.524350 -4.212570
-2.773950 -21.752250 -4.212570
0.243950 -16.551350 -4.212570
5.595950 -0.878250 -4.212570
7.618450 11.313750 -4.212570
7.098550 14.082350 -4.212570
5.979850 16.526150 -4.212570
4.376150 18.473450 -4.212570
2.432650 19.815050 -4.212570
0.282850 20.507350 -4.212570
-1.975550 20.536950 -4.212570
-4.245450 19.885350 -4.212570
-6.386480 18.551250 -4.212570
-8.226240 16.591850 -4.212570
-9.602050 14.133750 -4.212570
-11.573970 1.933450 -4.212570
-11.946980 -6.942650 -4.212570
-11.500610 -14.628150 -4.212570
-10.299130 -20.519950 -4.212570
-8.604090 -24.015250 -4.212570
7.478650 8.374750 -4.212570
-10.406950 11.303650 -4.212570
-9.034410 -24.318050 -2.244070
-7.254350 -25.519450 -2.244070
-2.312350 -21.967250 -2.244070
0.770050 -16.573050 -2.244070
6.207650 -0.480150 -2.244070
8.131950 9.014650 -2.244070
8.285750 12.099950 -2.244070
7.754750 15.031050 -2.244070
6.592950 17.632750 -2.244070
4.905650 19.724050 -2.244070
2.832750 21.179150 -2.244070
0.516250 21.932820 -2.244070
-1.919650 21.957380 -2.244070
-4.348450 21.239450 -2.244070
-8.545570 17.700350 -2.244070
-9.983730 15.091650 -2.244070
-10.822020 12.118450 -2.244070
-12.026720 2.505850 -2.244070
-12.430640 -6.588850 -2.244070
-12.006060 -14.480850 -2.244070
-10.805270 -20.576450 -2.244070
-5.184050 -24.948650 -2.244070
-6.614630 19.795550 -2.244070
-11.352750 -20.385850 10.354400
-9.531970 -24.648650 10.354400
-7.368070 -26.213850 10.354400
-1.732650 -21.961150 10.354400
1.486250 -15.965350 10.354400
4.539150 -7.893150 10.354400
7.198050 1.681050 10.354400
9.271450 12.072150 10.354400
9.474850 15.531250 10.354400
8.962050 18.841050 10.354400
7.776650 21.788780 10.354400
6.012150 24.171960 10.354400
1.295050 26.688690 10.354400
-1.351850 26.680950 10.354400
-3.978450 25.807980 10.354400
-8.474530 21.696360 10.354400
-10.016290 18.723050 10.354400
-10.926780 15.379650 10.354400
-12.276040 4.870050 10.354400
-12.809780 -5.052150 10.354400
-12.491110 -13.676550 10.354400
-11.914590 -16.613650 8.442600
-11.910550 -16.585950 8.228600
-11.908940 -16.695150 8.642400
-11.893990 -16.824650 8.814300
-11.870760 -16.993450 8.946800
-11.840840 -17.190050 9.030700
-11.806260 -17.401050 9.060300
-11.769370 -17.612050 9.033600
-11.732690 -17.808650 8.952400
-11.698730 -17.977450 8.822300
-11.669790 -18.106950 8.652100
-11.647850 -18.188450 8.453500
-11.634400 -18.216150 8.239900
-11.897100 -16.613650 8.014900
-11.875160 -16.695150 7.816300
-11.846230 -16.824650 7.646100
-11.812260 -16.993450 7.516000
-11.775590 -17.190050 7.434800
-11.738700 -17.401050 7.408100
-11.704120 -17.612050 7.437700
-11.674190 -17.808650 7.521600
-11.650960 -17.977450 7.654100
-11.636010 -18.106950 7.826100
-11.630370 -18.188450 8.025900
-4.817950 -25.420650 10.354400
-6.410830 24.112060 10.354400
-13.086050 -13.737750 11.417300
-11.929320 -20.555250 11.417300
-10.015800 -25.035250 11.417300
-7.475910 -26.872350 11.417300
-4.482750 -25.941350 11.417300
-1.240250 -22.305650 11.417300
2.030650 -16.213150 11.417300
5.106950 -8.078950 11.417300
7.778950 1.542650 11.417300
9.864750 11.995850 11.417300
10.074350 15.559750 11.417300
9.541250 19.000150 11.417300
8.301750 22.082410 11.417300
6.440350 24.596620 11.417300
4.083850 26.371390 11.417300
1.392850 27.285770 11.417300
-1.449250 27.277460 11.417300
-4.248750 26.347030 11.417300
-6.814910 24.557860 11.417300
-8.972800 22.031910 11.417300
-10.575390 18.941250 11.417300
-11.513460 15.496650 11.417300
-12.870780 4.924150 11.417300
-13.407170 -5.047150 11.417300
-12.561440 -20.741050 11.811000
-13.738310 -13.804850 11.811000
-10.546250 -25.459150 11.811000
-7.594140 -27.594350 11.811000
-4.115150 -26.512250 11.811000
-0.700350 -22.683450 11.811000
2.627450 -16.484750 11.811000
5.729350 -8.282650 11.811000
8.415850 1.390850 11.811000
10.515250 11.912250 11.811000
10.731650 15.591050 11.811000
10.176350 19.174550 11.811000
8.877550 22.404340 11.811000
6.909750 25.062190 11.811000
4.393650 26.957140 11.811000
1.500050 27.940380 11.811000
-1.556050 27.931440 11.811000
-4.545150 26.938000 11.811000
-7.257910 25.046610 11.811000
-9.519070 22.399780 11.811000
-11.188350 19.180550 11.811000
-12.156660 15.624850 11.811000
-13.522830 4.983450 11.811000
-14.062110 -5.041650 11.811000
-11.704620 -18.187750 8.445400
-11.634400 -18.216150 8.239900
-11.691940 -18.214650 8.233600
-11.647850 -18.188450 8.453500
-11.647850 -18.188450 8.453500
-11.704620 -18.187750 8.445400
-11.634400 -18.216150 8.239900
-11.691940 -18.214650 8.233600
-11.630370 -18.188450 8.025900
-11.688890 -18.186450 8.021500
-11.630370 -18.188450 8.025900
-11.688890 -18.186450 8.021500
-11.954360 -16.838250 8.807900
-11.940970 -16.790150 8.228600
-11.970490 -16.709450 8.637800
-11.943310 -16.811650 8.390700
-11.938140 -16.873750 8.542000
-11.929960 -17.005850 8.938600
-11.925800 -16.972250 8.672000
-11.907150 -17.100350 8.771900
-11.898960 -17.200750 9.021100
-11.883450 -17.249450 8.835000
-11.863470 -17.409750 9.049700
-11.856310 -17.409250 8.856900
-11.827590 -17.568850 8.836100
-11.825910 -17.618650 9.022500
-11.799250 -17.717550 8.774100
-11.788830 -17.813150 8.941400
-11.773210 -17.845050 8.675000
-11.754770 -17.979950 8.811800
-11.751250 -17.942750 8.545700
-11.734870 -18.003950 8.394900
-11.726050 -18.107750 8.642700
-11.725170 -18.024550 8.232900
-11.695650 -18.105250 7.823700
-11.688890 -18.186450 8.021500
-11.704620 -18.187750 8.445400
-11.691940 -18.214650 8.233600
-11.977260 -16.628150 8.440000
-11.961530 -16.626950 8.016100
-11.974210 -16.600050 8.227900
-11.940100 -16.706950 7.818800
-11.911380 -16.834750 7.649700
-11.931280 -16.810650 8.066600
-11.914900 -16.871850 7.915800
-11.877310 -17.001550 7.520100
-11.892940 -16.969550 7.786500
-11.866900 -17.097150 7.687400
-11.840240 -17.196050 7.439000
-11.838550 -17.245750 7.625400
-11.802680 -17.404850 7.411800
-11.809830 -17.405450 7.604600
-11.767190 -17.613950 7.440400
-11.782700 -17.565250 7.626500
-11.759000 -17.714350 7.689600
-11.736190 -17.808850 7.522900
-11.740350 -17.842450 7.789500
-11.711780 -17.976450 7.653600
-11.728010 -17.940950 7.919600
-11.722840 -18.003050 8.070800
-11.725170 -18.024550 8.232900
-11.722840 -18.003050 8.070800
-11.695650 -18.105250 7.823700
-11.711780 -17.976450 7.653600
-11.728010 -17.940950 7.919600
-11.740350 -17.842450 7.789500
-11.736190 -17.808850 7.522900
-11.759000 -17.714350 7.689600
-11.767190 -17.613950 7.440400
-11.782700 -17.565250 7.626500
-11.809830 -17.405450 7.604600
-11.802680 -17.404850 7.411800
-11.838550 -17.245750 7.625400
-11.840240 -17.196050 7.439000
-11.866900 -17.097150 7.687400
-11.877310 -17.001550 7.520100
-11.892940 -16.969550 7.786500
-11.914900 -16.871850 7.915800
-11.911380 -16.834750 7.649700
-11.931280 -16.810650 8.066600
-11.940970 -16.790150 8.228600
-11.970490 -16.709450 8.637800
-11.940100 -16.706950 7.818800
-11.977260 -16.628150 8.440000
-11.961530 -16.626950 8.016100
-11.974210 -16.600050 8.227900
-11.691940 -18.214650 8.233600
-11.704620 -18.187750 8.445400
-11.688890 -18.186450 8.021500
-11.726050 -18.107750 8.642700
-11.734870 -18.003950 8.394900
-11.754770 -17.979950 8.811800
-11.751250 -17.942750 8.545700
-11.773210 -17.845050 8.675000
-11.788830 -17.813150 8.941400
-11.799250 -17.717550 8.774100
-11.825910 -17.618650 9.022500
-11.827590 -17.568850 8.836100
-11.863470 -17.409750 9.049700
-11.856310 -17.409250 8.856900
-11.883450 -17.249450 8.835000
-11.898960 -17.200750 9.021100
-11.907150 -17.100350 8.771900
-11.929960 -17.005850 8.938600
-11.925800 -16.972250 8.672000
-11.938140 -16.873750 8.542000
-11.954360 -16.838250 8.807900
-11.943310 -16.811650 8.390700
-11.726050 -18.107750 8.642700
-11.669790 -18.106950 8.652100
-11.669790 -18.106950 8.652100
-11.726050 -18.107750 8.642700
-11.636010 -18.106950 7.826100
-11.695650 -18.105250 7.823700
-11.636010 -18.106950 7.826100
-11.695650 -18.105250 7.823700
-11.650960 -17.977450 7.654100
-11.711780 -17.976450 7.653600
-11.650960 -17.977450 7.654100
-11.711780 -17.976450 7.653600
-11.674190 -17.808650 7.521600
-11.736190 -17.808850 7.522900
-11.736190 -17.808850 7.522900
-11.674190 -17.808650 7.521600
-11.704120 -17.612050 7.437700
-11.767190 -17.613950 7.440400
-11.767190 -17.613950 7.440400
-11.704120 -17.612050 7.437700
-11.738700 -17.401050 7.408100
-11.802680 -17.404850 7.411800
-11.802680 -17.404850 7.411800
-11.738700 -17.401050 7.408100
-11.775590 -17.190050 7.434800
-11.840240 -17.196050 7.439000
-11.840240 -17.196050 7.439000
-11.775590 -17.190050 7.434800
-11.812260 -16.993450 7.516000
-11.877310 -17.001550 7.520100
-11.877310 -17.001550 7.520100
-11.812260 -16.993450 7.516000
-11.846230 -16.824650 7.646100
-11.911380 -16.834750 7.649700
-11.911380 -16.834750 7.649700
-11.846230 -16.824650 7.646100
-11.875160 -16.695150 7.816300
-11.940100 -16.706950 7.818800
-11.940100 -16.706950 7.818800
-11.875160 -16.695150 7.816300
-11.897100 -16.613650 8.014900
-11.961530 -16.626950 8.016100
-11.961530 -16.626950 8.016100
-11.897100 -16.613650 8.014900
-11.910550 -16.585950 8.228600
-11.974210 -16.600050 8.227900
-11.974210 -16.600050 8.227900
-11.910550 -16.585950 8.228600
-11.977260 -16.628150 8.440000
-11.914590 -16.613650 8.442600
-11.914590 -16.613650 8.442600
-11.977260 -16.628150 8.440000
-11.970490 -16.709450 8.637800
-11.908940 -16.695150 8.642400
-11.908940 -16.695150 8.642400
-11.970490 -16.709450 8.637800
-11.954360 -16.838250 8.807900
-11.893990 -16.824650 8.814300
-11.893990 -16.824650 8.814300
-11.954360 -16.838250 8.807900
-11.929960 -17.005850 8.938600
-11.870760 -16.993450 8.946800
-11.929960 -17.005850 8.938600
-11.870760 -16.993450 8.946800
-11.898960 -17.200750 9.021100
-11.840840 -17.190050 9.030700
-11.898960 -17.200750 9.021100
-11.840840 -17.190050 9.030700
-11.863470 -17.409750 9.049700
-11.806260 -17.401050 9.060300
-11.863470 -17.409750 9.049700
-11.806260 -17.401050 9.060300
-11.825910 -17.618650 9.022500
-11.769370 -17.612050 9.033600
-11.825910 -17.618650 9.022500
-11.769370 -17.612050 9.033600
-11.788830 -17.813150 8.941400
-11.732690 -17.808650 8.952400
-11.788830 -17.813150 8.941400
-11.732690 -17.808650 8.952400
-11.754770 -17.979950 8.811800
-11.698730 -17.977450 8.822300
-11.754770 -17.979950 8.811800
-11.698730 -17.977450 8.822300
-11.754770 -17.979950 8.811800
-11.669790 -18.106950 8.652100
-11.726050 -18.107750 8.642700
-11.698730 -17.977450 8.822300
-11.698730 -17.977450 8.822300
-11.754770 -17.979950 8.811800
-11.669790 -18.106950 8.652100
-11.726050 -18.107750 8.642700
-11.754770 -17.979950 8.811800
-11.669790 -18.106950 8.652100
-11.726050 -18.107750 8.642700
-11.698730 -17.977450 8.822300
-11.698730 -17.977450 8.822300
-11.754770 -17.979950 8.811800
-11.669790 -18.106950 8.652100
-11.726050 -18.107750 8.642700
-11.892940 -16.969550 7.786500
-12.020120 -16.890250 7.911900
-11.998160 -16.987950 7.782500
-11.914900 -16.871850 7.915800
-11.914900 -16.871850 7.915800
-11.892940 -16.969550 7.786500
-12.020120 -16.890250 7.911900
-11.998160 -16.987950 7.782500
-12.036500 -16.829050 8.062700
-11.931280 -16.810650 8.066600
-11.931280 -16.810650 8.066600
-12.036500 -16.829050 8.062700
-12.027030 -16.989850 8.558000
-11.968860 -17.255850 8.248900
-12.034220 -16.923850 8.442500
-11.961670 -17.321750 8.364400
-11.958150 -17.289350 8.120400
-12.019240 -16.918250 8.018300
-11.998160 -16.987950 7.782500
-12.020120 -16.890250 7.911900
-12.011350 -16.947750 7.945600
-11.991740 -17.034950 7.830200
-11.972120 -17.115550 7.683500
-11.979190 -17.096450 7.782400
-11.956850 -17.209850 7.716300
-11.935810 -17.402850 8.054300
-11.949470 -17.357850 8.208100
-11.950570 -17.355550 8.226500
-11.972120 -17.350450 8.775200
-11.947610 -17.364850 8.191000
-11.945110 -17.375950 8.176300
-11.942140 -17.390450 8.165000
-11.938920 -17.407350 8.157900
-11.904470 -17.501050 7.678400
-11.935650 -17.425550 8.155600
-11.932570 -17.443750 8.158100
-11.929870 -17.460650 8.165200
-11.927750 -17.475250 8.176600
-11.926350 -17.486450 8.191400
-11.925760 -17.493550 8.208600
-11.926030 -17.495950 8.227000
-12.048530 -16.830050 8.386800
-12.036500 -16.829050 8.062700
-12.046200 -16.808550 8.224600
-12.034630 -16.874750 8.224900
-12.029960 -16.884650 8.146800
-12.043360 -16.892150 8.538000
-12.036710 -16.893950 8.369600
-12.031030 -16.990650 8.668000
-12.021080 -17.037350 8.620700
-12.012370 -17.118750 8.768000
-12.004430 -17.151650 8.709900
-11.988670 -17.267850 8.831000
-11.993000 -17.223550 8.740300
-11.961530 -17.427650 8.852900
-11.959050 -17.427450 8.785800
-11.933410 -17.569950 8.767200
-11.932820 -17.587350 8.832100
-11.919740 -17.641650 8.737300
-11.904470 -17.735950 8.770100
-11.914930 -17.529750 8.089200
-11.907730 -17.595650 8.204700
-11.849570 -17.861650 7.895600
-11.918450 -17.562150 8.333200
-11.842380 -17.927650 8.011100
-11.950830 -17.357950 8.245000
-11.950250 -17.365050 8.262200
-11.940790 -17.448650 8.399300
-11.948850 -17.376250 8.277000
-11.946720 -17.390850 8.288300
-11.944030 -17.407750 8.295500
-11.940940 -17.425950 8.298000
-11.937670 -17.444150 8.295600
-11.934450 -17.461050 8.288600
-11.931490 -17.475550 8.277300
-11.928990 -17.486650 8.262600
-11.927130 -17.493650 8.245500
-11.897400 -17.755050 8.671200
-11.878440 -17.863550 8.671100
-11.884850 -17.816550 8.623400
-11.865250 -17.903750 8.508000
-11.856470 -17.961250 8.541700
-11.857350 -17.933250 8.435300
-11.846640 -17.966850 8.306800
-11.840090 -18.022450 8.390900
-11.841970 -17.976750 8.228700
-11.828060 -18.021450 8.066800
-11.830400 -18.042950 8.228900
-11.943780 -17.264150 7.621400
-11.943190 -17.281550 7.686400
-11.915060 -17.423850 7.600700
-11.917550 -17.424050 7.667800
-11.887930 -17.583650 7.622600
-11.883590 -17.627950 7.713300
-11.864220 -17.732750 7.685600
-11.872170 -17.699850 7.743700
-11.855510 -17.814150 7.832900
-11.845570 -17.860850 7.785600
-11.833240 -17.959350 7.915600
-11.839880 -17.957550 8.084000
-11.828060 -18.021450 8.066800
-11.841970 -17.976750 8.228700
-11.833240 -17.959350 7.915600
-11.839880 -17.957550 8.084000
-11.842380 -17.927650 8.011100
-11.849570 -17.861650 7.895600
-11.845570 -17.860850 7.785600
-11.855510 -17.814150 7.832900
-11.864220 -17.732750 7.685600
-11.872170 -17.699850 7.743700
-11.883590 -17.627950 7.713300
-11.887930 -17.583650 7.622600
-11.914930 -17.529750 8.089200
-11.904470 -17.501050 7.678400
-11.917550 -17.424050 7.667800
-11.915060 -17.423850 7.600700
-11.943190 -17.281550 7.686400
-11.943780 -17.264150 7.621400
-11.956850 -17.209850 7.716300
-11.972120 -17.115550 7.683500
-11.830400 -18.042950 8.228900
-11.840090 -18.022450 8.390900
-11.846640 -17.966850 8.306800
-11.856470 -17.961250 8.541700
-11.857350 -17.933250 8.435300
-11.907730 -17.595650 8.204700
-11.918450 -17.562150 8.333200
-11.865250 -17.903750 8.508000
-11.878440 -17.863550 8.671100
-11.884850 -17.816550 8.623400
-11.897400 -17.755050 8.671200
-11.904470 -17.735950 8.770100
-11.919740 -17.641650 8.737300
-11.926030 -17.495950 8.227000
-11.927130 -17.493650 8.245500
-11.928990 -17.486650 8.262600
-11.931490 -17.475550 8.277300
-11.934450 -17.461050 8.288600
-11.940790 -17.448650 8.399300
-11.937670 -17.444150 8.295600
-11.940940 -17.425950 8.298000
-11.944030 -17.407750 8.295500
-11.946720 -17.390850 8.288300
-11.948850 -17.376250 8.277000
-11.950250 -17.365050 8.262200
-11.972120 -17.350450 8.775200
-11.950830 -17.357950 8.245000
-11.950570 -17.355550 8.226500
-11.932820 -17.587350 8.832100
-11.933410 -17.569950 8.767200
-11.961530 -17.427650 8.852900
-11.959050 -17.427450 8.785800
-11.988670 -17.267850 8.831000
-11.961670 -17.321750 8.364400
-11.993000 -17.223550 8.740300
-12.004430 -17.151650 8.709900
-12.012370 -17.118750 8.768000
-12.021080 -17.037350 8.620700
-12.031030 -16.990650 8.668000
-12.027030 -16.989850 8.558000
-12.034220 -16.923850 8.442500
-12.036710 -16.893950 8.369600
-12.043360 -16.892150 8.538000
-12.034630 -16.874750 8.224900
-12.048530 -16.830050 8.386800
-11.958150 -17.289350 8.120400
-11.968860 -17.255850 8.248900
-12.019240 -16.918250 8.018300
-12.029960 -16.884650 8.146800
-12.020120 -16.890250 7.911900
-12.036500 -16.829050 8.062700
-12.046200 -16.808550 8.224600
-11.925760 -17.493550 8.208600
-11.926350 -17.486450 8.191400
-11.927750 -17.475250 8.176600
-11.929870 -17.460650 8.165200
-11.932570 -17.443750 8.158100
-11.935650 -17.425550 8.155600
-11.938920 -17.407350 8.157900
-11.935810 -17.402850 8.054300
-11.942140 -17.390450 8.165000
-11.945110 -17.375950 8.176300
-11.947610 -17.364850 8.191000
-11.949470 -17.357850 8.208100
-11.979190 -17.096450 7.782400
-11.991740 -17.034950 7.830200
-11.998160 -16.987950 7.782500
-12.011350 -16.947750 7.945600
-11.972120 -17.115550 7.683500
-11.866900 -17.097150 7.687400
-11.972120 -17.115550 7.683500
-11.866900 -17.097150 7.687400
-12.046200 -16.808550 8.224600
-11.940970 -16.790150 8.228600
-11.940970 -16.790150 8.228600
-12.046200 -16.808550 8.224600
-11.782700 -17.565250 7.626500
-11.864220 -17.732750 7.685600
-11.759000 -17.714350 7.689600
-11.887930 -17.583650 7.622600
-11.887930 -17.583650 7.622600
-11.782700 -17.565250 7.626500
-11.864220 -17.732750 7.685600
-11.759000 -17.714350 7.689600
-11.809830 -17.405450 7.604600
-11.915060 -17.423850 7.600700
-11.915060 -17.423850 7.600700
-11.809830 -17.405450 7.604600
-11.838550 -17.245750 7.625400
-11.943780 -17.264150 7.621400
-11.943780 -17.264150 7.621400
-11.838550 -17.245750 7.625400
-12.048530 -16.830050 8.386800
-11.943310 -16.811650 8.390700
-11.943310 -16.811650 8.390700
-12.048530 -16.830050 8.386800
-12.043360 -16.892150 8.538000
-11.938140 -16.873750 8.542000
-11.938140 -16.873750 8.542000
-12.043360 -16.892150 8.538000
-12.031030 -16.990650 8.668000
-11.925800 -16.972250 8.672000
-11.925800 -16.972250 8.672000
-12.031030 -16.990650 8.668000
-12.012370 -17.118750 8.768000
-11.907150 -17.100350 8.771900
-12.012370 -17.118750 8.768000
-11.907150 -17.100350 8.771900
-11.988670 -17.267850 8.831000
-11.883450 -17.249450 8.835000
-11.988670 -17.267850 8.831000
-11.883450 -17.249450 8.835000
-11.961530 -17.427650 8.852900
-11.856310 -17.409250 8.856900
-11.961530 -17.427650 8.852900
-11.856310 -17.409250 8.856900
-11.932820 -17.587350 8.832100
-11.827590 -17.568850 8.836100
-11.932820 -17.587350 8.832100
-11.827590 -17.568850 8.836100
-11.904470 -17.735950 8.770100
-11.799250 -17.717550 8.774100
-11.904470 -17.735950 8.770100
-11.799250 -17.717550 8.774100
-11.878440 -17.863550 8.671100
-11.773210 -17.845050 8.675000
-11.878440 -17.863550 8.671100
-11.773210 -17.845050 8.675000
-11.751250 -17.942750 8.545700
-11.856470 -17.961250 8.541700
-11.751250 -17.942750 8.545700
-11.856470 -17.961250 8.541700
-11.734870 -18.003950 8.394900
-11.840090 -18.022450 8.390900
-11.734870 -18.003950 8.394900
-11.840090 -18.022450 8.390900
-11.725170 -18.024550 8.232900
-11.830400 -18.042950 8.228900
-11.725170 -18.024550 8.232900
-11.830400 -18.042950 8.228900
-11.722840 -18.003050 8.070800
-11.828060 -18.021450 8.066800
-11.722840 -18.003050 8.070800
-11.828060 -18.021450 8.066800
-11.728010 -17.940950 7.919600
-11.833240 -17.959350 7.915600
-11.728010 -17.940950 7.919600
-11.833240 -17.959350 7.915600
-11.740350 -17.842450 7.789500
-11.845570 -17.860850 7.785600
-11.740350 -17.842450 7.789500
-11.845570 -17.860850 7.785600
-12.192720 -18.038150 8.215500
-11.839880 -17.957550 8.084000
-12.190630 -18.018950 8.070800
-11.841970 -17.976750 8.228700
-11.841970 -17.976750 8.228700
-12.192720 -18.038150 8.215500
-11.839880 -17.957550 8.084000
-12.190630 -18.018950 8.070800
-11.842380 -17.927650 8.011100
-12.193120 -17.988950 7.997900
-11.842380 -17.927650 8.011100
-12.193120 -17.988950 7.997900
-12.197390 -18.028250 8.293600
-12.193120 -17.988950 7.997900
-12.258480 -17.657050 8.191500
-12.190630 -18.018950 8.070800
-12.192720 -18.038150 8.215500
-12.192720 -18.038150 8.215500
-12.197390 -18.028250 8.293600
-12.190630 -18.018950 8.070800
-12.193120 -17.988950 7.997900
-12.258480 -17.657050 8.191500
-12.197390 -18.028250 8.293600
-11.846640 -17.966850 8.306800
-11.846640 -17.966850 8.306800
-12.197390 -18.028250 8.293600
-11.907730 -17.595650 8.204700
-12.193120 -17.988950 7.997900
-11.842380 -17.927650 8.011100
-12.258480 -17.657050 8.191500
-12.258480 -17.657050 8.191500
-11.907730 -17.595650 8.204700
-12.193120 -17.988950 7.997900
-11.842380 -17.927650 8.011100
-12.197390 -18.028250 8.293600
-11.907730 -17.595650 8.204700
-11.846640 -17.966850 8.306800
-12.258480 -17.657050 8.191500
-12.258480 -17.657050 8.191500
-12.197390 -18.028250 8.293600
-11.907730 -17.595650 8.204700
-11.846640 -17.966850 8.306800
-12.235600 -17.877950 8.610200
-11.865250 -17.903750 8.508000
-12.216000 -17.965150 8.494700
-11.884850 -17.816550 8.623400
-11.884850 -17.816550 8.623400
-12.235600 -17.877950 8.610200
-11.865250 -17.903750 8.508000
-12.216000 -17.965150 8.494700
-11.857350 -17.933250 8.435300
-12.208100 -17.994650 8.422100
-11.857350 -17.933250 8.435300
-12.208100 -17.994650 8.422100
-12.248150 -17.816450 8.658000
-12.208100 -17.994650 8.422100
-12.269190 -17.623450 8.320000
-12.235600 -17.877950 8.610200
-12.216000 -17.965150 8.494700
-12.216000 -17.965150 8.494700
-12.235600 -17.877950 8.610200
-12.208100 -17.994650 8.422100
-12.248150 -17.816450 8.658000
-12.269190 -17.623450 8.320000
-11.897400 -17.755050 8.671200
-12.248150 -17.816450 8.658000
-12.248150 -17.816450 8.658000
-11.897400 -17.755050 8.671200
-11.918450 -17.562150 8.333200
-12.208100 -17.994650 8.422100
-11.857350 -17.933250 8.435300
-12.269190 -17.623450 8.320000
-12.269190 -17.623450 8.320000
-11.918450 -17.562150 8.333200
-12.208100 -17.994650 8.422100
-11.857350 -17.933250 8.435300
-11.918450 -17.562150 8.333200
-12.248150 -17.816450 8.658000
-12.269190 -17.623450 8.320000
-11.897400 -17.755050 8.671200
-11.897400 -17.755050 8.671200
-11.918450 -17.562150 8.333200
-12.248150 -17.816450 8.658000
-12.269190 -17.623450 8.320000
-12.284150 -17.631350 8.754000
-11.959050 -17.427450 8.785800
-11.933410 -17.569950 8.767200
-12.309790 -17.488750 8.772600
-12.309790 -17.488750 8.772600
-12.284150 -17.631350 8.754000
-11.959050 -17.427450 8.785800
-11.933410 -17.569950 8.767200
-12.270490 -17.703050 8.724100
-11.919740 -17.641650 8.737300
-12.270490 -17.703050 8.724100
-11.919740 -17.641650 8.737300
-12.309790 -17.488750 8.772600
-12.291530 -17.510050 8.386100
-12.322870 -17.411750 8.762000
-12.284150 -17.631350 8.754000
-12.270490 -17.703050 8.724100
-12.270490 -17.703050 8.724100
-12.284150 -17.631350 8.754000
-12.291530 -17.510050 8.386100
-12.309790 -17.488750 8.772600
-12.322870 -17.411750 8.762000
-11.972120 -17.350450 8.775200
-12.322870 -17.411750 8.762000
-12.322870 -17.411750 8.762000
-11.972120 -17.350450 8.775200
-12.270490 -17.703050 8.724100
-11.940790 -17.448650 8.399300
-12.291530 -17.510050 8.386100
-11.919740 -17.641650 8.737300
-11.919740 -17.641650 8.737300
-12.270490 -17.703050 8.724100
-11.940790 -17.448650 8.399300
-12.291530 -17.510050 8.386100
-11.940790 -17.448650 8.399300
-12.322870 -17.411750 8.762000
-12.291530 -17.510050 8.386100
-11.972120 -17.350450 8.775200
-11.972120 -17.350450 8.775200
-11.940790 -17.448650 8.399300
-12.322870 -17.411750 8.762000
-12.291530 -17.510050 8.386100
-12.343750 -17.284850 8.727100
-12.004430 -17.151650 8.709900
-11.993000 -17.223550 8.740300
-12.355180 -17.213050 8.696700
-12.355180 -17.213050 8.696700
-12.343750 -17.284850 8.727100
-12.004430 -17.151650 8.709900
-11.993000 -17.223550 8.740300
-12.343750 -17.284850 8.727100
-11.961670 -17.321750 8.364400
-12.312420 -17.383150 8.351200
-11.993000 -17.223550 8.740300
-11.993000 -17.223550 8.740300
-12.343750 -17.284850 8.727100
-11.961670 -17.321750 8.364400
-12.312420 -17.383150 8.351200
-12.371830 -17.098650 8.607500
-12.312420 -17.383150 8.351200
-12.377780 -17.051250 8.544800
-12.355180 -17.213050 8.696700
-12.343750 -17.284850 8.727100
-12.343750 -17.284850 8.727100
-12.355180 -17.213050 8.696700
-12.312420 -17.383150 8.351200
-12.371830 -17.098650 8.607500
-12.377780 -17.051250 8.544800
-12.021080 -17.037350 8.620700
-12.371830 -17.098650 8.607500
-12.371830 -17.098650 8.607500
-12.021080 -17.037350 8.620700
-12.027030 -16.989850 8.558000
-12.312420 -17.383150 8.351200
-11.961670 -17.321750 8.364400
-12.377780 -17.051250 8.544800
-12.377780 -17.051250 8.544800
-12.027030 -16.989850 8.558000
-12.312420 -17.383150 8.351200
-11.961670 -17.321750 8.364400
-12.027030 -16.989850 8.558000
-12.377780 -17.051250 8.544800
-12.027030 -16.989850 8.558000
-12.377780 -17.051250 8.544800
-12.319610 -17.317150 8.235700
-12.034220 -16.923850 8.442500
-11.968860 -17.255850 8.248900
-12.384970 -16.985250 8.429300
-12.384970 -16.985250 8.429300
-12.319610 -17.317150 8.235700
-12.034220 -16.923850 8.442500
-11.968860 -17.255850 8.248900
-12.029960 -16.884650 8.146800
-12.319610 -17.317150 8.235700
-11.968860 -17.255850 8.248900
-12.380700 -16.946050 8.133600
-12.380700 -16.946050 8.133600
-12.029960 -16.884650 8.146800
-12.319610 -17.317150 8.235700
-11.968860 -17.255850 8.248900
-12.387460 -16.955350 8.356400
-12.380700 -16.946050 8.133600
-12.385380 -16.936150 8.211700
-12.319610 -17.317150 8.235700
-12.384970 -16.985250 8.429300
-12.384970 -16.985250 8.429300
-12.387460 -16.955350 8.356400
-12.319610 -17.317150 8.235700
-12.380700 -16.946050 8.133600
-12.385380 -16.936150 8.211700
-12.036710 -16.893950 8.369600
-12.384970 -16.985250 8.429300
-12.387460 -16.955350 8.356400
-12.034220 -16.923850 8.442500
-12.034220 -16.923850 8.442500
-12.036710 -16.893950 8.369600
-12.384970 -16.985250 8.429300
-12.387460 -16.955350 8.356400
-12.029960 -16.884650 8.146800
-12.385380 -16.936150 8.211700
-12.380700 -16.946050 8.133600
-12.034630 -16.874750 8.224900
-12.034630 -16.874750 8.224900
-12.029960 -16.884650 8.146800
-12.385380 -16.936150 8.211700
-12.380700 -16.946050 8.133600
-12.308900 -17.350750 8.107200
-12.019240 -16.918250 8.018300
-11.958150 -17.289350 8.120400
-12.369990 -16.979550 8.005100
-12.369990 -16.979550 8.005100
-12.308900 -17.350750 8.107200
-12.019240 -16.918250 8.018300
-11.958150 -17.289350 8.120400
-12.308900 -17.350750 8.107200
-11.979190 -17.096450 7.782400
-12.329940 -17.157750 7.769200
-11.958150 -17.289350 8.120400
-11.958150 -17.289350 8.120400
-12.308900 -17.350750 8.107200
-11.979190 -17.096450 7.782400
-12.329940 -17.157750 7.769200
-12.308900 -17.350750 8.107200
-12.362100 -17.009050 7.932400
-12.369990 -16.979550 8.005100
-12.342490 -17.096350 7.817000
-12.329940 -17.157750 7.769200
-12.329940 -17.157750 7.769200
-12.308900 -17.350750 8.107200
-12.342490 -17.096350 7.817000
-12.362100 -17.009050 7.932400
-12.369990 -16.979550 8.005100
-12.011350 -16.947750 7.945600
-12.369990 -16.979550 8.005100
-12.362100 -17.009050 7.932400
-12.019240 -16.918250 8.018300
-12.019240 -16.918250 8.018300
-12.011350 -16.947750 7.945600
-12.369990 -16.979550 8.005100
-12.362100 -17.009050 7.932400
-11.991740 -17.034950 7.830200
-12.329940 -17.157750 7.769200
-11.979190 -17.096450 7.782400
-12.342490 -17.096350 7.817000
-12.342490 -17.096350 7.817000
-11.991740 -17.034950 7.830200
-12.329940 -17.157750 7.769200
-11.979190 -17.096450 7.782400
-11.943190 -17.281550 7.686400
-12.268300 -17.485450 7.654600
-11.917550 -17.424050 7.667800
-12.293940 -17.342850 7.673200
-12.293940 -17.342850 7.673200
-11.943190 -17.281550 7.686400
-12.268300 -17.485450 7.654600
-11.917550 -17.424050 7.667800
-11.956850 -17.209850 7.716300
-12.307600 -17.271250 7.703100
-12.307600 -17.271250 7.703100
-11.956850 -17.209850 7.716300
-12.286560 -17.464250 8.041000
-12.293940 -17.342850 7.673200
-12.307600 -17.271250 7.703100
-12.268300 -17.485450 7.654600
-12.255220 -17.562450 7.665200
-12.255220 -17.562450 7.665200
-12.286560 -17.464250 8.041000
-12.268300 -17.485450 7.654600
-12.293940 -17.342850 7.673200
-12.307600 -17.271250 7.703100
-12.255220 -17.562450 7.665200
-11.904470 -17.501050 7.678400
-12.255220 -17.562450 7.665200
-11.904470 -17.501050 7.678400
-11.956850 -17.209850 7.716300
-12.286560 -17.464250 8.041000
-12.307600 -17.271250 7.703100
-11.935810 -17.402850 8.054300
-11.935810 -17.402850 8.054300
-11.956850 -17.209850 7.716300
-12.286560 -17.464250 8.041000
-12.307600 -17.271250 7.703100
-12.286560 -17.464250 8.041000
-11.904470 -17.501050 7.678400
-12.255220 -17.562450 7.665200
-11.935810 -17.402850 8.054300
-11.935810 -17.402850 8.054300
-12.286560 -17.464250 8.041000
-11.904470 -17.501050 7.678400
-12.255220 -17.562450 7.665200
-11.883590 -17.627950 7.713300
-12.265680 -17.591050 8.075900
-12.234340 -17.689350 7.700100
-11.914930 -17.529750 8.089200
-11.914930 -17.529750 8.089200
-11.883590 -17.627950 7.713300
-12.265680 -17.591050 8.075900
-12.234340 -17.689350 7.700100
-12.200320 -17.923050 7.882400
-11.914930 -17.529750 8.089200
-11.849570 -17.861650 7.895600
-12.265680 -17.591050 8.075900
-12.265680 -17.591050 8.075900
-12.200320 -17.923050 7.882400
-11.914930 -17.529750 8.089200
-11.849570 -17.861650 7.895600
-12.200320 -17.923050 7.882400
-12.234340 -17.689350 7.700100
-12.265680 -17.591050 8.075900
-12.222910 -17.761150 7.730500
-12.206260 -17.875550 7.819700
-12.206260 -17.875550 7.819700
-12.200320 -17.923050 7.882400
-12.222910 -17.761150 7.730500
-12.234340 -17.689350 7.700100
-12.265680 -17.591050 8.075900
-11.883590 -17.627950 7.713300
-12.222910 -17.761150 7.730500
-11.872170 -17.699850 7.743700
-12.234340 -17.689350 7.700100
-12.234340 -17.689350 7.700100
-11.883590 -17.627950 7.713300
-12.222910 -17.761150 7.730500
-11.872170 -17.699850 7.743700
-12.200320 -17.923050 7.882400
-11.855510 -17.814150 7.832900
-12.206260 -17.875550 7.819700
-11.849570 -17.861650 7.895600
-11.849570 -17.861650 7.895600
-12.200320 -17.923050 7.882400
-11.855510 -17.814150 7.832900
-12.206260 -17.875550 7.819700
-11.905860 -17.419850 8.299300
-11.937670 -17.444150 8.295600
-11.902600 -17.437950 8.297000
-11.940940 -17.425950 8.298000
-11.940940 -17.425950 8.298000
-11.905860 -17.419850 8.299300
-11.937670 -17.444150 8.295600
-11.902600 -17.437950 8.297000
-11.934450 -17.461050 8.288600
-11.899380 -17.454850 8.289900
-11.934450 -17.461050 8.288600
-11.899380 -17.454850 8.289900
-11.915760 -17.351850 8.246300
-11.914390 -17.351750 8.209400
-11.915490 -17.349450 8.227900
-11.912530 -17.358750 8.192300
-11.915170 -17.358950 8.263500
-11.910030 -17.369850 8.177600
-11.913770 -17.370150 8.278300
-11.907070 -17.384350 8.166300
-11.911650 -17.384650 8.289700
-11.903850 -17.401250 8.159300
-11.908950 -17.401650 8.296800
-11.900580 -17.419450 8.156900
-11.905860 -17.419850 8.299300
-11.897490 -17.437550 8.159400
-11.902600 -17.437950 8.297000
-11.894800 -17.454550 8.166600
-11.899380 -17.454850 8.289900
-11.892680 -17.469150 8.177900
-11.896420 -17.469450 8.278600
-11.891270 -17.480350 8.192700
-11.893920 -17.480550 8.263900
-11.890680 -17.487350 8.209900
-11.892050 -17.487450 8.246800
-11.890950 -17.489850 8.228400
-11.890950 -17.489850 8.228400
-11.892050 -17.487450 8.246800
-11.890680 -17.487350 8.209900
-11.893920 -17.480550 8.263900
-11.891270 -17.480350 8.192700
-11.896420 -17.469450 8.278600
-11.892680 -17.469150 8.177900
-11.899380 -17.454850 8.289900
-11.894800 -17.454550 8.166600
-11.902600 -17.437950 8.297000
-11.897490 -17.437550 8.159400
-11.905860 -17.419850 8.299300
-11.900580 -17.419450 8.156900
-11.908950 -17.401650 8.296800
-11.903850 -17.401250 8.159300
-11.911650 -17.384650 8.289700
-11.907070 -17.384350 8.166300
-11.913770 -17.370150 8.278300
-11.910030 -17.369850 8.177600
-11.915170 -17.358950 8.263500
-11.912530 -17.358750 8.192300
-11.915760 -17.351850 8.246300
-11.914390 -17.351750 8.209400
-11.915490 -17.349450 8.227900
-11.908950 -17.401650 8.296800
-11.944030 -17.407750 8.295500
-11.944030 -17.407750 8.295500
-11.908950 -17.401650 8.296800
-11.931490 -17.475550 8.277300
-11.896420 -17.469450 8.278600
-11.931490 -17.475550 8.277300
-11.896420 -17.469450 8.278600
-11.942140 -17.390450 8.165000
-11.910030 -17.369850 8.177600
-11.907070 -17.384350 8.166300
-11.945110 -17.375950 8.176300
-11.945110 -17.375950 8.176300
-11.942140 -17.390450 8.165000
-11.910030 -17.369850 8.177600
-11.907070 -17.384350 8.166300
-11.947610 -17.364850 8.191000
-11.912530 -17.358750 8.192300
-11.912530 -17.358750 8.192300
-11.947610 -17.364850 8.191000
-11.949470 -17.357850 8.208100
-11.914390 -17.351750 8.209400
-11.914390 -17.351750 8.209400
-11.949470 -17.357850 8.208100
-11.950570 -17.355550 8.226500
-11.915490 -17.349450 8.227900
-11.915490 -17.349450 8.227900
-11.950570 -17.355550 8.226500
-11.950830 -17.357950 8.245000
-11.915760 -17.351850 8.246300
-11.915760 -17.351850 8.246300
-11.950830 -17.357950 8.245000
-11.950250 -17.365050 8.262200
-11.915170 -17.358950 8.263500
-11.915170 -17.358950 8.263500
-11.950250 -17.365050 8.262200
-11.948850 -17.376250 8.277000
-11.913770 -17.370150 8.278300
-11.913770 -17.370150 8.278300
-11.948850 -17.376250 8.277000
-11.946720 -17.390850 8.288300
-11.911650 -17.384650 8.289700
-11.946720 -17.390850 8.288300
-11.911650 -17.384650 8.289700
-11.893920 -17.480550 8.263900
-11.928990 -17.486650 8.262600
-11.893920 -17.480550 8.263900
-11.928990 -17.486650 8.262600
-11.892050 -17.487450 8.246800
-11.927130 -17.493650 8.245500
-11.892050 -17.487450 8.246800
-11.927130 -17.493650 8.245500
-11.890950 -17.489850 8.228400
-11.926030 -17.495950 8.227000
-11.890950 -17.489850 8.228400
-11.926030 -17.495950 8.227000
-11.890680 -17.487350 8.209900
-11.925760 -17.493550 8.208600
-11.890680 -17.487350 8.209900
-11.925760 -17.493550 8.208600
-11.891270 -17.480350 8.192700
-11.926350 -17.486450 8.191400
-11.891270 -17.480350 8.192700
-11.926350 -17.486450 8.191400
-11.892680 -17.469150 8.177900
-11.927750 -17.475250 8.176600
-11.892680 -17.469150 8.177900
-11.927750 -17.475250 8.176600
-11.894800 -17.454550 8.166600
-11.929870 -17.460650 8.165200
-11.929870 -17.460650 8.165200
-11.894800 -17.454550 8.166600
-11.897490 -17.437550 8.159400
-11.932570 -17.443750 8.158100
-11.932570 -17.443750 8.158100
-11.897490 -17.437550 8.159400
-11.900580 -17.419450 8.156900
-11.935650 -17.425550 8.155600
-11.935650 -17.425550 8.155600
-11.900580 -17.419450 8.156900
-11.903850 -17.401250 8.159300
-11.938920 -17.407350 8.157900
-11.938920 -17.407350 8.157900
-11.903850 -17.401250 8.159300
-7.202320 -17.875950 -4.999980
-7.111860 -17.657550 -5.039350
-7.111860 -17.657550 -4.999980
-7.202320 -17.875950 -5.039350
-7.202320 -17.875950 -5.039350
-7.202320 -17.875950 -4.999980
-7.111860 -17.657550 -5.039350
-7.111860 -17.657550 -4.999980
-7.233170 -18.110250 -4.999980
-7.233170 -18.110250 -5.039350
-7.233170 -18.110250 -5.039350
-7.233170 -18.110250 -4.999980
-5.453050 -17.875950 -5.039350
-5.453050 -18.344650 -5.039350
-5.422150 -18.110250 -5.039350
-5.543450 -17.657550 -5.039350
-5.543450 -18.563050 -5.039350
-5.687350 -17.469950 -5.039350
-5.635350 -18.110250 -5.039350
-5.658950 -17.931050 -5.039350
-5.728150 -17.764150 -5.039350
-5.874900 -17.326050 -5.039350
-5.838130 -17.620750 -5.039350
-5.981510 -17.510750 -5.039350
-6.093300 -17.235650 -5.039350
-6.148480 -17.441550 -5.039350
-6.327660 -17.204750 -5.039350
-6.327660 -17.417950 -5.039350
-6.562030 -17.235650 -5.039350
-6.506840 -17.441550 -5.039350
-6.673810 -17.510750 -5.039350
-6.780420 -17.326050 -5.039350
-6.817190 -17.620750 -5.039350
-6.967950 -17.469950 -5.039350
-6.927210 -17.764150 -5.039350
-6.996370 -17.931050 -5.039350
-7.111860 -17.657550 -5.039350
-7.019960 -18.110250 -5.039350
-5.687350 -18.750550 -5.039350
-5.658950 -18.289450 -5.039350
-5.728150 -18.456450 -5.039350
-5.874900 -18.894450 -5.039350
-5.838130 -18.599750 -5.039350
-5.981510 -18.709850 -5.039350
-6.093300 -18.984950 -5.039350
-6.148480 -18.778950 -5.039350
-6.327660 -19.015750 -5.039350
-6.327660 -18.802550 -5.039350
-6.506840 -18.778950 -5.039350
-6.562030 -18.984950 -5.039350
-6.673810 -18.709850 -5.039350
-6.780420 -18.894450 -5.039350
-6.817190 -18.599750 -5.039350
-6.967950 -18.750550 -5.039350
-6.927210 -18.456450 -5.039350
-6.996370 -18.289450 -5.039350
-7.111860 -18.563050 -5.039350
-7.202320 -17.875950 -5.039350
-7.202320 -18.344650 -5.039350
-7.233170 -18.110250 -5.039350
-7.233170 -18.110250 -5.039350
-7.202320 -17.875950 -5.039350
-7.202320 -18.344650 -5.039350
-7.111860 -18.563050 -5.039350
-7.111860 -17.657550 -5.039350
-7.019960 -18.110250 -5.039350
-6.996370 -18.289450 -5.039350
-6.967950 -18.750550 -5.039350
-6.927210 -18.456450 -5.039350
-6.817190 -18.599750 -5.039350
-6.780420 -18.894450 -5.039350
-6.673810 -18.709850 -5.039350
-6.562030 -18.984950 -5.039350
-6.506840 -18.778950 -5.039350
-6.327660 -19.015750 -5.039350
-6.327660 -18.802550 -5.039350
-6.148480 -18.778950 -5.039350
-6.093300 -18.984950 -5.039350
-5.981510 -18.709850 -5.039350
-5.874900 -18.894450 -5.039350
-5.838130 -18.599750 -5.039350
-5.728150 -18.456450 -5.039350
-5.687350 -18.750550 -5.039350
-5.658950 -18.289450 -5.039350
-5.635350 -18.110250 -5.039350
-5.543450 -18.563050 -5.039350
-6.996370 -17.931050 -5.039350
-6.967950 -17.469950 -5.039350
-6.927210 -17.764150 -5.039350
-6.817190 -17.620750 -5.039350
-6.780420 -17.326050 -5.039350
-6.673810 -17.510750 -5.039350
-6.562030 -17.235650 -5.039350
-6.506840 -17.441550 -5.039350
-6.327660 -17.417950 -5.039350
-6.327660 -17.204750 -5.039350
-6.148480 -17.441550 -5.039350
-6.093300 -17.235650 -5.039350
-5.981510 -17.510750 -5.039350
-5.874900 -17.326050 -5.039350
-5.838130 -17.620750 -5.039350
-5.728150 -17.764150 -5.039350
-5.687350 -17.469950 -5.039350
-5.658950 -17.931050 -5.039350
-5.543450 -17.657550 -5.039350
-5.453050 -18.344650 -5.039350
-5.453050 -17.875950 -5.039350
-5.422150 -18.110250 -5.039350
-6.967950 -17.469950 -5.039350
-6.967950 -17.469950 -4.999980
-6.967950 -17.469950 -5.039350
-6.967950 -17.469950 -4.999980
-7.202320 -18.344650 -4.999980
-7.202320 -18.344650 -5.039350
-7.202320 -18.344650 -5.039350
-7.202320 -18.344650 -4.999980
-5.422150 -18.110250 -5.039350
-5.453050 -17.875950 -4.999980
-5.453050 -17.875950 -5.039350
-5.422150 -18.110250 -4.999980
-5.422150 -18.110250 -4.999980
-5.422150 -18.110250 -5.039350
-5.453050 -17.875950 -4.999980
-5.453050 -17.875950 -5.039350
-5.543450 -17.657550 -4.999980
-5.543450 -17.657550 -5.039350
-5.543450 -17.657550 -4.999980
-5.543450 -17.657550 -5.039350
-5.687350 -17.469950 -4.999980
-5.687350 -17.469950 -5.039350
-5.687350 -17.469950 -4.999980
-5.687350 -17.469950 -5.039350
-5.874900 -17.326050 -5.039350
-5.874900 -17.326050 -4.999980
-5.874900 -17.326050 -4.999980
-5.874900 -17.326050 -5.039350
-6.093300 -17.235650 -5.039350
-6.093300 -17.235650 -4.999980
-6.093300 -17.235650 -4.999980
-6.093300 -17.235650 -5.039350
-6.327660 -17.204750 -5.039350
-6.327660 -17.204750 -4.999980
-6.327660 -17.204750 -4.999980
-6.327660 -17.204750 -5.039350
-6.562030 -17.235650 -5.039350
-6.562030 -17.235650 -4.999980
-6.562030 -17.235650 -4.999980
-6.562030 -17.235650 -5.039350
-6.780420 -17.326050 -5.039350
-6.780420 -17.326050 -4.999980
-6.780420 -17.326050 -4.999980
-6.780420 -17.326050 -5.039350
-7.111860 -18.563050 -4.999980
-7.111860 -18.563050 -5.039350
-7.111860 -18.563050 -5.039350
-7.111860 -18.563050 -4.999980
-6.967950 -18.750550 -4.999980
-6.967950 -18.750550 -5.039350
-6.967950 -18.750550 -5.039350
-6.967950 -18.750550 -4.999980
-6.780420 -18.894450 -5.039350
-6.780420 -18.894450 -4.999980
-6.780420 -18.894450 -4.999980
-6.780420 -18.894450 -5.039350
-6.562030 -18.984950 -5.039350
-6.562030 -18.984950 -4.999980
-6.562030 -18.984950 -4.999980
-6.562030 -18.984950 -5.039350
-6.327660 -19.015750 -5.039350
-6.327660 -19.015750 -4.999980
-6.327660 -19.015750 -4.999980
-6.327660 -19.015750 -5.039350
-6.093300 -18.984950 -5.039350
-6.093300 -18.984950 -4.999980
-6.093300 -18.984950 -4.999980
-6.093300 -18.984950 -5.039350
-5.874900 -18.894450 -5.039350
-5.874900 -18.894450 -4.999980
-5.874900 -18.894450 -4.999980
-5.874900 -18.894450 -5.039350
-5.687350 -18.750550 -5.039350
-5.687350 -18.750550 -4.999980
-5.687350 -18.750550 -4.999980
-5.687350 -18.750550 -5.039350
-5.543450 -18.563050 -4.999980
-5.543450 -18.563050 -5.039350
-5.543450 -18.563050 -4.999980
-5.543450 -18.563050 -5.039350
-5.453050 -18.344650 -4.999980
-5.453050 -18.344650 -5.039350
-5.453050 -18.344650 -4.999980
-5.453050 -18.344650 -5.039350
-6.996370 -17.931050 -5.039350
-6.927210 -17.764150 -5.157460
-6.927210 -17.764150 -5.039350
-6.996370 -17.931050 -5.157460
-6.996370 -17.931050 -5.157460
-6.996370 -17.931050 -5.039350
-6.927210 -17.764150 -5.157460
-6.927210 -17.764150 -5.039350
-7.019960 -18.110250 -5.039350
-7.019960 -18.110250 -5.157460
-7.019960 -18.110250 -5.157460
-7.019960 -18.110250 -5.039350
-6.403720 -18.130650 -5.157460
-6.401260 -18.287950 -5.157460
-6.395850 -18.149650 -5.157460
-6.705800 -18.592450 -5.157460
-6.406400 -18.110250 -5.157460
-6.505350 -18.183850 -5.157460
-6.505350 -18.036650 -5.157460
-6.809890 -18.488450 -5.157460
-5.658950 -17.931050 -5.157460
-5.658950 -18.289450 -5.157460
-5.635350 -18.110250 -5.157460
-5.728150 -17.764150 -5.157460
-5.719250 -18.036650 -5.157460
-5.730650 -17.950350 -5.157460
-5.838130 -17.620750 -5.157460
-5.792410 -17.801250 -5.157460
-5.845430 -17.732150 -5.157460
-5.981510 -17.510750 -5.157460
-5.949530 -17.628050 -5.157460
-6.018630 -17.575050 -5.157460
-6.148480 -17.441550 -5.157460
-6.167700 -17.513250 -5.157460
-6.327660 -17.417950 -5.157460
-6.254060 -17.501950 -5.157460
-6.254060 -17.932550 -5.157460
-6.259470 -18.070950 -5.157460
-6.271980 -18.054550 -5.157460
-6.288290 -18.042050 -5.157460
-6.307280 -18.034250 -5.157460
-6.327660 -18.031550 -5.157460
-6.401260 -17.501950 -5.157460
-6.506840 -17.441550 -5.157460
-6.348040 -18.034250 -5.157460
-6.367030 -18.042050 -5.157460
-6.383340 -18.054550 -5.157460
-6.395850 -18.070950 -5.157460
-6.487630 -17.513250 -5.157460
-6.636690 -17.575050 -5.157460
-6.673810 -17.510750 -5.157460
-6.705800 -17.628050 -5.157460
-6.817190 -17.620750 -5.157460
-6.809890 -17.732150 -5.157460
-6.862910 -17.801250 -5.157460
-6.927210 -17.764150 -5.157460
-6.924660 -17.950350 -5.157460
-6.936030 -18.036650 -5.157460
-6.996370 -17.931050 -5.157460
-6.936030 -18.183850 -5.157460
-5.719250 -18.183850 -5.157460
-5.728150 -18.456450 -5.157460
-5.730650 -18.270250 -5.157460
-5.838130 -18.599750 -5.157460
-5.792410 -18.419350 -5.157460
-5.845430 -18.488450 -5.157460
-5.981510 -18.709850 -5.157460
-5.949530 -18.592450 -5.157460
-6.018630 -18.645550 -5.157460
-6.148480 -18.778950 -5.157460
-6.167700 -18.707250 -5.157460
-6.327660 -18.802550 -5.157460
-6.254060 -18.718650 -5.157460
-6.259470 -18.149650 -5.157460
-6.271980 -18.165950 -5.157460
-6.288290 -18.178450 -5.157460
-6.307280 -18.186350 -5.157460
-6.327660 -18.189050 -5.157460
-6.348040 -18.186350 -5.157460
-6.401260 -18.718650 -5.157460
-6.506840 -18.778950 -5.157460
-6.367030 -18.178450 -5.157460
-6.383340 -18.165950 -5.157460
-6.487630 -18.707250 -5.157460
-6.636690 -18.645550 -5.157460
-6.673810 -18.709850 -5.157460
-6.817190 -18.599750 -5.157460
-6.862910 -18.419350 -5.157460
-6.927210 -18.456450 -5.157460
-6.924660 -18.270250 -5.157460
-6.996370 -18.289450 -5.157460
-7.019960 -18.110250 -5.157460
-6.401260 -17.932550 -5.157460
-6.403720 -18.089850 -5.157460
-6.149970 -18.183850 -5.157460
-6.254060 -18.287950 -5.157460
-6.248920 -18.110250 -5.157460
-6.251600 -18.130650 -5.157460
-6.149970 -18.036650 -5.157460
-6.251600 -18.089850 -5.157460
-6.149970 -18.183850 -5.157460
-6.149970 -18.036650 -5.157460
-5.719250 -18.183850 -5.157460
-5.719250 -18.036650 -5.157460
-6.259470 -18.070950 -5.157460
-6.254060 -17.932550 -5.157460
-6.251600 -18.089850 -5.157460
-6.248920 -18.110250 -5.157460
-5.949530 -17.628050 -5.157460
-5.845430 -17.732150 -5.157460
-6.254060 -18.718650 -5.157460
-6.259470 -18.149650 -5.157460
-6.254060 -18.287950 -5.157460
-6.251600 -18.130650 -5.157460
-5.949530 -18.592450 -5.157460
-5.845430 -18.488450 -5.157460
-6.809890 -17.732150 -5.157460
-6.705800 -17.628050 -5.157460
-6.505350 -18.036650 -5.157460
-6.406400 -18.110250 -5.157460
-6.403720 -18.089850 -5.157460
-6.401260 -17.932550 -5.157460
-6.401260 -17.501950 -5.157460
-6.395850 -18.070950 -5.157460
-6.936030 -18.183850 -5.157460
-6.936030 -18.036650 -5.157460
-6.505350 -18.183850 -5.157460
-7.019960 -18.110250 -5.157460
-6.996370 -17.931050 -5.157460
-6.996370 -18.289450 -5.157460
-6.927210 -18.456450 -5.157460
-6.924660 -18.270250 -5.157460
-6.862910 -18.419350 -5.157460
-6.817190 -18.599750 -5.157460
-6.809890 -18.488450 -5.157460
-6.705800 -18.592450 -5.157460
-6.673810 -18.709850 -5.157460
-6.636690 -18.645550 -5.157460
-6.506840 -18.778950 -5.157460
-6.487630 -18.707250 -5.157460
-6.401260 -18.718650 -5.157460
-6.401260 -18.287950 -5.157460
-6.395850 -18.149650 -5.157460
-6.383340 -18.165950 -5.157460
-6.367030 -18.178450 -5.157460
-6.348040 -18.186350 -5.157460
-6.327660 -18.802550 -5.157460
-6.327660 -18.189050 -5.157460
-6.307280 -18.186350 -5.157460
-6.288290 -18.178450 -5.157460
-6.271980 -18.165950 -5.157460
-6.167700 -18.707250 -5.157460
-6.148480 -18.778950 -5.157460
-6.018630 -18.645550 -5.157460
-5.981510 -18.709850 -5.157460
-5.838130 -18.599750 -5.157460
-5.792410 -18.419350 -5.157460
-5.730650 -18.270250 -5.157460
-5.728150 -18.456450 -5.157460
-5.658950 -18.289450 -5.157460
-6.927210 -17.764150 -5.157460
-6.924660 -17.950350 -5.157460
-6.862910 -17.801250 -5.157460
-6.817190 -17.620750 -5.157460
-6.673810 -17.510750 -5.157460
-6.636690 -17.575050 -5.157460
-6.506840 -17.441550 -5.157460
-6.487630 -17.513250 -5.157460
-6.383340 -18.054550 -5.157460
-6.367030 -18.042050 -5.157460
-6.348040 -18.034250 -5.157460
-6.327660 -18.031550 -5.157460
-6.327660 -17.417950 -5.157460
-6.307280 -18.034250 -5.157460
-6.288290 -18.042050 -5.157460
-6.271980 -18.054550 -5.157460
-6.254060 -17.501950 -5.157460
-6.167700 -17.513250 -5.157460
-6.148480 -17.441550 -5.157460
-6.018630 -17.575050 -5.157460
-5.981510 -17.510750 -5.157460
-5.838130 -17.620750 -5.157460
-5.792410 -17.801250 -5.157460
-5.730650 -17.950350 -5.157460
-5.728150 -17.764150 -5.157460
-5.658950 -17.931050 -5.157460
-5.635350 -18.110250 -5.157460
-6.403720 -18.130650 -5.157460
-6.817190 -17.620750 -5.157460
-6.817190 -17.620750 -5.039350
-6.817190 -17.620750 -5.157460
-6.817190 -17.620750 -5.039350
-6.996370 -18.289450 -5.039350
-6.996370 -18.289450 -5.157460
-6.996370 -18.289450 -5.157460
-6.996370 -18.289450 -5.039350
-6.148480 -17.441550 -5.039350
-6.327660 -17.417950 -5.157460
-6.148480 -17.441550 -5.157460
-6.327660 -17.417950 -5.039350
-6.327660 -17.417950 -5.039350
-6.148480 -17.441550 -5.039350
-6.327660 -17.417950 -5.157460
-6.148480 -17.441550 -5.157460
-6.506840 -17.441550 -5.157460
-6.506840 -17.441550 -5.039350
-6.506840 -17.441550 -5.039350
-6.506840 -17.441550 -5.157460
-6.673810 -17.510750 -5.157460
-6.673810 -17.510750 -5.039350
-6.673810 -17.510750 -5.039350
-6.673810 -17.510750 -5.157460
-6.927210 -18.456450 -5.039350
-6.927210 -18.456450 -5.157460
-6.927210 -18.456450 -5.157460
-6.927210 -18.456450 -5.039350
-6.817190 -18.599750 -5.039350
-6.817190 -18.599750 -5.157460
-6.817190 -18.599750 -5.157460
-6.817190 -18.599750 -5.039350
-6.673810 -18.709850 -5.157460
-6.673810 -18.709850 -5.039350
-6.673810 -18.709850 -5.039350
-6.673810 -18.709850 -5.157460
-6.506840 -18.778950 -5.157460
-6.506840 -18.778950 -5.039350
-6.506840 -18.778950 -5.039350
-6.506840 -18.778950 -5.157460
-6.327660 -18.802550 -5.157460
-6.327660 -18.802550 -5.039350
-6.327660 -18.802550 -5.039350
-6.327660 -18.802550 -5.157460
-6.148480 -18.778950 -5.157460
-6.148480 -18.778950 -5.039350
-6.148480 -18.778950 -5.039350
-6.148480 -18.778950 -5.157460
-5.981510 -18.709850 -5.157460
-5.981510 -18.709850 -5.039350
-5.981510 -18.709850 -5.039350
-5.981510 -18.709850 -5.157460
-5.838130 -18.599750 -5.157460
-5.838130 -18.599750 -5.039350
-5.838130 -18.599750 -5.039350
-5.838130 -18.599750 -5.157460
-5.728150 -18.456450 -5.039350
-5.728150 -18.456450 -5.157460
-5.728150 -18.456450 -5.039350
-5.728150 -18.456450 -5.157460
-5.658950 -18.289450 -5.039350
-5.658950 -18.289450 -5.157460
-5.658950 -18.289450 -5.039350
-5.658950 -18.289450 -5.157460
-5.635350 -18.110250 -5.039350
-5.635350 -18.110250 -5.157460
-5.635350 -18.110250 -5.039350
-5.635350 -18.110250 -5.157460
-5.658950 -17.931050 -5.039350
-5.658950 -17.931050 -5.157460
-5.658950 -17.931050 -5.039350
-5.658950 -17.931050 -5.157460
-5.728150 -17.764150 -5.039350
-5.728150 -17.764150 -5.157460
-5.728150 -17.764150 -5.039350
-5.728150 -17.764150 -5.157460
-5.838130 -17.620750 -5.039350
-5.838130 -17.620750 -5.157460
-5.838130 -17.620750 -5.039350
-5.838130 -17.620750 -5.157460
-5.981510 -17.510750 -5.157460
-5.981510 -17.510750 -5.039350
-5.981510 -17.510750 -5.039350
-5.981510 -17.510750 -5.157460
-5.730650 -17.950350 -5.551160
-5.792410 -17.801250 -5.157460
-5.792410 -17.801250 -5.551160
-5.730650 -17.950350 -5.157460
-5.730650 -17.950350 -5.157460
-5.730650 -17.950350 -5.551160
-5.792410 -17.801250 -5.157460
-5.792410 -17.801250 -5.551160
-5.845430 -17.732150 -5.157460
-5.845430 -17.732150 -5.551160
-5.845430 -17.732150 -5.157460
-5.845430 -17.732150 -5.551160
-5.730650 -17.950350 -5.551160
-6.149970 -18.036650 -5.551160
-5.719250 -18.036650 -5.551160
-5.792410 -17.801250 -5.551160
-5.845430 -17.732150 -5.551160
-5.845430 -17.732150 -5.551160
-5.792410 -17.801250 -5.551160
-6.149970 -18.036650 -5.551160
-5.730650 -17.950350 -5.551160
-5.719250 -18.036650 -5.551160
-5.719250 -18.036650 -5.551160
-5.719250 -18.036650 -5.157460
-5.719250 -18.036650 -5.157460
-5.719250 -18.036650 -5.551160
-5.845430 -17.732150 -5.157460
-6.149970 -18.036650 -5.551160
-5.845430 -17.732150 -5.551160
-6.149970 -18.036650 -5.157460
-6.149970 -18.036650 -5.157460
-5.845430 -17.732150 -5.157460
-6.149970 -18.036650 -5.551160
-5.845430 -17.732150 -5.551160
-6.149970 -18.036650 -5.157460
-5.719250 -18.036650 -5.551160
-6.149970 -18.036650 -5.551160
-5.719250 -18.036650 -5.157460
-5.719250 -18.036650 -5.157460
-6.149970 -18.036650 -5.157460
-5.719250 -18.036650 -5.551160
-6.149970 -18.036650 -5.551160
-5.792410 -18.419350 -5.551160
-5.730650 -18.270250 -5.157460
-5.730650 -18.270250 -5.551160
-5.792410 -18.419350 -5.157460
-5.792410 -18.419350 -5.157460
-5.792410 -18.419350 -5.551160
-5.730650 -18.270250 -5.157460
-5.730650 -18.270250 -5.551160
-5.719250 -18.183850 -5.157460
-5.719250 -18.183850 -5.551160
-5.719250 -18.183850 -5.157460
-5.719250 -18.183850 -5.551160
-6.149970 -18.183850 -5.551160
-5.730650 -18.270250 -5.551160
-5.719250 -18.183850 -5.551160
-5.792410 -18.419350 -5.551160
-5.845430 -18.488450 -5.551160
-5.845430 -18.488450 -5.551160
-6.149970 -18.183850 -5.551160
-5.792410 -18.419350 -5.551160
-5.730650 -18.270250 -5.551160
-5.719250 -18.183850 -5.551160
-5.845430 -18.488450 -5.551160
-5.845430 -18.488450 -5.157460
-5.845430 -18.488450 -5.157460
-5.845430 -18.488450 -5.551160
-5.719250 -18.183850 -5.157460
-6.149970 -18.183850 -5.551160
-5.719250 -18.183850 -5.551160
-6.149970 -18.183850 -5.157460
-6.149970 -18.183850 -5.157460
-5.719250 -18.183850 -5.157460
-6.149970 -18.183850 -5.551160
-5.719250 -18.183850 -5.551160
-6.149970 -18.183850 -5.157460
-5.845430 -18.488450 -5.551160
-6.149970 -18.183850 -5.551160
-5.845430 -18.488450 -5.157460
-5.845430 -18.488450 -5.157460
-6.149970 -18.183850 -5.157460
-5.845430 -18.488450 -5.551160
-6.149970 -18.183850 -5.551160
-6.167700 -18.707250 -5.157460
-6.018630 -18.645550 -5.551160
-6.167700 -18.707250 -5.551160
-6.018630 -18.645550 -5.157460
-6.018630 -18.645550 -5.157460
-6.167700 -18.707250 -5.157460
-6.018630 -18.645550 -5.551160
-6.167700 -18.707250 -5.551160
-5.949530 -18.592450 -5.551160
-5.949530 -18.592450 -5.157460
-5.949530 -18.592450 -5.157460
-5.949530 -18.592450 -5.551160
-6.254060 -18.287950 -5.551160
-6.018630 -18.645550 -5.551160
-5.949530 -18.592450 -5.551160
-6.167700 -18.707250 -5.551160
-6.254060 -18.718650 -5.551160
-6.254060 -18.718650 -5.551160
-6.254060 -18.287950 -5.551160
-6.167700 -18.707250 -5.551160
-6.018630 -18.645550 -5.551160
-5.949530 -18.592450 -5.551160
-6.254060 -18.718650 -5.157460
-6.254060 -18.718650 -5.551160
-6.254060 -18.718650 -5.157460
-6.254060 -18.718650 -5.551160
-5.949530 -18.592450 -5.157460
-6.254060 -18.287950 -5.551160
-5.949530 -18.592450 -5.551160
-6.254060 -18.287950 -5.157460
-6.254060 -18.287950 -5.157460
-5.949530 -18.592450 -5.157460
-6.254060 -18.287950 -5.551160
-5.949530 -18.592450 -5.551160
-6.254060 -18.718650 -5.157460
-6.254060 -18.287950 -5.551160
-6.254060 -18.287950 -5.157460
-6.254060 -18.718650 -5.551160
-6.254060 -18.718650 -5.551160
-6.254060 -18.718650 -5.157460
-6.254060 -18.287950 -5.551160
-6.254060 -18.287950 -5.157460
-6.487630 -18.707250 -5.157460
-6.401260 -18.718650 -5.551160
-6.487630 -18.707250 -5.551160
-6.401260 -18.718650 -5.157460
-6.401260 -18.718650 -5.157460
-6.487630 -18.707250 -5.157460
-6.401260 -18.718650 -5.551160
-6.487630 -18.707250 -5.551160
-6.401260 -18.718650 -5.551160
-6.401260 -18.287950 -5.157460
-6.401260 -18.287950 -5.551160
-6.401260 -18.718650 -5.157460
-6.401260 -18.718650 -5.157460
-6.401260 -18.718650 -5.551160
-6.401260 -18.287950 -5.157460
-6.401260 -18.287950 -5.551160
-6.705800 -18.592450 -5.551160
-6.401260 -18.718650 -5.551160
-6.401260 -18.287950 -5.551160
-6.487630 -18.707250 -5.551160
-6.636690 -18.645550 -5.551160
-6.636690 -18.645550 -5.551160
-6.705800 -18.592450 -5.551160
-6.487630 -18.707250 -5.551160
-6.401260 -18.718650 -5.551160
-6.401260 -18.287950 -5.551160
-6.636690 -18.645550 -5.157460
-6.636690 -18.645550 -5.551160
-6.636690 -18.645550 -5.157460
-6.636690 -18.645550 -5.551160
-6.401260 -18.287950 -5.157460
-6.705800 -18.592450 -5.551160
-6.401260 -18.287950 -5.551160
-6.705800 -18.592450 -5.157460
-6.705800 -18.592450 -5.157460
-6.401260 -18.287950 -5.157460
-6.705800 -18.592450 -5.551160
-6.401260 -18.287950 -5.551160
-6.705800 -18.592450 -5.157460
-6.705800 -18.592450 -5.551160
-6.705800 -18.592450 -5.157460
-6.705800 -18.592450 -5.551160
-6.809890 -18.488450 -5.157460
-6.505350 -18.183850 -5.551160
-6.809890 -18.488450 -5.551160
-6.505350 -18.183850 -5.157460
-6.505350 -18.183850 -5.157460
-6.809890 -18.488450 -5.157460
-6.505350 -18.183850 -5.551160
-6.809890 -18.488450 -5.551160
-6.505350 -18.183850 -5.157460
-6.936030 -18.183850 -5.551160
-6.505350 -18.183850 -5.551160
-6.936030 -18.183850 -5.157460
-6.936030 -18.183850 -5.157460
-6.505350 -18.183850 -5.157460
-6.936030 -18.183850 -5.551160
-6.505350 -18.183850 -5.551160
-6.936030 -18.183850 -5.551160
-6.809890 -18.488450 -5.551160
-6.505350 -18.183850 -5.551160
-6.862910 -18.419350 -5.551160
-6.924660 -18.270250 -5.551160
-6.924660 -18.270250 -5.551160
-6.936030 -18.183850 -5.551160
-6.862910 -18.419350 -5.551160
-6.809890 -18.488450 -5.551160
-6.505350 -18.183850 -5.551160
-6.809890 -18.488450 -5.157460
-6.862910 -18.419350 -5.551160
-6.862910 -18.419350 -5.157460
-6.809890 -18.488450 -5.551160
-6.809890 -18.488450 -5.551160
-6.809890 -18.488450 -5.157460
-6.862910 -18.419350 -5.551160
-6.862910 -18.419350 -5.157460
-6.924660 -18.270250 -5.157460
-6.936030 -18.183850 -5.551160
-6.936030 -18.183850 -5.157460
-6.924660 -18.270250 -5.551160
-6.924660 -18.270250 -5.551160
-6.924660 -18.270250 -5.157460
-6.936030 -18.183850 -5.551160
-6.936030 -18.183850 -5.157460
-6.936030 -18.036650 -5.157460
-6.505350 -18.036650 -5.551160
-6.936030 -18.036650 -5.551160
-6.505350 -18.036650 -5.157460
-6.505350 -18.036650 -5.157460
-6.936030 -18.036650 -5.157460
-6.505350 -18.036650 -5.551160
-6.936030 -18.036650 -5.551160
-6.505350 -18.036650 -5.157460
-6.809890 -17.732150 -5.551160
-6.505350 -18.036650 -5.551160
-6.809890 -17.732150 -5.157460
-6.809890 -17.732150 -5.157460
-6.505350 -18.036650 -5.157460
-6.809890 -17.732150 -5.551160
-6.505350 -18.036650 -5.551160
-6.809890 -17.732150 -5.551160
-6.936030 -18.036650 -5.551160
-6.505350 -18.036650 -5.551160
-6.862910 -17.801250 -5.551160
-6.924660 -17.950350 -5.551160
-6.924660 -17.950350 -5.551160
-6.862910 -17.801250 -5.551160
-6.936030 -18.036650 -5.551160
-6.809890 -17.732150 -5.551160
-6.505350 -18.036650 -5.551160
-6.936030 -18.036650 -5.157460
-6.924660 -17.950350 -5.551160
-6.924660 -17.950350 -5.157460
-6.936030 -18.036650 -5.551160
-6.936030 -18.036650 -5.551160
-6.936030 -18.036650 -5.157460
-6.924660 -17.950350 -5.551160
-6.924660 -17.950350 -5.157460
-6.862910 -17.801250 -5.157460
-6.809890 -17.732150 -5.551160
-6.809890 -17.732150 -5.157460
-6.862910 -17.801250 -5.551160
-6.862910 -17.801250 -5.551160
-6.862910 -17.801250 -5.157460
-6.809890 -17.732150 -5.551160
-6.809890 -17.732150 -5.157460
-6.487630 -17.513250 -5.157460
-6.636690 -17.575050 -5.551160
-6.487630 -17.513250 -5.551160
-6.636690 -17.575050 -5.157460
-6.636690 -17.575050 -5.157460
-6.487630 -17.513250 -5.157460
-6.636690 -17.575050 -5.551160
-6.487630 -17.513250 -5.551160
-6.705800 -17.628050 -5.551160
-6.705800 -17.628050 -5.157460
-6.705800 -17.628050 -5.157460
-6.705800 -17.628050 -5.551160
-6.487630 -17.513250 -5.551160
-6.401260 -17.932550 -5.551160
-6.401260 -17.501950 -5.551160
-6.705800 -17.628050 -5.551160
-6.636690 -17.575050 -5.551160
-6.636690 -17.575050 -5.551160
-6.487630 -17.513250 -5.551160
-6.705800 -17.628050 -5.551160
-6.401260 -17.932550 -5.551160
-6.401260 -17.501950 -5.551160
-6.401260 -17.501950 -5.157460
-6.401260 -17.501950 -5.551160
-6.401260 -17.501950 -5.157460
-6.401260 -17.501950 -5.551160
-6.705800 -17.628050 -5.157460
-6.401260 -17.932550 -5.551160
-6.705800 -17.628050 -5.551160
-6.401260 -17.932550 -5.157460
-6.401260 -17.932550 -5.157460
-6.705800 -17.628050 -5.157460
-6.401260 -17.932550 -5.551160
-6.705800 -17.628050 -5.551160
-6.401260 -17.932550 -5.551160
-6.401260 -17.501950 -5.157460
-6.401260 -17.501950 -5.551160
-6.401260 -17.932550 -5.157460
-6.401260 -17.932550 -5.157460
-6.401260 -17.932550 -5.551160
-6.401260 -17.501950 -5.157460
-6.401260 -17.501950 -5.551160
-6.254060 -17.932550 -5.157460
-6.254060 -17.501950 -5.551160
-6.254060 -17.501950 -5.157460
-6.254060 -17.932550 -5.551160
-6.254060 -17.932550 -5.551160
-6.254060 -17.932550 -5.157460
-6.254060 -17.501950 -5.551160
-6.254060 -17.501950 -5.157460
-6.254060 -17.932550 -5.157460
-5.949530 -17.628050 -5.551160
-6.254060 -17.932550 -5.551160
-5.949530 -17.628050 -5.157460
-5.949530 -17.628050 -5.157460
-6.254060 -17.932550 -5.157460
-5.949530 -17.628050 -5.551160
-6.254060 -17.932550 -5.551160
-6.018630 -17.575050 -5.551160
-6.254060 -17.932550 -5.551160
-5.949530 -17.628050 -5.551160
-6.167700 -17.513250 -5.551160
-6.254060 -17.501950 -5.551160
-6.254060 -17.501950 -5.551160
-6.167700 -17.513250 -5.551160
-6.254060 -17.932550 -5.551160
-6.018630 -17.575050 -5.551160
-5.949530 -17.628050 -5.551160
-6.167700 -17.513250 -5.157460
-6.254060 -17.501950 -5.551160
-6.167700 -17.513250 -5.551160
-6.254060 -17.501950 -5.157460
-6.254060 -17.501950 -5.157460
-6.167700 -17.513250 -5.157460
-6.254060 -17.501950 -5.551160
-6.167700 -17.513250 -5.551160
-5.949530 -17.628050 -5.157460
-6.018630 -17.575050 -5.551160
-5.949530 -17.628050 -5.551160
-6.018630 -17.575050 -5.157460
-6.018630 -17.575050 -5.157460
-5.949530 -17.628050 -5.157460
-6.018630 -17.575050 -5.551160
-5.949530 -17.628050 -5.551160
-6.288290 -18.178450 -5.118090
-6.307280 -18.186350 -5.157460
-6.288290 -18.178450 -5.157460
-6.307280 -18.186350 -5.118090
-6.307280 -18.186350 -5.118090
-6.288290 -18.178450 -5.118090
-6.307280 -18.186350 -5.157460
-6.288290 -18.178450 -5.157460
-6.271980 -18.165950 -5.118090
-6.271980 -18.165950 -5.157460
-6.271980 -18.165950 -5.118090
-6.271980 -18.165950 -5.157460
-6.251600 -18.089850 -5.118090
-6.251600 -18.130650 -5.118090
-6.248920 -18.110250 -5.118090
-6.259470 -18.070950 -5.118090
-6.259470 -18.149650 -5.118090
-6.271980 -18.165950 -5.118090
-6.271980 -18.054550 -5.118090
-6.288290 -18.178450 -5.118090
-6.288290 -18.042050 -5.118090
-6.307280 -18.186350 -5.118090
-6.307280 -18.034250 -5.118090
-6.327660 -18.189050 -5.118090
-6.327660 -18.031550 -5.118090
-6.348040 -18.186350 -5.118090
-6.348040 -18.034250 -5.118090
-6.367030 -18.178450 -5.118090
-6.367030 -18.042050 -5.118090
-6.383340 -18.165950 -5.118090
-6.383340 -18.054550 -5.118090
-6.395850 -18.149650 -5.118090
-6.395850 -18.070950 -5.118090
-6.403720 -18.130650 -5.118090
-6.403720 -18.089850 -5.118090
-6.406400 -18.110250 -5.118090
-6.406400 -18.110250 -5.118090
-6.403720 -18.089850 -5.118090
-6.403720 -18.130650 -5.118090
-6.395850 -18.070950 -5.118090
-6.395850 -18.149650 -5.118090
-6.383340 -18.054550 -5.118090
-6.383340 -18.165950 -5.118090
-6.367030 -18.042050 -5.118090
-6.367030 -18.178450 -5.118090
-6.348040 -18.034250 -5.118090
-6.348040 -18.186350 -5.118090
-6.327660 -18.031550 -5.118090
-6.327660 -18.189050 -5.118090
-6.307280 -18.034250 -5.118090
-6.307280 -18.186350 -5.118090
-6.288290 -18.042050 -5.118090
-6.288290 -18.178450 -5.118090
-6.271980 -18.054550 -5.118090
-6.271980 -18.165950 -5.118090
-6.259470 -18.070950 -5.118090
-6.259470 -18.149650 -5.118090
-6.251600 -18.130650 -5.118090
-6.251600 -18.089850 -5.118090
-6.248920 -18.110250 -5.118090
-6.327660 -18.189050 -5.157460
-6.327660 -18.189050 -5.118090
-6.327660 -18.189050 -5.118090
-6.327660 -18.189050 -5.157460
-6.259470 -18.149650 -5.157460
-6.259470 -18.149650 -5.118090
-6.259470 -18.149650 -5.157460
-6.259470 -18.149650 -5.118090
-6.395850 -18.070950 -5.157460
-6.383340 -18.054550 -5.118090
-6.383340 -18.054550 -5.157460
-6.395850 -18.070950 -5.118090
-6.395850 -18.070950 -5.118090
-6.395850 -18.070950 -5.157460
-6.383340 -18.054550 -5.118090
-6.383340 -18.054550 -5.157460
-6.403720 -18.089850 -5.157460
-6.403720 -18.089850 -5.118090
-6.403720 -18.089850 -5.118090
-6.403720 -18.089850 -5.157460
-6.406400 -18.110250 -5.157460
-6.406400 -18.110250 -5.118090
-6.406400 -18.110250 -5.118090
-6.406400 -18.110250 -5.157460
-6.403720 -18.130650 -5.157460
-6.403720 -18.130650 -5.118090
-6.403720 -18.130650 -5.118090
-6.403720 -18.130650 -5.157460
-6.395850 -18.149650 -5.157460
-6.395850 -18.149650 -5.118090
-6.395850 -18.149650 -5.118090
-6.395850 -18.149650 -5.157460
-6.383340 -18.165950 -5.157460
-6.383340 -18.165950 -5.118090
-6.383340 -18.165950 -5.118090
-6.383340 -18.165950 -5.157460
-6.367030 -18.178450 -5.118090
-6.367030 -18.178450 -5.157460
-6.367030 -18.178450 -5.118090
-6.367030 -18.178450 -5.157460
-6.348040 -18.186350 -5.118090
-6.348040 -18.186350 -5.157460
-6.348040 -18.186350 -5.118090
-6.348040 -18.186350 -5.157460
-6.251600 -18.130650 -5.157460
-6.251600 -18.130650 -5.118090
-6.251600 -18.130650 -5.157460
-6.251600 -18.130650 -5.118090
-6.248920 -18.110250 -5.157460
-6.248920 -18.110250 -5.118090
-6.248920 -18.110250 -5.157460
-6.248920 -18.110250 -5.118090
-6.251600 -18.089850 -5.157460
-6.251600 -18.089850 -5.118090
-6.251600 -18.089850 -5.157460
-6.251600 -18.089850 -5.118090
-6.259470 -18.070950 -5.157460
-6.259470 -18.070950 -5.118090
-6.259470 -18.070950 -5.157460
-6.259470 -18.070950 -5.118090
-6.271980 -18.054550 -5.157460
-6.271980 -18.054550 -5.118090
-6.271980 -18.054550 -5.157460
-6.271980 -18.054550 -5.118090
-6.288290 -18.042050 -5.118090
-6.288290 -18.042050 -5.157460
-6.288290 -18.042050 -5.118090
-6.288290 -18.042050 -5.157460
-6.307280 -18.034250 -5.118090
-6.307280 -18.034250 -5.157460
-6.307280 -18.034250 -5.118090
-6.307280 -18.034250 -5.157460
-6.327660 -18.031550 -5.118090
-6.327660 -18.031550 -5.157460
-6.327660 -18.031550 -5.118090
-6.327660 -18.031550 -5.157460
-6.348040 -18.034250 -5.118090
-6.348040 -18.034250 -5.157460
-6.348040 -18.034250 -5.118090
-6.348040 -18.034250 -5.157460
-6.367030 -18.042050 -5.118090
-6.367030 -18.042050 -5.157460
-6.367030 -18.042050 -5.118090
-6.367030 -18.042050 -5.157460
15.735450 25.909320 -11.811000
15.720650 31.496050 -11.811000
15.775450 28.702810 -11.811000
15.600750 23.118800 -11.811000
-15.775450 31.496050 -11.811000
15.371250 20.334450 -11.811000
15.047450 17.559550 -11.811000
14.629650 14.797150 -11.811000
14.118350 12.050550 -11.811000
13.514050 9.322950 -11.811000
12.817550 6.617350 -11.811000
12.029650 3.936950 -11.811000
10.822350 0.231750 -11.811000
9.525550 -3.443150 -11.811000
8.140250 -7.085550 -11.811000
6.667050 -10.693350 -11.811000
5.106850 -14.264450 -11.811000
1.729450 -21.287950 -11.811000
-0.085950 -24.736350 -11.811000
-1.984250 -28.139650 -11.811000
-3.964450 -31.496050 -11.811000
-15.775450 -31.496050 -11.811000
-15.775450 -31.496050 -11.811000
-3.964450 -31.496050 -11.811000
-15.775450 31.496050 -11.811000
-1.984250 -28.139650 -11.811000
-0.085950 -24.736350 -11.811000
1.729450 -21.287950 -11.811000
5.106850 -14.264450 -11.811000
6.667050 -10.693350 -11.811000
8.140250 -7.085550 -11.811000
9.525550 -3.443150 -11.811000
10.822350 0.231750 -11.811000
12.029650 3.936950 -11.811000
12.817550 6.617350 -11.811000
13.514050 9.322950 -11.811000
14.118350 12.050550 -11.811000
14.629650 14.797150 -11.811000
15.047450 17.559550 -11.811000
15.371250 20.334450 -11.811000
15.600750 23.118800 -11.811000
15.720650 31.496050 -11.811000
15.735450 25.909320 -11.811000
15.775450 28.702810 -11.811000
-3.964450 -31.496050 11.811000
-15.775450 -31.496050 -11.811000
-3.964450 -31.496050 -11.811000
-15.775450 -31.496050 11.811000
-15.775450 -31.496050 11.811000
-3.964450 -31.496050 11.811000
-15.775450 -31.496050 -11.811000
-3.964450 -31.496050 -11.811000
-15.775450 -31.496050 -11.811000
-15.775450 31.496050 11.811000
-15.775450 31.496050 -11.811000
-15.775450 -31.496050 11.811000
-15.775450 -31.496050 11.811000
-15.775450 -31.496050 -11.811000
-15.775450 31.496050 11.811000
-15.775450 31.496050 -11.811000
-15.775450 31.496050 11.811000
15.720650 31.496050 -11.811000
-15.775450 31.496050 -11.811000
15.720650 31.496050 11.811000
15.720650 31.496050 11.811000
-15.775450 31.496050 11.811000
15.720650 31.496050 -11.811000
-15.775450 31.496050 -11.811000
13.514050 9.322950 11.811000
14.118350 12.050550 -11.811000
14.118350 12.050550 11.811000
13.514050 9.322950 -11.811000
14.629650 14.797150 -11.811000
14.629650 14.797150 11.811000
12.817550 6.617350 11.811000
12.817550 6.617350 -11.811000
15.047450 17.559550 -11.811000
15.047450 17.559550 11.811000
12.029650 3.936950 11.811000
12.029650 3.936950 -11.811000
15.371250 20.334450 -11.811000
15.371250 20.334450 11.811000
10.822350 0.231750 11.811000
10.822350 0.231750 -11.811000
15.600750 23.118800 -11.811000
15.600750 23.118800 11.811000
9.525550 -3.443150 11.811000
9.525550 -3.443150 -11.811000
15.735450 25.909320 -11.811000
15.735450 25.909320 11.811000
8.140250 -7.085550 11.811000
8.140250 -7.085550 -11.811000
15.775450 28.702810 -11.811000
15.775450 28.702810 11.811000
6.667050 -10.693350 11.811000
6.667050 -10.693350 -11.811000
15.720650 31.496050 -11.811000
15.720650 31.496050 11.811000
5.106850 -14.264450 11.811000
5.106850 -14.264450 -11.811000
1.729450 -21.287950 11.811000
1.729450 -21.287950 -11.811000
-0.085950 -24.736350 11.811000
-0.085950 -24.736350 -11.811000
-1.984250 -28.139650 11.811000
-1.984250 -28.139650 -11.811000
-3.964450 -31.496050 11.811000
-3.964450 -31.496050 -11.811000
15.720650 31.496050 11.811000
15.735450 25.909320 11.811000
15.775450 28.702810 11.811000
15.600750 23.118800 11.811000
4.393650 26.957140 11.811000
1.500050 27.940380 11.811000
-15.775450 31.496050 11.811000
15.371250 20.334450 11.811000
6.909750 25.062190 11.811000
15.047450 17.559550 11.811000
14.629650 14.797150 11.811000
8.877550 22.404340 11.811000
14.118350 12.050550 11.811000
10.176350 19.174550 11.811000
13.514050 9.322950 11.811000
12.817550 6.617350 11.811000
10.731650 15.591050 11.811000
12.029650 3.936950 11.811000
10.822350 0.231750 11.811000
-1.556050 27.931440 11.811000
-4.545150 26.938000 11.811000
-7.257910 25.046610 11.811000
-9.519070 22.399780 11.811000
-11.188350 19.180550 11.811000
-12.156660 15.624850 11.811000
-13.522830 4.983450 11.811000
-14.062110 -5.041650 11.811000
-15.775450 -31.496050 11.811000
10.515250 11.912250 11.811000
9.525550 -3.443150 11.811000
8.415850 1.390850 11.811000
8.140250 -7.085550 11.811000
5.729350 -8.282650 11.811000
6.667050 -10.693350 11.811000
5.106850 -14.264450 11.811000
2.627450 -16.484750 11.811000
1.729450 -21.287950 11.811000
-0.700350 -22.683450 11.811000
-0.085950 -24.736350 11.811000
-1.984250 -28.139650 11.811000
-4.115150 -26.512250 11.811000
-3.964450 -31.496050 11.811000
-7.594140 -27.594350 11.811000
-10.546250 -25.459150 11.811000
-12.561440 -20.741050 11.811000
-13.738310 -13.804850 11.811000
