0.000005 7.203960 -3.158475
0.503295 7.565140 -3.115375
0.000005 7.631400 -3.115375
0.392665 7.152270 -3.158475
-0.503281 7.565140 -3.115375
-0.392653 7.152270 -3.158475
-0.758552 7.000710 -3.158475
0.758565 7.000710 -3.158475
-1.072756 6.759610 -3.158475
1.072765 6.759610 -3.158475
-1.313854 6.445400 -3.158475
1.313865 6.445400 -3.158475
-1.465414 6.079510 -3.158475
1.465425 6.079510 -3.158475
-1.563367 5.335480 -3.158475
1.563375 5.335480 -3.158475
-1.563367 -3.232720 -3.158475
1.563375 -3.232720 -3.158475
-1.465414 -3.976750 -3.158475
1.465425 -3.976750 -3.158475
1.313865 -4.342650 -3.158475
-1.313854 -4.342650 -3.158475
-1.072756 -4.656850 -3.158475
1.072765 -4.656850 -3.158475
-0.758552 -4.897950 -3.158475
0.758565 -4.897950 -3.158475
-0.392653 -5.049510 -3.158475
0.392665 -5.049510 -3.158475
0.000005 -5.101200 -3.158475
0.972275 7.370880 -3.115375
0.611065 7.967340 -3.018975
0.000005 8.047790 -3.018975
-0.972269 7.370880 -3.115375
-0.611052 7.967340 -3.018975
1.987155 -3.260490 -3.115375
1.878295 -4.087380 -3.115375
1.987155 5.363250 -3.115375
1.878295 6.190130 -3.115375
1.684035 6.659120 -3.115375
1.375005 7.061850 -3.115375
-1.374999 7.061850 -3.115375
-1.684024 6.659120 -3.115375
-1.878285 6.190130 -3.115375
-1.987145 5.363250 -3.115375
-1.987145 -3.260490 -3.115375
-1.878285 -4.087380 -3.115375
-1.684024 -4.556370 -3.115375
-1.374999 -4.959100 -3.115375
-0.972269 -5.268120 -3.115375
-0.503281 -5.462380 -3.115375
0.000005 -5.528640 -3.115375
0.503295 -5.462380 -3.115375
0.972275 -5.268120 -3.115375
1.375005 -4.959100 -3.115375
1.684035 -4.556370 -3.115375
1.180475 7.731480 -3.018975
0.714805 8.354510 -2.870615
0.000005 8.448620 -2.870615
-1.180466 7.731480 -3.018975
-0.714794 8.354510 -2.870615
2.399985 -3.287550 -3.018975
2.280495 -4.195150 -3.018975
2.399985 5.390310 -3.018975
2.280495 6.297900 -3.018975
2.044635 6.867320 -3.018975
1.669445 7.356290 -3.018975
-1.669432 7.356290 -3.018975
-2.044635 6.867320 -3.018975
-2.280485 6.297900 -3.018975
-2.399975 5.390310 -3.018975
-2.399975 -3.287550 -3.018975
-2.280485 -4.195150 -3.018975
-2.044635 -4.764560 -3.018975
-1.669432 -5.253530 -3.018975
-1.180466 -5.628730 -3.018975
-0.611052 -5.864590 -3.018975
0.000005 -5.945030 -3.018975
0.611065 -5.864590 -3.018975
1.180475 -5.628730 -3.018975
1.669445 -5.253530 -3.018975
2.044635 -4.764560 -3.018975
1.380895 8.078610 -2.870615
0.812845 8.720420 -2.672685
0.000005 8.827430 -2.672685
-1.380880 8.078610 -2.870615
-0.812837 8.720420 -2.672685
2.797385 -3.313600 -2.870615
2.667675 -4.298890 -2.870615
2.797385 5.416360 -2.870615
2.667675 6.401650 -2.870615
2.391765 7.067730 -2.870615
1.952875 7.639710 -2.870615
-1.952865 7.639710 -2.870615
-2.391755 7.067730 -2.870615
-2.667665 6.401650 -2.870615
-2.797375 5.416360 -2.870615
-2.797375 -3.313600 -2.870615
-2.667665 -4.298890 -2.870615
-2.391755 -4.964980 -2.870615
-1.952865 -5.536960 -2.870615
-1.380880 -5.975860 -2.870615
-0.714794 -6.251760 -2.870615
0.000005 -6.345860 -2.870615
0.714805 -6.251760 -2.870615
1.380895 -5.975860 -2.870615
1.952875 -5.536960 -2.870615
2.391765 -4.964980 -2.870615
1.570295 8.406670 -2.672685
0.903615 9.059150 -2.428365
0.000005 9.178120 -2.428365
-1.570285 8.406670 -2.672685
-0.903602 9.059150 -2.428365
2.719825 7.257140 -2.672685
2.220735 7.907570 -2.672685
-2.220725 7.907570 -2.672685
-2.719815 7.257140 -2.672685
-3.033565 6.499690 -2.672685
-3.172945 5.440970 -2.672685
-3.172945 -3.338220 -2.672685
-3.033565 -4.396930 -2.672685
-2.719815 -5.154380 -2.672685
-2.220725 -5.804820 -2.672685
-1.570285 -6.303910 -2.672685
-0.812837 -6.617660 -2.672685
0.000005 -6.724670 -2.672685
0.812845 -6.617660 -2.672685
1.570295 -6.303910 -2.672685
2.220735 -5.804820 -2.672685
2.719825 -5.154380 -2.672685
1.745635 8.710370 -2.428365
0.985635 9.365270 -2.141585
0.000005 9.495030 -2.141585
-1.745625 8.710370 -2.428365
-0.985626 9.365270 -2.141585
2.468705 8.155550 -2.428365
-2.468695 8.155550 -2.428365
-3.023525 7.432480 -2.428365
-3.372305 6.590450 -2.428365
-3.520635 5.463760 -2.428365
-3.520635 -3.361000 -2.428365
-3.372305 -4.487700 -2.428365
-3.023525 -5.329730 -2.428365
-2.468695 -6.052790 -2.428365
-1.745625 -6.607620 -2.428365
-0.903602 -6.956400 -2.428365
0.000005 -7.075360 -2.428365
0.903615 -6.956400 -2.428365
1.745635 -6.607620 -2.428365
2.468705 -6.052790 -2.428365
1.904095 8.984830 -2.141585
0.000005 9.773070 -1.816985
1.057595 9.633840 -1.816985
-1.904085 8.984830 -2.141585
-1.057588 9.633840 -1.816985
2.692795 8.379640 -2.141585
-2.692785 8.379640 -2.141585
-3.297975 7.590940 -2.141585
-3.678415 6.672480 -2.141585
-3.834835 5.484360 -2.141585
-3.834835 -3.381600 -2.141585
-3.678415 -4.569720 -2.141585
-3.297975 -5.488180 -2.141585
-2.692785 -6.276880 -2.141585
-1.904085 -6.882080 -2.141585
-0.985626 -7.262520 -2.141585
0.000005 -7.392230 -2.141585
0.985635 -7.262520 -2.141585
1.904095 -6.882080 -2.141585
2.692795 -6.276880 -2.141585
2.043115 9.225620 -1.816985
0.000005 10.001320 -1.469575
1.116675 9.854310 -1.469575
-2.043105 9.225620 -1.816985
-1.116663 9.854310 -1.469575
4.110505 -3.399670 -1.816985
4.110505 5.502420 -1.816985
2.889405 8.576240 -1.816985
-2.889395 8.576240 -1.816985
-3.538765 7.729960 -1.816985
-3.946985 6.744440 -1.816985
-4.110495 5.502420 -1.816985
-4.110495 -3.399670 -1.816985
-3.946985 -4.641680 -1.816985
-3.538765 -5.627200 -1.816985
-2.889395 -6.473490 -1.816985
-2.043105 -7.122870 -1.816985
-1.057588 -7.531130 -1.816985
0.000005 -7.670330 -1.816985
1.057595 -7.531130 -1.816985
2.043115 -7.122870 -1.816985
2.889405 -6.473490 -1.816985
2.157245 9.423290 -1.469575
0.000005 10.359900 -0.364665
1.209475 10.200670 -0.364665
-2.157235 9.423290 -1.469575
-1.209470 10.200670 -0.364665
4.167465 -4.700760 -1.469575
4.336805 -3.414500 -1.469575
4.336805 5.517250 -1.469575
4.167465 6.803520 -1.469575
-3.050785 8.737640 -1.469575
-3.736435 7.844080 -1.469575
-4.167455 6.803520 -1.469575
-4.336795 5.517250 -1.469575
-4.336795 -3.414500 -1.469575
-4.167455 -4.700760 -1.469575
-3.736435 -5.741330 -1.469575
-3.050785 -6.634890 -1.469575
-2.157235 -7.320530 -1.469575
-1.116663 -7.751530 -1.469575
0.000005 -7.898530 -1.469575
1.116675 -7.751530 -1.469575
2.157245 -7.320530 -1.469575
2.336535 9.733830 -0.364665
0.000005 10.545400 0.388615
1.257495 10.379850 0.388615
-2.336525 9.733830 -0.364665
-1.257481 10.379850 0.388615
4.513825 -5.206710 -0.364665
4.692315 -3.850950 -0.364665
4.692315 5.540560 -0.364665
4.513825 6.896320 -0.364665
4.046985 8.023370 -0.364665
-3.304345 8.991190 -0.364665
-4.046975 8.023370 -0.364665
-4.513815 6.896320 -0.364665
-4.692305 5.540560 -0.364665
-4.692305 -3.850950 -0.364665
-4.513815 -5.206710 -0.364665
-4.046975 -6.333760 -0.364665
-3.304345 -7.301580 -0.364665
-2.336525 -8.044230 -0.364665
-1.209470 -8.511030 -0.364665
0.000005 -8.670330 -0.364665
1.209475 -8.511030 -0.364665
2.336535 -8.044230 -0.364665
4.046985 -6.333760 -0.364665
2.429285 9.894480 0.388615
0.000005 10.854340 3.381395
1.337455 10.678270 3.381395
-2.429275 9.894480 0.388615
-1.337441 10.678270 3.381395
4.693005 -5.423940 0.388615
4.876225 -4.032220 0.388615
4.876225 5.552610 0.388615
4.693005 6.944330 0.388615
4.207635 8.116120 0.388615
-3.435505 9.122360 0.388615
-4.207625 8.116120 0.388615
-4.692995 6.944330 0.388615
-4.876215 5.552610 0.388615
-4.876215 -4.032220 0.388615
-4.692995 -5.423940 0.388615
-4.207625 -6.595730 0.388615
-3.435505 -7.601930 0.388615
-2.429275 -8.374130 0.388615
-1.257481 -8.859430 0.388615
0.000005 -9.025030 0.388615
1.257495 -8.859430 0.388615
2.429285 -8.374130 0.388615
4.207635 -6.595730 0.388615
2.583755 10.162030 3.381395
0.000005 10.854710 3.385435
1.337545 10.678620 3.385435
-2.583745 10.162030 3.381395
-1.337536 10.678620 3.385435
4.991425 -7.024270 3.381395
5.182535 -5.572660 3.381395
5.182535 5.572690 3.381395
4.991425 7.024290 3.381395
4.475185 8.270600 3.381395
-3.653965 9.340820 3.381395
-4.475175 8.270600 3.381395
-4.991415 7.024290 3.381395
-5.182525 5.572690 3.381395
-5.182525 -5.572660 3.381395
-4.991415 -7.024270 3.381395
-4.475175 -8.270530 3.381395
-3.653965 -9.340830 3.381395
-2.583745 -10.162030 3.381395
-1.337441 -10.678230 3.381395
0.000005 -10.854330 3.381395
1.337455 -10.678230 3.381395
2.583755 -10.162030 3.381395
4.475185 -8.270530 3.381395
2.583935 10.162350 3.385435
0.000005 10.944660 4.256395
1.360825 10.765500 4.256395
-2.583925 10.162350 3.385435
-1.360816 10.765500 4.256395
4.991775 -7.024360 3.385435
5.182895 -5.572690 3.385435
5.182895 5.572710 3.385435
4.991775 7.024390 3.385435
4.475505 8.270780 3.385435
-3.654225 9.341080 3.385435
-4.475495 8.270780 3.385435
-4.991765 7.024390 3.385435
-5.182885 5.572710 3.385435
-5.182885 -5.572690 3.385435
-4.991765 -7.024360 3.385435
-4.475495 -8.270730 3.385435
-3.654225 -9.341030 3.385435
-2.583925 -10.162330 3.385435
-1.337536 -10.678630 3.385435
0.000005 -10.854730 3.385435
1.337545 -10.678630 3.385435
2.583935 -10.162330 3.385435
4.475505 -8.270730 3.385435
2.628905 10.240240 4.256395
0.000005 11.059430 4.581325
1.390535 10.876370 4.581325
-2.628895 10.240240 4.256395
-1.390523 10.876370 4.581325
5.078655 -7.047640 4.256395
5.272065 -5.578530 4.256395
5.272065 5.578560 4.256395
5.078655 7.047670 4.256395
4.553405 8.315750 4.256395
-3.717825 9.404680 4.256395
-4.553395 8.315750 4.256395
-5.078645 7.047670 4.256395
-5.272055 5.578560 4.256395
-5.272055 -5.578530 4.256395
-5.078645 -7.047640 4.256395
-4.553395 -8.315730 4.256395
-3.717825 -9.404630 4.256395
-2.628895 -10.240230 4.256395
-1.360816 -10.765430 4.256395
0.000005 -10.944630 4.256395
1.360825 -10.765430 4.256395
2.628905 -10.240230 4.256395
4.553405 -8.315730 4.256395
2.686295 10.339640 4.581325
0.000005 11.295060 4.832805
1.451515 11.103960 4.832805
-2.686285 10.339640 4.581325
-1.451507 11.103960 4.832805
5.189525 -7.077350 4.581325
5.385865 -5.585990 4.581325
5.385865 5.586020 4.581325
5.189525 7.077380 4.581325
4.652805 8.373140 4.581325
-3.798985 9.485840 4.581325
-4.652795 8.373140 4.581325
-5.189515 7.077380 4.581325
-5.385855 5.586020 4.581325
-5.385855 -5.585990 4.581325
-5.189515 -7.077350 4.581325
-4.652795 -8.373130 4.581325
-3.798985 -9.485830 4.581325
-2.686285 -10.339630 4.581325
-1.390523 -10.876330 4.581325
0.000005 -11.059430 4.581325
1.390535 -10.876330 4.581325
2.686295 -10.339630 4.581325
4.652805 -8.373130 4.581325
2.804115 10.543700 4.832805
1.533505 11.409960 4.968465
0.000005 11.611850 4.968465
-2.804105 10.543700 4.832805
-1.533497 11.409960 4.968465
5.417115 -7.138340 4.832805
5.619475 -5.601300 4.832805
5.619475 5.601330 4.832805
5.417115 7.138360 4.832805
4.856855 8.490950 4.832805
-3.965595 9.652450 4.832805
-4.856845 8.490950 4.832805
-5.417105 7.138360 4.832805
-5.619465 5.601330 4.832805
-5.619465 -5.601300 4.832805
-5.417105 -7.138340 4.832805
-4.856845 -8.490930 4.832805
-3.965595 -9.652430 4.832805
-2.804105 -10.543630 4.832805
-1.451507 -11.103930 4.832805
0.000005 -11.295030 4.832805
1.451515 -11.103930 4.832805
2.804115 -10.543630 4.832805
4.856855 -8.490930 4.832805
2.962505 10.818050 4.968465
1.622695 11.742810 4.965465
0.000005 11.956450 4.965465
-2.962495 10.818050 4.968465
-1.622686 11.742810 4.965465
5.933555 -5.621890 4.968465
5.723115 -7.220330 4.968465
5.933555 5.621910 4.968465
5.723115 7.220350 4.968465
5.131205 8.649350 4.968465
4.189615 9.876450 4.968465
-4.189605 9.876450 4.968465
-5.131195 8.649350 4.968465
-5.723105 7.220350 4.968465
-5.933545 5.621910 4.968465
-5.933545 -5.621890 4.968465
-5.723105 -7.220330 4.968465
-5.131195 -8.649330 4.968465
-4.189605 -9.876430 4.968465
-2.962495 -10.818030 4.968465
-1.533497 -11.409930 4.968465
0.000005 -11.611830 4.968465
1.533505 -11.409930 4.968465
2.962505 -10.818030 4.968465
4.189615 -9.876430 4.968465
5.131205 -8.649330 4.968465
1.704065 12.046480 4.824305
0.000005 12.270820 4.824305
-3.134795 11.116480 4.965465
-1.704055 12.046480 4.824305
6.275205 -5.644280 4.965465
6.055975 -7.309520 4.965465
6.275205 5.644300 4.965465
6.055975 7.309540 4.965465
5.429635 8.821650 4.965465
4.433285 10.120120 4.965465
-4.433275 10.120120 4.965465
-5.429625 8.821650 4.965465
-6.055965 7.309540 4.965465
-6.275195 5.644300 4.965465
-6.275195 -5.644280 4.965465
-6.055965 -7.309520 4.965465
-5.429625 -8.821630 4.965465
-4.433275 -10.120130 4.965465
-3.134795 -11.116430 4.965465
-1.622686 -11.742830 4.965465
0.000005 -11.956430 4.965465
1.622695 -11.742830 4.965465
4.433285 -10.120130 4.965465
5.429635 -8.821630 4.965465
0.000005 12.502030 4.568765
1.763905 12.269810 4.568765
-3.291985 11.388740 4.824305
-1.763895 12.269810 4.568765
6.586895 -5.664710 4.824305
6.359635 -7.390930 4.824305
6.586895 5.664730 4.824305
6.359635 7.390910 4.824305
5.701895 8.978840 4.824305
4.655575 10.342420 4.824305
-4.655565 10.342420 4.824305
-5.701885 8.978840 4.824305
-6.359625 7.390910 4.824305
-6.586885 5.664730 4.824305
-6.586885 -5.664710 4.824305
-6.359625 -7.390930 4.824305
-5.701885 -8.978830 4.824305
-4.655565 -10.342430 4.824305
-3.291985 -11.388730 4.824305
-1.704055 -12.046430 4.824305
0.000005 -12.270830 4.824305
1.704065 -12.046430 4.824305
4.655575 -10.342430 4.824305
5.701895 -8.978830 4.824305
0.000005 12.611130 4.241875
1.792145 12.375190 4.241875
-3.407585 11.588970 4.568765
-1.792135 12.375190 4.241875
6.582965 -7.450730 4.568765
6.816125 -5.679730 4.568765
6.816125 5.679760 4.568765
6.582965 7.450750 4.568765
5.902125 9.094440 4.568765
4.819065 10.505910 4.568765
-4.819055 10.505910 4.568765
-5.902115 9.094440 4.568765
-6.582955 7.450750 4.568765
-6.816115 5.679760 4.568765
-6.816115 -5.679730 4.568765
-6.582955 -7.450730 4.568765
-5.902115 -9.094430 4.568765
-4.819055 -10.505930 4.568765
-3.407585 -11.588930 4.568765
-1.763895 -12.269830 4.568765
0.000005 -12.502030 4.568765
1.763905 -12.269830 4.568765
4.819065 -10.505930 4.568765
5.902125 -9.094430 4.568765
-3.462135 11.683450 4.241875
6.688355 -7.478930 4.241875
6.924285 -5.686820 4.241875
6.924285 5.686850 4.241875
6.688355 7.478980 4.241875
5.996615 9.148990 4.241875
4.896215 10.583060 4.241875
-4.896205 10.583060 4.241875
-5.996605 9.148990 4.241875
-6.688345 7.478980 4.241875
-6.924285 5.686850 4.241875
-6.924285 -5.686820 4.241875
-6.688345 -7.478930 4.241875
-5.996605 -9.148930 4.241875
-4.896205 -10.583030 4.241875
-3.462135 -11.683430 4.241875
-1.792135 -12.375130 4.241875
0.000005 -12.611130 4.241875
1.792145 -12.375130 4.241875
4.896215 -10.583030 4.241875
5.996615 -9.148930 4.241875
1.727985 12.135750 4.241875
0.000005 12.167470 4.358905
0.000005 12.363250 4.241875
1.677315 11.946650 4.358905
-1.727975 12.135750 4.241875
-1.677303 11.946650 4.358905
0.000005 11.946900 4.417005
1.620225 11.733600 4.417005
-3.338195 11.468780 4.241875
-3.240305 11.299230 4.358905
-1.620217 11.733600 4.417005
4.720935 10.407780 4.241875
4.582495 10.269340 4.358905
0.000005 11.718880 4.411625
1.561205 11.513340 4.411625
-4.720925 10.407780 4.241875
-4.582485 10.269340 4.358905
-3.130025 11.108220 4.417005
-1.561200 11.513340 4.411625
5.781935 9.025050 4.241875
5.612385 8.927160 4.358905
4.426535 10.113380 4.417005
0.000005 11.501300 4.343195
1.504895 11.303180 4.343195
-5.781925 9.025050 4.241875
-5.612375 8.927160 4.358905
-4.426525 10.113380 4.417005
-3.016015 10.910740 4.411625
-1.504886 11.303180 4.343195
6.448915 7.414830 4.241875
6.259805 7.364160 4.358905
5.421375 8.816880 4.417005
4.265295 9.952140 4.411625
2.907235 10.722310 4.343195
0.000005 11.311260 4.217065
1.455705 11.119610 4.217065
-6.448905 7.414830 4.241875
-6.259795 7.364160 4.358905
-5.421365 8.816880 4.417005
-4.265285 9.952140 4.411625
-2.907225 10.722310 4.343195
-1.455699 11.119610 4.217065
6.678525 5.670740 4.241875
6.484415 5.658020 4.358905
6.046755 7.307070 4.417005
5.223895 8.702860 4.411625
4.111445 9.798290 4.343195
2.812205 10.557730 4.217065
0.000005 11.163670 4.043165
1.417515 10.977050 4.043165
-6.678515 5.670740 4.241875
-6.484415 5.658020 4.358905
-6.046745 7.307070 4.417005
-5.223885 8.702860 4.411625
-4.111435 9.798290 4.343195
-2.812195 10.557730 4.217065
-1.417501 10.977050 4.043165
6.678525 -5.670720 4.241875
6.484415 -5.657990 4.358905
6.265745 5.643690 4.417005
5.826495 7.248050 4.411625
5.035465 8.594070 4.343195
2.738415 10.429920 4.043165
0.000005 11.070140 3.835135
1.393305 10.886700 3.835135
-6.678515 -5.670720 4.241875
-6.484415 -5.657990 4.358905
-6.265735 5.643690 4.417005
-5.826485 7.248050 4.411625
-5.035455 8.594070 4.343195
-3.977055 9.663900 4.217065
-2.738405 10.429920 4.043165
-1.393292 10.886700 3.835135
6.259805 -7.364130 4.358905
6.448915 -7.414830 4.241875
6.265745 -5.643660 4.417005
6.039665 5.628870 4.411625
5.616335 7.191740 4.343195
4.870885 8.499050 4.217065
2.691645 10.348910 3.835135
0.000005 11.038000 3.609325
1.384985 10.855660 3.609325
-6.259795 -7.364130 4.358905
-6.448905 -7.414830 4.241875
-6.265735 -5.643660 4.417005
-6.039655 5.628870 4.411625
-5.616325 7.191740 4.343195
-4.870875 8.499050 4.217065
-3.872695 9.559550 4.043165
-2.691635 10.348910 3.835135
-1.384974 10.855660 3.609325
5.612385 -8.927130 4.358905
5.781935 -9.025030 4.241875
6.046755 -7.307050 4.417005
6.039665 -5.628840 4.411625
5.823955 5.614730 4.343195
5.432765 7.142550 4.217065
4.743075 8.425260 4.043165
2.675575 10.321080 3.609325
0.000005 11.019090 3.368465
1.380095 10.837400 3.368465
-5.612375 -8.927130 4.358905
-5.781925 -9.025030 4.241875
-6.046745 -7.307050 4.417005
-6.039655 -5.628840 4.411625
-5.823945 5.614730 4.343195
-5.432755 7.142550 4.217065
-4.743065 8.425260 4.043165
-3.806555 9.493410 3.835135
-2.675565 10.321080 3.609325
-1.380082 10.837400 3.368465
4.582495 -10.269330 4.358905
4.720935 -10.407730 4.241875
5.421375 -8.816830 4.417005
5.826495 -7.248030 4.411625
5.823955 -5.614700 4.343195
5.635535 5.602380 4.217065
5.290205 7.104350 4.043165
4.662065 8.378490 3.835135
2.666125 10.304710 3.368465
0.000005 10.708610 0.360235
1.299735 10.537490 0.360235
-4.582485 -10.269330 4.358905
-4.720925 -10.407730 4.241875
-5.421365 -8.816830 4.417005
-5.826485 -7.248030 4.411625
-5.823945 -5.614700 4.343195
-5.635525 5.602380 4.217065
-5.290195 7.104350 4.043165
-4.662055 8.378490 3.835135
-3.783825 9.470680 3.609325
-2.666115 10.304710 3.368465
-1.299722 10.537490 0.360235
4.426535 -10.113330 4.417005
5.223895 -8.702830 4.411625
5.616335 -7.191710 4.343195
5.635535 -5.602360 4.217065
5.489215 5.592790 4.043165
5.199865 7.080150 3.835135
4.634235 8.362420 3.609325
2.510885 10.035820 0.360235
0.000005 10.518930 -0.409995
1.250645 10.354280 -0.409995
-3.240305 -11.299230 4.358905
-3.338195 -11.468730 4.241875
-4.426525 -10.113330 4.417005
-5.223885 -8.702830 4.411625
-5.616325 -7.191710 4.343195
-5.635525 -5.602360 4.217065
-5.489205 5.592790 4.043165
-5.199855 7.080150 3.835135
-4.634225 8.362420 3.609325
-3.770465 9.457320 3.368465
-2.510875 10.035820 0.360235
-1.250630 10.354280 -0.409995
1.677315 -11.946630 4.358905
1.727985 -12.135730 4.241875
4.265295 -9.952130 4.411625
5.035465 -8.594030 4.343195
5.432765 -7.142530 4.217065
5.489215 -5.592760 4.043165
5.396475 5.586710 3.835135
5.168815 7.071830 3.609325
4.617865 8.352970 3.368465
2.416045 9.871560 -0.409995
1.155575 9.999510 -1.541735
0.000005 10.151640 -1.541735
-1.677303 -11.946630 4.358905
-1.727975 -12.135730 4.241875
-3.130025 -11.108230 4.417005
-4.265285 -9.952130 4.411625
-5.035455 -8.594030 4.343195
-5.432755 -7.142530 4.217065
-5.489205 -5.592760 4.043165
-5.396465 5.586710 3.835135
-5.168805 7.071830 3.609325
-4.617855 8.352970 3.368465
-3.550915 9.237770 0.360235
-2.416035 9.871560 -0.409995
-1.155569 9.999510 -1.541735
0.000005 -12.167430 4.358905
0.000005 -12.363230 4.241875
1.620225 -11.733530 4.417005
4.111445 -9.798230 4.343195
4.870885 -8.499030 4.217065
5.290205 -7.104330 4.043165
5.396475 -5.586690 3.835135
5.364615 5.584620 3.609325
5.150555 7.066930 3.368465
4.348975 8.197730 0.360235
2.232405 9.553470 -1.541735
0.000005 9.905420 -1.916505
1.091855 9.761670 -1.916505
-1.620217 -11.733530 4.417005
-3.016015 -10.910730 4.411625
-4.111435 -9.798230 4.343195
-4.870875 -8.499030 4.217065
-5.290195 -7.104330 4.043165
-5.396465 -5.586690 3.835135
-5.364605 5.584620 3.609325
-5.150555 7.066930 3.368465
-4.348965 8.197730 0.360235
-3.416795 9.103650 -0.409995
-2.232395 9.553470 -1.541735
-1.091841 9.761670 -1.916505
0.000005 -11.946830 4.417005
1.561205 -11.513330 4.411625
2.907235 -10.722330 4.343195
4.743075 -8.425230 4.043165
5.199865 -7.080120 3.835135
5.364615 -5.584600 3.609325
5.345875 5.583390 3.368465
4.850645 6.986570 0.360235
4.184715 8.102890 -0.409995
2.109285 9.340240 -1.916505
0.000005 9.613710 -2.257075
1.016355 9.479900 -2.257075
-1.561200 -11.513330 4.411625
-2.907225 -10.722330 4.343195
-3.977055 -9.663830 4.217065
-4.743065 -8.425230 4.043165
-5.199855 -7.080120 3.835135
-5.364605 -5.584600 3.609325
-5.345865 5.583390 3.368465
-4.850645 6.986570 0.360235
-4.184705 8.102890 -0.409995
-3.157085 8.843940 -1.541735
-2.109275 9.340240 -1.916505
-1.016341 9.479900 -2.257075
0.000005 -11.718830 4.411625
1.504895 -11.303130 4.343195
2.812205 -10.557730 4.217065
4.662065 -8.378430 3.835135
5.168815 -7.071800 3.609325
5.345875 -5.583370 3.368465
5.038035 5.563220 0.360235
4.667435 6.937480 -0.409995
2.982985 8.669830 -1.916505
1.963435 9.087610 -2.257075
0.000005 9.281200 -2.557945
0.930295 9.158730 -2.557945
-1.504886 -11.303130 4.343195
-2.812195 -10.557730 4.217065
-3.872695 -9.559530 4.043165
-4.662055 -8.378430 3.835135
-5.168805 -7.071800 3.609325
-5.345865 -5.583370 3.368465
-5.038025 5.563220 0.360235
-4.667425 6.937480 -0.409995
-3.866625 7.919250 -1.541735
-2.982975 8.669830 -1.916505
-1.963425 9.087610 -2.257075
-0.930283 9.158730 -2.557945
0.000005 -11.501230 4.343195
1.455705 -11.119630 4.217065
2.738415 -10.429930 4.043165
4.634235 -8.362430 3.609325
5.150555 -7.066910 3.368465
5.038035 -4.042830 0.360235
4.849985 5.550890 -0.409995
4.312665 6.842420 -1.541735
2.776715 8.463560 -2.257075
1.797185 8.799650 -2.557945
0.000005 8.913270 -2.814285
0.835065 8.803340 -2.814285
-1.455699 -11.119630 4.217065
-2.738405 -10.429930 4.043165
-3.806555 -9.493430 3.835135
-4.634225 -8.362430 3.609325
-5.150555 -7.066910 3.368465
-5.038025 -4.042830 0.360235
-4.849975 5.550890 -0.409995
-4.312655 6.842420 -1.541735
-3.653385 7.796130 -1.916505
-2.776705 8.463560 -2.257075
-1.797175 8.799650 -2.557945
-0.835055 8.803340 -2.814285
0.000005 -11.311230 4.217065
1.417515 -10.977030 4.043165
2.691645 -10.348930 3.835135
4.617865 -8.352930 3.368465
4.850645 -5.466180 0.360235
4.849985 -3.861280 -0.409995
4.485845 5.527020 -1.541735
4.074835 6.778690 -1.916505
2.541595 8.228440 -2.557945
1.613215 8.481010 -2.814285
0.000005 8.515840 -3.021955
0.732205 8.419440 -3.021955
-1.417501 -10.977030 4.043165
-2.691635 -10.348930 3.835135
-3.783825 -9.470630 3.609325
-4.617855 -8.352930 3.368465
-4.850645 -5.466180 0.360235
-4.849975 -3.861280 -0.409995
-4.485835 5.527020 -1.541735
-4.074825 6.778690 -1.916505
-3.400755 7.650280 -2.257075
-2.541585 8.228440 -2.557945
-1.613208 8.481010 -2.814285
-0.732191 8.419440 -3.021955
0.000005 -11.163630 4.043165
1.393305 -10.886630 3.835135
2.675575 -10.321030 3.609325
4.348975 -6.677330 0.360235
4.667435 -5.247870 -0.409995
4.485845 -3.424270 -1.541735
4.241725 5.511020 -1.916505
2.281435 7.968280 -2.814285
1.414495 8.136820 -3.021955
0.000005 8.095300 -3.177605
0.623355 8.013230 -3.177605
-1.393292 -10.886630 3.835135
-2.675565 -10.321030 3.609325
-3.770465 -9.457330 3.368465
-4.348965 -6.677330 0.360235
-4.667425 -5.247870 -0.409995
-4.485835 -3.424270 -1.541735
-4.241715 5.511020 -1.916505
-3.793045 6.703190 -2.257075
-3.112795 7.484030 -2.557945
-2.281425 7.968280 -2.814285
-1.414490 8.136820 -3.021955
-0.623348 8.013230 -3.177605
0.000005 -11.070130 3.835135
1.384985 -10.855630 3.609325
2.666125 -10.304730 3.368465
4.184715 -6.413280 -0.409995
4.312665 -4.739670 -1.541735
4.241725 -3.408270 -1.916505
2.794175 7.300060 -2.814285
2.000405 7.687250 -3.021955
1.204225 7.772630 -3.177605
0.000005 7.658430 -3.278745
0.510285 7.591250 -3.278745
-1.384974 -10.855630 3.609325
-2.666115 -10.304730 3.368465
-3.550915 -7.717330 0.360235
-4.184705 -6.413280 -0.409995
-4.312655 -4.739670 -1.541735
-4.241715 -3.408270 -1.916505
-3.952495 5.492070 -2.257075
-3.471875 6.617140 -2.557945
-2.794165 7.300060 -2.814285
-2.000395 7.687250 -3.021955
-1.204220 7.772630 -3.177605
-0.510278 7.591250 -3.278745
0.000005 -11.037930 3.609325
1.380095 -10.837330 3.368465
2.510885 -8.515430 0.360235
4.074835 -4.675940 -1.916505
2.449985 7.101340 -3.021955
1.703035 7.389880 -3.177605
0.985795 7.394290 -3.278745
0.000005 7.212270 -3.323725
0.394815 7.160290 -3.323725
-1.380082 -10.837330 3.368465
-2.510875 -8.515430 0.360235
-3.416795 -7.414030 -0.409995
-3.866625 -5.816490 -1.541735
-4.074825 -4.675940 -1.916505
-3.952495 -3.389310 -2.257075
-3.622835 5.470460 -2.557945
-3.116485 6.521910 -2.814285
-2.449975 7.101340 -3.021955
-1.703026 7.389880 -3.177605
-0.985786 7.394290 -3.278745
-0.394804 7.160290 -3.323725
0.000005 -11.019030 3.368465
1.299735 -9.017130 0.360235
2.416045 -8.181930 -0.409995
2.732595 6.419040 -3.021955
2.085785 6.891070 -3.177605
1.394125 7.080970 -3.278745
0.762715 7.007900 -3.323725
-0.762707 7.007900 -3.323725
1.078645 6.765490 -3.323725
-1.078632 6.765490 -3.323725
1.321065 6.449560 -3.323725
-1.321050 6.449560 -3.323725
1.473455 6.081660 -3.323725
-1.473441 6.081660 -3.323725
1.571615 5.336020 -3.323725
-1.571606 5.336020 -3.323725
-1.571606 -3.233260 -3.323725
1.571615 -3.233260 -3.323725
-1.473441 -3.978900 -3.323725
1.473455 -3.978900 -3.323725
1.321065 -4.346800 -3.323725
-1.321050 -4.346800 -3.323725
-1.078632 -4.662730 -3.323725
1.078645 -4.662730 -3.323725
0.762715 -4.905150 -3.323725
-0.762707 -4.905150 -3.323725
-0.394804 -5.057540 -3.323725
0.394815 -5.057540 -3.323725
0.000005 -5.109510 -3.323725
-1.299722 -9.017130 0.360235
-2.416035 -8.181930 -0.409995
-3.157085 -6.741180 -1.541735
-3.653385 -5.693380 -1.916505
-3.793045 -4.600440 -2.257075
-3.622835 -3.367700 -2.557945
-3.258055 5.446550 -2.814285
-2.732585 6.419040 -3.021955
-2.085775 6.891070 -3.177605
-1.394114 7.080970 -3.278745
0.000005 -9.188230 0.360235
1.250645 -8.664630 -0.409995
2.232405 -7.450730 -1.541735
2.982985 -6.567070 -1.916505
2.864035 5.420720 -3.021955
2.326385 6.310200 -3.177605
1.707445 6.672640 -3.278745
2.013955 5.365010 -3.278745
1.904405 6.197130 -3.278745
2.013955 -3.262250 -3.278745
1.904405 -4.094370 -3.278745
1.707445 -4.569880 -3.278745
1.394125 -4.978210 -3.278745
0.985795 -5.291530 -3.278745
0.510285 -5.488490 -3.278745
0.000005 -5.555670 -3.278745
-0.510278 -5.488490 -3.278745
-0.985786 -5.291530 -3.278745
-1.394114 -4.978210 -3.278745
-1.707435 -4.569880 -3.278745
-1.904395 -4.094370 -3.278745
-2.013945 -3.262250 -3.278745
-2.013945 5.365010 -3.278745
-1.904395 6.197130 -3.278745
-1.707435 6.672640 -3.278745
-1.250630 -8.664630 -0.409995
-2.232395 -7.450730 -1.541735
-2.982975 -6.567070 -1.916505
-3.400755 -5.547520 -2.257075
-3.471875 -4.514380 -2.557945
-3.258055 -3.343790 -2.814285
-2.864025 5.420720 -3.021955
-2.326375 6.310200 -3.177605
0.000005 -8.829330 -0.409995
1.155575 -7.896730 -1.541735
2.109285 -7.237480 -1.916505
2.776715 -6.360800 -2.257075
2.864035 -3.317970 -3.021955
2.447085 5.393400 -3.177605
2.447085 -3.290640 -3.177605
2.326385 -4.207450 -3.177605
2.085785 -4.788320 -3.177605
1.703035 -5.287120 -3.177605
1.204225 -5.669870 -3.177605
0.623355 -5.910480 -3.177605
0.000005 -5.992540 -3.177605
-0.623348 -5.910480 -3.177605
-1.204220 -5.669870 -3.177605
-1.703026 -5.287120 -3.177605
-2.085775 -4.788320 -3.177605
-2.326375 -4.207450 -3.177605
-2.447075 -3.290640 -3.177605
-2.447075 5.393400 -3.177605
-1.155569 -7.896730 -1.541735
-2.109275 -7.237480 -1.916505
-2.776705 -6.360800 -2.257075
-3.112795 -5.381270 -2.557945
-3.116485 -4.419150 -2.814285
-2.864025 -3.317970 -3.021955
0.000005 -8.048930 -1.541735
1.091855 -7.658930 -1.916505
1.963435 -6.984850 -2.257075
2.541595 -6.125690 -2.557945
2.794175 -5.197310 -2.814285
2.732595 -4.316290 -3.021955
2.449985 -4.998590 -3.021955
2.000405 -5.584490 -3.021955
1.414495 -6.034070 -3.021955
0.732205 -6.316690 -3.021955
0.000005 -6.413080 -3.021955
-0.732191 -6.316690 -3.021955
-1.414490 -6.034070 -3.021955
-2.000395 -5.584490 -3.021955
-2.449975 -4.998590 -3.021955
-2.732585 -4.316290 -3.021955
-1.091841 -7.658930 -1.916505
-1.963425 -6.984850 -2.257075
-2.541585 -6.125690 -2.557945
-2.794165 -5.197310 -2.814285
0.000005 -7.802630 -1.916505
1.016355 -7.377130 -2.257075
1.797185 -6.696900 -2.557945
2.281435 -5.865520 -2.814285
1.613215 -6.378260 -2.814285
0.835065 -6.700580 -2.814285
0.000005 -6.810520 -2.814285
-0.835055 -6.700580 -2.814285
-1.613208 -6.378260 -2.814285
-2.281425 -5.865520 -2.814285
-1.016341 -7.377130 -2.257075
-1.797175 -6.696900 -2.557945
0.000005 -7.510930 -2.257075
0.930295 -7.055970 -2.557945
0.000005 -7.178450 -2.557945
-0.930283 -7.055970 -2.557945
1.792145 12.375190 4.241875
1.727985 12.135750 4.241875
0.000005 12.363250 4.241875
4.896215 10.583060 4.241875
4.720935 10.407780 4.241875
5.996615 9.148990 4.241875
5.781935 9.025050 4.241875
6.688355 7.478980 4.241875
6.448915 7.414830 4.241875
6.924285 5.686850 4.241875
6.678525 5.670740 4.241875
6.924285 -5.686820 4.241875
6.678525 -5.670720 4.241875
6.448915 -7.414830 4.241875
6.688355 -7.478930 4.241875
5.781935 -9.025030 4.241875
5.996615 -9.148930 4.241875
4.720935 -10.407730 4.241875
4.896215 -10.583030 4.241875
1.727985 -12.135730 4.241875
1.792145 -12.375130 4.241875
0.000005 -12.363230 4.241875
-1.792135 12.375190 4.241875
0.000005 12.611130 4.241875
-1.727975 12.135750 4.241875
-3.462135 11.683450 4.241875
-3.338195 11.468780 4.241875
-4.896205 10.583060 4.241875
-4.720925 10.407780 4.241875
-5.996605 9.148990 4.241875
-5.781925 9.025050 4.241875
-6.688345 7.478980 4.241875
-6.448905 7.414830 4.241875
-6.924285 5.686850 4.241875
-6.678515 5.670740 4.241875
-6.924285 -5.686820 4.241875
-6.678515 -5.670720 4.241875
-6.448905 -7.414830 4.241875
-6.688345 -7.478930 4.241875
-5.781925 -9.025030 4.241875
-5.996605 -9.148930 4.241875
-4.720925 -10.407730 4.241875
-4.896205 -10.583030 4.241875
-3.338195 -11.468730 4.241875
-3.462135 -11.683430 4.241875
-1.727975 -12.135730 4.241875
-1.792135 -12.375130 4.241875
0.000005 -12.611130 4.241875
2.030765 4.018220 -3.269715
2.035585 4.185280 -3.273695
2.079415 4.040030 -3.309855
2.106425 4.040920 -3.332145
2.106425 4.491430 -3.332145
2.079415 4.492320 -3.309855
2.035585 4.511970 -3.273695
2.035585 4.511970 -3.273695
2.194915 4.532180 -3.236485
2.079415 4.492320 -3.309855
2.030765 4.018220 -3.269715
2.079415 4.040030 -3.309855
2.171915 4.000160 -3.236485
2.106425 4.040920 -3.332145
2.283025 4.044270 -3.416705
2.283025 4.044270 -3.416705
2.283025 4.488080 -3.416705
2.322605 4.034080 -3.435655
2.322605 4.498270 -3.435655
2.106425 4.491430 -3.332145
2.283025 4.488080 -3.416705
2.368235 4.599000 -3.196025
2.337935 3.933350 -3.196025
2.547915 3.950210 -3.591565
2.458645 3.992950 -3.512125
2.322605 4.034080 -3.435655
2.458645 3.992950 -3.512125
2.458645 4.539400 -3.512125
2.547915 4.582140 -3.591565
2.458645 4.539400 -3.512125
2.322605 4.498270 -3.435655
2.447085 4.649070 -3.177605
2.505585 4.708460 -3.155765
2.847585 5.317350 -3.028095
2.864025 5.324240 -3.021955
2.718825 5.200770 -3.076165
2.655155 5.013760 -3.099935
2.462065 3.823880 -3.155765
2.410885 3.883280 -3.177605
2.572735 3.518589 -3.099935
2.612325 3.331578 -3.076165
2.726845 3.214999 -3.028095
2.954825 3.073113 -2.901735
2.742535 3.208104 -3.021955
2.668105 3.779450 -3.785505
2.641995 3.853870 -3.700985
2.560475 3.940370 -3.602735
2.667105 3.756280 -3.811825
2.547915 3.950210 -3.591565
2.560475 3.940370 -3.602735
2.547915 4.582140 -3.591565
2.560475 4.591970 -3.602735
2.668105 4.752890 -3.785505
2.667105 4.776060 -3.811825
2.560475 4.591970 -3.602735
2.641995 4.678480 -3.700985
4.060725 5.438810 -2.405935
4.060725 3.093533 -2.405935
4.046615 5.501320 -2.445955
4.046615 3.031032 -2.445955
4.000245 2.927469 -2.577545
4.000245 5.604880 -2.577545
4.000245 5.604880 -2.577545
4.000245 2.927469 -2.577545
2.661245 3.677782 -3.966275
2.668105 4.752890 -3.785505
2.667105 4.776060 -3.811825
2.668105 3.779450 -3.785505
2.667105 3.756280 -3.811825
2.661245 3.677782 -3.966275
2.661245 4.854570 -3.966275
2.655985 4.897490 -4.104939
2.655985 3.634857 -4.104939
2.647845 3.629376 -4.319735
2.647845 4.902970 -4.319735
2.641995 3.853870 -3.700985
2.641995 4.678480 -3.700985
2.661245 4.854570 -3.966275
4.020595 4.055170 -2.176895
4.026395 5.042140 -2.209995
4.020595 4.930530 -2.176895
4.013505 3.738200 -2.136455
4.026395 3.490208 -2.209995
4.048945 5.333880 -2.338725
4.048945 3.198471 -2.338725
4.048945 5.333880 -2.338725
4.060725 5.438810 -2.405935
4.046615 5.501320 -2.445955
4.046615 3.031032 -2.445955
4.060725 3.093533 -2.405935
4.048945 3.198471 -2.338725
2.655985 3.634857 -4.104939
2.650745 3.627005 -4.412685
2.650745 4.905340 -4.412685
2.656025 4.834460 -4.582020
2.656025 3.697890 -4.582020
2.647845 4.902970 -4.319735
2.655985 4.897490 -4.104939
2.650745 4.905340 -4.412685
2.647845 3.629376 -4.319735
2.650745 3.627005 -4.412685
4.013505 3.738200 -2.136455
4.026395 3.490208 -2.209995
4.026395 5.042140 -2.209995
4.020595 4.930530 -2.176895
2.685395 4.793050 -4.680932
2.685395 3.739300 -4.680932
2.717595 3.806620 -4.789411
2.717595 4.725730 -4.789411
2.738455 3.916890 -4.859657
2.738455 4.615460 -4.859657
2.656025 4.834460 -4.582020
2.685395 4.793050 -4.680932
2.656025 3.697890 -4.582020
2.685395 3.739300 -4.680932
2.758475 3.948160 -4.879577
2.758475 4.584190 -4.879577
2.826215 4.189330 -4.946985
2.826215 4.343020 -4.946985
2.758475 4.584190 -4.879577
2.738455 4.615460 -4.859657
2.717595 4.725730 -4.789411
2.717595 3.806620 -4.789411
2.738455 3.916890 -4.859657
2.758475 3.948160 -4.879577
2.952965 4.253250 -4.964852
2.952965 4.279100 -4.964852
2.952965 4.279100 -4.964852
2.826215 4.343020 -4.946985
2.758475 4.584190 -4.879577
2.758475 3.948160 -4.879577
2.826215 4.189330 -4.946985
2.952965 4.253250 -4.964852
2.030765 -3.430730 -3.269715
2.035585 -3.263670 -3.273695
2.079415 -3.408910 -3.309855
2.106425 -3.408030 -3.332145
2.106425 -2.957520 -3.332145
2.079415 -2.956630 -3.309855
2.035585 -2.936980 -3.273695
2.035585 -2.936980 -3.273695
2.194915 -2.916760 -3.236485
2.079415 -2.956630 -3.309855
2.030765 -3.430730 -3.269715
2.079415 -3.408910 -3.309855
2.171915 -3.448780 -3.236485
2.106425 -3.408030 -3.332145
2.283025 -3.404680 -3.416705
2.283025 -3.404680 -3.416705
2.283025 -2.960870 -3.416705
2.322605 -3.414870 -3.435655
2.322605 -2.950680 -3.435655
2.106425 -2.957520 -3.332145
2.283025 -2.960870 -3.416705
2.368235 -2.849950 -3.196025
2.337935 -3.515590 -3.196025
2.547915 -3.498730 -3.591565
2.458645 -3.456000 -3.512125
2.322605 -3.414870 -3.435655
2.458645 -3.456000 -3.512125
2.458645 -2.909540 -3.512125
2.547915 -2.866810 -3.591565
2.458645 -2.909540 -3.512125
2.322605 -2.950680 -3.435655
2.447085 -2.799880 -3.177605
2.505585 -2.740480 -3.155765
2.847585 -2.131600 -3.028095
2.864025 -2.124700 -3.021955
2.718825 -2.248180 -3.076165
2.655155 -2.435190 -3.099935
2.462065 -3.625060 -3.155765
2.410885 -3.565670 -3.177605
2.572735 -3.930360 -3.099935
2.612325 -4.117370 -3.076165
2.726845 -4.233950 -3.028095
2.954825 -4.375830 -2.901735
2.742535 -4.240840 -3.021955
2.668105 -3.669490 -3.785505
2.641995 -3.595080 -3.700985
2.560475 -3.508570 -3.602735
2.667105 -3.692660 -3.811825
2.547915 -3.498730 -3.591565
2.560475 -3.508570 -3.602735
2.547915 -2.866810 -3.591565
2.560475 -2.856970 -3.602735
2.668105 -2.696050 -3.785505
2.667105 -2.672880 -3.811825
2.560475 -2.856970 -3.602735
2.641995 -2.770470 -3.700985
4.060725 -2.010130 -2.405935
4.060725 -4.355410 -2.405935
4.046615 -1.947630 -2.445955
4.046615 -4.417910 -2.445955
4.000245 -4.521480 -2.577545
4.000245 -1.844070 -2.577545
4.000245 -1.844070 -2.577545
4.000245 -4.521480 -2.577545
2.661245 -3.771160 -3.966275
2.668105 -2.696050 -3.785505
2.667105 -2.672880 -3.811825
2.668105 -3.669490 -3.785505
2.667105 -3.692660 -3.811825
2.661245 -3.771160 -3.966275
2.661245 -2.594380 -3.966275
2.655985 -2.551460 -4.104939
2.655985 -3.814090 -4.104939
2.647845 -3.819570 -4.319735
2.647845 -2.545970 -4.319735
2.641995 -3.595080 -3.700985
2.641995 -2.770470 -3.700985
2.661245 -2.594380 -3.966275
4.020595 -3.393770 -2.176895
4.026395 -2.406810 -2.209995
4.020595 -2.518420 -2.176895
4.013505 -3.710750 -2.136455
4.026395 -3.958740 -2.209995
4.048945 -2.115070 -2.338725
4.048945 -4.250480 -2.338725
4.048945 -2.115070 -2.338725
4.060725 -2.010130 -2.405935
4.046615 -1.947630 -2.445955
4.046615 -4.417910 -2.445955
4.060725 -4.355410 -2.405935
4.048945 -4.250480 -2.338725
2.655985 -3.814090 -4.104939
2.650745 -3.821940 -4.412685
2.650745 -2.543600 -4.412685
2.656025 -2.614490 -4.582020
2.656025 -3.751060 -4.582020
2.647845 -2.545970 -4.319735
2.655985 -2.551460 -4.104939
2.650745 -2.543600 -4.412685
2.647845 -3.819570 -4.319735
2.650745 -3.821940 -4.412685
4.013505 -3.710750 -2.136455
4.026395 -3.958740 -2.209995
4.026395 -2.406810 -2.209995
4.020595 -2.518420 -2.176895
2.685395 -2.655900 -4.680932
2.685395 -3.709650 -4.680932
2.717595 -3.642330 -4.789411
2.717595 -2.723220 -4.789411
2.738455 -3.532060 -4.859657
2.738455 -2.833490 -4.859657
2.656025 -2.614490 -4.582020
2.685395 -2.655900 -4.680932
2.656025 -3.751060 -4.582020
2.685395 -3.709650 -4.680932
2.758475 -3.500790 -4.879577
2.758475 -2.864760 -4.879577
2.826215 -3.259620 -4.946985
2.826215 -3.105920 -4.946985
2.758475 -2.864760 -4.879577
2.738455 -2.833490 -4.859657
2.717595 -2.723220 -4.789411
2.717595 -3.642330 -4.789411
2.738455 -3.532060 -4.859657
2.758475 -3.500790 -4.879577
2.952965 -3.195700 -4.964852
2.952965 -3.169850 -4.964852
2.952965 -3.169850 -4.964852
2.826215 -3.105920 -4.946985
2.758475 -2.864760 -4.879577
2.758475 -3.500790 -4.879577
2.826215 -3.259620 -4.946985
2.952965 -3.195700 -4.964852
-2.035575 4.185280 -3.273695
-2.079405 4.492320 -3.309855
-2.035575 4.511970 -3.273695
-2.106415 4.491430 -3.332145
-2.106415 4.040920 -3.332145
-2.079405 4.040030 -3.309855
-2.030755 4.018220 -3.269715
-2.194905 4.532180 -3.236485
-3.372865 4.518340 -3.261955
-3.402545 4.532180 -3.236485
-3.306635 4.492320 -3.309855
-2.079405 4.492320 -3.309855
-2.035575 4.511970 -3.273695
-3.372865 4.014000 -3.261955
-2.171915 4.000160 -3.236485
-3.402545 4.000160 -3.236485
-3.306635 4.040030 -3.309855
-2.079405 4.040030 -3.309855
-2.030755 4.018220 -3.269715
-3.289845 4.040510 -3.321995
-3.248235 4.042380 -3.369095
-3.242245 4.044270 -3.416705
-2.283015 4.044270 -3.416705
-2.106415 4.040920 -3.332145
-2.283015 4.488080 -3.416705
-2.283015 4.044270 -3.416705
-2.322595 4.034080 -3.435655
-2.322595 4.498270 -3.435655
-3.289845 4.491830 -3.321995
-3.248235 4.489970 -3.369095
-3.242245 4.488080 -3.416705
-2.283015 4.488080 -3.416705
-2.106415 4.491430 -3.332145
-3.449725 4.599000 -3.196025
-2.368225 4.599000 -3.196025
-3.306635 4.492320 -3.309855
-3.372865 4.014000 -3.261955
-3.372865 4.518340 -3.261955
-3.289845 4.491830 -3.321995
-3.306635 4.040030 -3.309855
-3.289845 4.040510 -3.321995
-3.645455 5.317350 -3.028095
-3.793775 3.072113 -2.900845
-3.793775 5.460230 -2.900845
-3.589425 5.200770 -3.076165
-3.561725 5.013760 -3.099935
-3.496635 4.708460 -3.155765
-3.449725 4.599000 -3.196025
-3.402545 4.532180 -3.236485
-3.496635 3.823880 -3.155765
-3.449725 3.933350 -3.196025
-3.402545 4.000160 -3.236485
-3.561725 3.518589 -3.099935
-3.589425 3.331578 -3.076165
-3.645455 3.214999 -3.028095
-2.337925 3.933350 -3.196025
-3.449725 3.933350 -3.196025
-2.547905 3.950210 -3.591565
-3.262785 3.970250 -3.554305
-3.281765 3.950210 -3.591565
-3.241385 4.040600 -3.423535
-2.322595 4.034080 -3.435655
-2.458635 3.992950 -3.512125
-3.248235 4.489970 -3.369095
-3.248235 4.042380 -3.369095
-3.242245 4.044270 -3.416705
-3.241385 4.491750 -3.423535
-3.241385 4.040600 -3.423535
-3.242245 4.488080 -3.416705
-2.458635 3.992950 -3.512125
-2.458635 4.539400 -3.512125
-3.241385 4.491750 -3.423535
-2.322595 4.498270 -3.435655
-2.458635 4.539400 -3.512125
-2.547905 4.582140 -3.591565
-3.262785 4.562090 -3.554305
-3.281765 4.582140 -3.591565
-2.447075 4.649070 -3.177605
-3.496635 4.708460 -3.155765
-2.505585 4.708460 -3.155765
-3.847225 5.541090 -2.828845
-3.847225 2.991258 -2.828845
-3.946735 5.589430 -2.694765
-3.946735 2.942916 -2.694765
-3.969955 2.938796 -2.663495
-3.969955 5.593550 -2.663495
-2.864025 5.324240 -3.021955
-3.847225 5.541090 -2.828845
-3.230435 5.541090 -2.828845
-3.793775 5.460230 -2.900845
-3.645455 5.317350 -3.028095
-2.847575 5.317350 -3.028095
-2.718815 5.200770 -3.076165
-3.589425 5.200770 -3.076165
-2.655145 5.013760 -3.099935
-3.561725 5.013760 -3.099935
-2.410875 3.883280 -3.177605
-3.496635 3.823880 -3.155765
-2.462055 3.823880 -3.155765
-2.572725 3.518589 -3.099935
-3.561725 3.518589 -3.099935
-2.612315 3.331578 -3.076165
-3.589425 3.331578 -3.076165
-2.726835 3.214999 -3.028095
-3.645455 3.214999 -3.028095
-2.742525 3.208104 -3.021955
-3.793775 3.072113 -2.900845
-2.954815 3.073113 -2.901735
-3.070625 2.991258 -2.828845
-3.847225 2.991258 -2.828845
-2.667095 3.756280 -3.811825
-3.334065 3.859800 -3.694255
-3.425515 3.756280 -3.811825
-2.668095 3.779450 -3.785505
-2.560465 3.940370 -3.602735
-2.641985 3.853870 -3.700985
-2.547905 4.582140 -3.591565
-2.560465 3.940370 -3.602735
-2.560465 4.591970 -3.602735
-2.547905 3.950210 -3.591565
-3.262785 3.970250 -3.554305
-3.262785 4.562090 -3.554305
-3.334065 3.859800 -3.694255
-3.281765 4.582140 -3.591565
-3.334065 4.672550 -3.694255
-3.281765 3.950210 -3.591565
-2.641985 4.678480 -3.700985
-2.668095 4.752890 -3.785505
-2.560465 4.591970 -3.602735
-3.334065 4.672550 -3.694255
-2.667095 4.776060 -3.811825
-3.425515 4.776060 -3.811825
-4.000235 2.927469 -2.577545
-4.000235 5.604880 -2.577545
-4.046605 5.501320 -2.445955
-4.046605 3.031032 -2.445955
-4.060715 3.093533 -2.405935
-4.060715 5.438810 -2.405935
-3.594955 5.604880 -2.577545
-3.969955 5.593550 -2.663495
-4.000235 5.604880 -2.577545
-3.946735 5.589430 -2.694765
-3.428135 5.589430 -2.694765
-3.258055 5.546340 -2.814285
-3.264585 2.942916 -2.694765
-3.946735 2.942916 -2.694765
-3.098345 2.986009 -2.814285
-3.969955 2.938796 -2.663495
-3.438755 2.927469 -2.577545
-4.000235 2.927469 -2.577545
-2.661235 3.677782 -3.966275
-3.545645 3.677782 -3.966275
-2.655975 4.897490 -4.104939
-2.647835 3.629376 -4.319735
-2.647835 4.902970 -4.319735
-2.655975 3.634857 -4.104939
-2.661235 3.677782 -3.966275
-2.661235 4.854570 -3.966275
-2.667095 4.776060 -3.811825
-2.667095 3.756280 -3.811825
-2.668095 3.779450 -3.785505
-2.668095 4.752890 -3.785505
-2.641985 4.678480 -3.700985
-2.641985 3.853870 -3.700985
-3.545645 3.677782 -3.966275
-3.551415 4.856860 -3.973690
-3.551415 3.675487 -3.973690
-3.545645 4.854570 -3.966275
-3.425515 3.756280 -3.811825
-3.425515 4.776060 -3.811825
-2.661235 4.854570 -3.966275
-3.545645 4.854570 -3.966275
-4.048935 3.198471 -2.338725
-4.048935 5.333880 -2.338725
-4.026385 3.490208 -2.209995
-4.026385 5.042140 -2.209995
-4.020585 4.055170 -2.176895
-4.013495 3.738200 -2.136455
-4.020585 4.930530 -2.176895
-4.046605 5.501320 -2.445955
-3.863035 5.333880 -2.338725
-3.745545 5.501320 -2.445955
-4.060715 5.438810 -2.405935
-4.048935 5.333880 -2.338725
-3.622845 5.589460 -2.557945
-3.608335 3.031032 -2.445955
-4.046605 3.031032 -2.445955
-3.472975 2.942891 -2.557945
-3.461915 2.937236 -2.565135
-4.060715 3.093533 -2.405935
-3.748895 3.198471 -2.338725
-4.048935 3.198471 -2.338725
-2.655975 3.634857 -4.104939
-3.551415 3.675487 -3.973690
-3.622145 3.634857 -4.104939
-2.656015 4.834460 -4.582020
-2.650735 3.627005 -4.412685
-2.656015 3.697890 -4.582020
-2.650735 4.905340 -4.412685
-3.665645 4.901630 -4.267033
-2.650735 4.905340 -4.412685
-3.691165 4.905340 -4.412685
-3.626095 4.897680 -4.112273
-3.622145 4.897490 -4.104939
-2.655975 4.897490 -4.104939
-2.647835 4.902970 -4.319735
-3.551415 4.856860 -3.973690
-2.650735 3.627005 -4.412685
-3.665645 3.630721 -4.267033
-3.691165 3.627005 -4.412685
-3.626095 3.634670 -4.112273
-2.647835 3.629376 -4.319735
-3.626095 3.634670 -4.112273
-3.622145 4.897490 -4.104939
-3.626095 4.897680 -4.112273
-3.622145 3.634857 -4.104939
-4.026385 3.490208 -2.209995
-3.917855 3.490208 -2.209995
-4.013495 3.738200 -2.136455
-4.020585 4.930530 -2.176895
-3.992475 5.042140 -2.209995
-4.026385 5.042140 -2.209995
-3.952495 5.148830 -2.257075
-3.863485 3.383516 -2.257075
-2.717585 4.725730 -4.789411
-2.738445 3.916890 -4.859657
-2.738445 4.615460 -4.859657
-2.717585 3.806620 -4.789411
-2.685385 4.793050 -4.680932
-2.685385 3.739300 -4.680932
-3.703425 4.808600 -4.643796
-3.707685 4.865890 -4.506938
-3.682905 4.793050 -4.680932
-2.685385 4.793050 -4.680932
-2.656015 4.834460 -4.582020
-3.703425 3.723750 -4.643796
-3.707685 3.666460 -4.506938
-3.682905 3.739300 -4.680932
-2.685385 3.739300 -4.680932
-2.656015 3.697890 -4.582020
-3.691165 3.627005 -4.412685
-3.707685 4.865890 -4.506938
-3.707685 3.666460 -4.506938
-3.691165 4.905340 -4.412685
-3.665645 3.630721 -4.267033
-3.665645 4.901630 -4.267033
-2.758465 4.584190 -4.879577
-2.826205 4.189330 -4.946985
-2.826205 4.343020 -4.946985
-2.758465 3.948160 -4.879577
-2.717585 4.725730 -4.789411
-3.443195 4.584190 -4.879577
-3.603485 4.725730 -4.789411
-2.738445 4.615460 -4.859657
-2.758465 4.584190 -4.879577
-3.631755 4.735600 -4.773504
-3.631755 3.796750 -4.773504
-3.603485 3.806620 -4.789411
-2.717585 3.806620 -4.789411
-2.758465 3.948160 -4.879577
-3.443195 3.948160 -4.879577
-2.738445 3.916890 -4.859657
-3.682905 3.739300 -4.680932
-3.631755 4.735600 -4.773504
-3.631755 3.796750 -4.773504
-3.682905 4.793050 -4.680932
-3.703425 3.723750 -4.643796
-3.703425 4.808600 -4.643796
-2.952955 4.279100 -4.964852
-2.952955 4.253250 -4.964852
-2.826205 4.343020 -4.946985
-3.443195 4.584190 -4.879577
-2.758465 4.584190 -4.879577
-3.416825 4.531120 -4.894411
-3.162505 4.266170 -4.968465
-2.952955 4.279100 -4.964852
-2.952955 4.253250 -4.964852
-3.416825 4.001230 -4.894411
-3.162505 4.266170 -4.968465
-2.826205 4.189330 -4.946985
-2.758465 3.948160 -4.879577
-3.443195 3.948160 -4.879577
-3.603485 4.725730 -4.789411
-3.443195 4.584190 -4.879577
-3.416825 4.531120 -4.894411
-3.416825 4.001230 -4.894411
-3.443195 3.948160 -4.879577
-3.603485 3.806620 -4.789411
-3.162505 4.266170 -4.968465
-3.162505 4.266170 -4.968465
-2.035575 -3.263670 -3.273695
-2.079405 -2.956630 -3.309855
-2.035575 -2.936980 -3.273695
-2.106415 -2.957520 -3.332145
-2.106415 -3.408030 -3.332145
-2.079405 -3.408910 -3.309855
-2.030755 -3.430730 -3.269715
-2.194905 -2.916760 -3.236485
-3.372865 -2.930600 -3.261955
-3.402545 -2.916760 -3.236485
-3.306635 -2.956630 -3.309855
-2.079405 -2.956630 -3.309855
-2.035575 -2.936980 -3.273695
-3.372865 -3.434940 -3.261955
-2.171915 -3.448780 -3.236485
-3.402545 -3.448780 -3.236485
-3.306635 -3.408910 -3.309855
-2.079405 -3.408910 -3.309855
-2.030755 -3.430730 -3.269715
-3.289845 -3.408430 -3.321995
-3.248235 -3.406560 -3.369095
-3.242245 -3.404680 -3.416705
-2.283015 -3.404680 -3.416705
-2.106415 -3.408030 -3.332145
-2.283015 -2.960870 -3.416705
-2.283015 -3.404680 -3.416705
-2.322595 -3.414870 -3.435655
-2.322595 -2.950680 -3.435655
-3.289845 -2.957110 -3.321995
-3.248235 -2.958980 -3.369095
-3.242245 -2.960870 -3.416705
-2.283015 -2.960870 -3.416705
-2.106415 -2.957520 -3.332145
-3.449725 -2.849950 -3.196025
-2.368225 -2.849950 -3.196025
-3.306635 -2.956630 -3.309855
-3.372865 -3.434940 -3.261955
-3.372865 -2.930600 -3.261955
-3.289845 -2.957110 -3.321995
-3.306635 -3.408910 -3.309855
-3.289845 -3.408430 -3.321995
-3.645455 -2.131600 -3.028095
-3.793775 -4.376830 -2.900845
-3.793775 -1.988710 -2.900845
-3.589425 -2.248180 -3.076165
-3.561725 -2.435190 -3.099935
-3.496635 -2.740480 -3.155765
-3.449725 -2.849950 -3.196025
-3.402545 -2.916760 -3.236485
-3.496635 -3.625060 -3.155765
-3.449725 -3.515590 -3.196025
-3.402545 -3.448780 -3.236485
-3.561725 -3.930360 -3.099935
-3.589425 -4.117370 -3.076165
-3.645455 -4.233950 -3.028095
-2.337925 -3.515590 -3.196025
-3.449725 -3.515590 -3.196025
-2.547905 -3.498730 -3.591565
-3.262785 -3.478690 -3.554305
-3.281765 -3.498730 -3.591565
-3.241385 -3.408350 -3.423535
-2.322595 -3.414870 -3.435655
-2.458635 -3.456000 -3.512125
-3.248235 -2.958980 -3.369095
-3.248235 -3.406560 -3.369095
-3.242245 -3.404680 -3.416705
-3.241385 -2.957200 -3.423535
-3.241385 -3.408350 -3.423535
-3.242245 -2.960870 -3.416705
-2.458635 -3.456000 -3.512125
-2.458635 -2.909540 -3.512125
-3.241385 -2.957200 -3.423535
-2.322595 -2.950680 -3.435655
-2.458635 -2.909540 -3.512125
-2.547905 -2.866810 -3.591565
-3.262785 -2.886850 -3.554305
-3.281765 -2.866810 -3.591565
-2.447075 -2.799880 -3.177605
-3.496635 -2.740480 -3.155765
-2.505585 -2.740480 -3.155765
-3.847225 -1.907860 -2.828845
-3.847225 -4.457690 -2.828845
-3.946735 -1.859510 -2.694765
-3.946735 -4.506030 -2.694765
-3.969955 -4.510150 -2.663495
-3.969955 -1.855390 -2.663495
-2.864025 -2.124700 -3.021955
-3.847225 -1.907860 -2.828845
-3.230435 -1.907860 -2.828845
-3.793775 -1.988710 -2.900845
-3.645455 -2.131600 -3.028095
-2.847575 -2.131600 -3.028095
-2.718815 -2.248180 -3.076165
-3.589425 -2.248180 -3.076165
-2.655145 -2.435190 -3.099935
-3.561725 -2.435190 -3.099935
-2.410875 -3.565670 -3.177605
-3.496635 -3.625060 -3.155765
-2.462055 -3.625060 -3.155765
-2.572725 -3.930360 -3.099935
-3.561725 -3.930360 -3.099935
-2.612315 -4.117370 -3.076165
-3.589425 -4.117370 -3.076165
-2.726835 -4.233950 -3.028095
-3.645455 -4.233950 -3.028095
-2.742525 -4.240840 -3.021955
-3.793775 -4.376830 -2.900845
-2.954815 -4.375830 -2.901735
-3.070625 -4.457690 -2.828845
-3.847225 -4.457690 -2.828845
-2.667095 -3.692660 -3.811825
-3.334065 -3.589150 -3.694255
-3.425515 -3.692660 -3.811825
-2.668095 -3.669490 -3.785505
-2.560465 -3.508570 -3.602735
-2.641985 -3.595080 -3.700985
-2.547905 -2.866810 -3.591565
-2.560465 -3.508570 -3.602735
-2.560465 -2.856970 -3.602735
-2.547905 -3.498730 -3.591565
-3.262785 -3.478690 -3.554305
-3.262785 -2.886850 -3.554305
-3.334065 -3.589150 -3.694255
-3.281765 -2.866810 -3.591565
-3.334065 -2.776400 -3.694255
-3.281765 -3.498730 -3.591565
-2.641985 -2.770470 -3.700985
-2.668095 -2.696050 -3.785505
-2.560465 -2.856970 -3.602735
-3.334065 -2.776400 -3.694255
-2.667095 -2.672880 -3.811825
-3.425515 -2.672880 -3.811825
-4.000235 -4.521480 -2.577545
-4.000235 -1.844070 -2.577545
-4.046605 -1.947630 -2.445955
-4.046605 -4.417910 -2.445955
-4.060715 -4.355410 -2.405935
-4.060715 -2.010130 -2.405935
-3.594955 -1.844070 -2.577545
-3.969955 -1.855390 -2.663495
-4.000235 -1.844070 -2.577545
-3.946735 -1.859510 -2.694765
-3.428135 -1.859510 -2.694765
-3.258055 -1.902610 -2.814285
-3.264585 -4.506030 -2.694765
-3.946735 -4.506030 -2.694765
-3.098345 -4.462940 -2.814285
-3.969955 -4.510150 -2.663495
-3.438755 -4.521480 -2.577545
-4.000235 -4.521480 -2.577545
-2.661235 -3.771160 -3.966275
-3.545645 -3.771160 -3.966275
-2.655975 -2.551460 -4.104939
-2.647835 -3.819570 -4.319735
-2.647835 -2.545970 -4.319735
-2.655975 -3.814090 -4.104939
-2.661235 -3.771160 -3.966275
-2.661235 -2.594380 -3.966275
-2.667095 -2.672880 -3.811825
-2.667095 -3.692660 -3.811825
-2.668095 -3.669490 -3.785505
-2.668095 -2.696050 -3.785505
-2.641985 -2.770470 -3.700985
-2.641985 -3.595080 -3.700985
-3.545645 -3.771160 -3.966275
-3.551415 -2.592090 -3.973690
-3.551415 -3.773460 -3.973690
-3.545645 -2.594380 -3.966275
-3.425515 -3.692660 -3.811825
-3.425515 -2.672880 -3.811825
-2.661235 -2.594380 -3.966275
-3.545645 -2.594380 -3.966275
-4.048935 -4.250480 -2.338725
-4.048935 -2.115070 -2.338725
-4.026385 -3.958740 -2.209995
-4.026385 -2.406810 -2.209995
-4.020585 -3.393770 -2.176895
-4.013495 -3.710750 -2.136455
-4.020585 -2.518420 -2.176895
-4.046605 -1.947630 -2.445955
-3.863035 -2.115070 -2.338725
-3.745545 -1.947630 -2.445955
-4.060715 -2.010130 -2.405935
-4.048935 -2.115070 -2.338725
-3.622845 -1.859490 -2.557945
-3.608335 -4.417910 -2.445955
-4.046605 -4.417910 -2.445955
-3.472975 -4.506060 -2.557945
-3.461915 -4.511710 -2.565135
-4.060715 -4.355410 -2.405935
-3.748895 -4.250480 -2.338725
-4.048935 -4.250480 -2.338725
-2.655975 -3.814090 -4.104939
-3.551415 -3.773460 -3.973690
-3.622145 -3.814090 -4.104939
-2.656015 -2.614490 -4.582020
-2.650735 -3.821940 -4.412685
-2.656015 -3.751060 -4.582020
-2.650735 -2.543600 -4.412685
-3.665645 -2.547320 -4.267033
-2.650735 -2.543600 -4.412685
-3.691165 -2.543600 -4.412685
-3.626095 -2.551270 -4.112273
-3.622145 -2.551460 -4.104939
-2.655975 -2.551460 -4.104939
-2.647835 -2.545970 -4.319735
-3.551415 -2.592090 -3.973690
-2.650735 -3.821940 -4.412685
-3.665645 -3.818230 -4.267033
-3.691165 -3.821940 -4.412685
-3.626095 -3.814280 -4.112273
-2.647835 -3.819570 -4.319735
-3.626095 -3.814280 -4.112273
-3.622145 -2.551460 -4.104939
-3.626095 -2.551270 -4.112273
-3.622145 -3.814090 -4.104939
-4.026385 -3.958740 -2.209995
-3.917855 -3.958740 -2.209995
-4.013495 -3.710750 -2.136455
-4.020585 -2.518420 -2.176895
-3.992475 -2.406810 -2.209995
-4.026385 -2.406810 -2.209995
-3.952495 -2.300110 -2.257075
-3.863485 -4.065430 -2.257075
-2.717585 -2.723220 -4.789411
-2.738445 -3.532060 -4.859657
-2.738445 -2.833490 -4.859657
-2.717585 -3.642330 -4.789411
-2.685385 -2.655900 -4.680932
-2.685385 -3.709650 -4.680932
-3.703425 -2.640350 -4.643796
-3.707685 -2.583060 -4.506938
-3.682905 -2.655900 -4.680932
-2.685385 -2.655900 -4.680932
-2.656015 -2.614490 -4.582020
-3.703425 -3.725200 -4.643796
-3.707685 -3.782490 -4.506938
-3.682905 -3.709650 -4.680932
-2.685385 -3.709650 -4.680932
-2.656015 -3.751060 -4.582020
-3.691165 -3.821940 -4.412685
-3.707685 -2.583060 -4.506938
-3.707685 -3.782490 -4.506938
-3.691165 -2.543600 -4.412685
-3.665645 -3.818230 -4.267033
-3.665645 -2.547320 -4.267033
-2.758465 -2.864760 -4.879577
-2.826205 -3.259620 -4.946985
-2.826205 -3.105920 -4.946985
-2.758465 -3.500790 -4.879577
-2.717585 -2.723220 -4.789411
-3.443195 -2.864760 -4.879577
-3.603485 -2.723220 -4.789411
-2.738445 -2.833490 -4.859657
-2.758465 -2.864760 -4.879577
-3.631755 -2.713350 -4.773504
-3.631755 -3.652200 -4.773504
-3.603485 -3.642330 -4.789411
-2.717585 -3.642330 -4.789411
-2.758465 -3.500790 -4.879577
-3.443195 -3.500790 -4.879577
-2.738445 -3.532060 -4.859657
-3.682905 -3.709650 -4.680932
-3.631755 -2.713350 -4.773504
-3.631755 -3.652200 -4.773504
-3.682905 -2.655900 -4.680932
-3.703425 -3.725200 -4.643796
-3.703425 -2.640350 -4.643796
-2.952955 -3.169850 -4.964852
-2.952955 -3.195700 -4.964852
-2.826205 -3.105920 -4.946985
-3.443195 -2.864760 -4.879577
-2.758465 -2.864760 -4.879577
-3.416825 -2.917830 -4.894411
-3.162505 -3.182770 -4.968465
-2.952955 -3.169850 -4.964852
-2.952955 -3.195700 -4.964852
-3.416825 -3.447710 -4.894411
-3.162505 -3.182770 -4.968465
-2.826205 -3.259620 -4.946985
-2.758465 -3.500790 -4.879577
-3.443195 -3.500790 -4.879577
-3.603485 -2.723220 -4.789411
-3.443195 -2.864760 -4.879577
-3.416825 -2.917830 -4.894411
-3.416825 -3.447710 -4.894411
-3.443195 -3.500790 -4.879577
-3.603485 -3.642330 -4.789411
-3.162505 -3.182770 -4.968465
-3.162505 -3.182770 -4.968465
