2.622000 39.130750 -13.124150
-2.622000 39.130750 -13.124150
0.000000 39.369850 -13.124150
5.157000 38.421150 -13.124150
-5.158000 38.421150 -13.124150
7.522000 37.264450 -13.124150
-7.523000 37.264450 -13.124150
9.639000 35.699050 -13.124150
-9.640000 35.699050 -13.124150
11.438000 33.776350 -13.124150
-11.438000 33.776350 -13.124150
12.859000 31.560050 -13.124150
-12.860000 31.560050 -13.124150
13.819000 26.353150 -13.124150
-13.820000 26.353150 -13.124150
-14.607000 21.117350 -13.124150
14.606000 21.117350 -13.124150
-15.220000 15.858450 -13.124150
15.219000 15.858450 -13.124150
-15.658000 10.581450 -13.124150
15.658000 10.581450 -13.124150
15.921000 5.293450 -13.124150
-15.921000 5.293450 -13.124150
-16.009000 -0.000550 -13.124150
16.009000 -0.000550 -13.124150
15.921000 -5.294550 -13.124150
-15.921000 -5.294550 -13.124150
15.658000 -10.582550 -13.124150
-15.658000 -10.582550 -13.124150
15.219000 -15.858550 -13.124150
-15.220000 -15.858550 -13.124150
14.606000 -21.117550 -13.124150
-14.607000 -21.117550 -13.124150
13.819000 -26.353550 -13.124150
-13.820000 -26.353550 -13.124150
12.859000 -31.560550 -13.124150
-12.860000 -31.560550 -13.124150
11.438000 -33.776550 -13.124150
-11.438000 -33.776550 -13.124150
9.639000 -35.699550 -13.124150
-9.640000 -35.699550 -13.124150
7.522000 -37.264550 -13.124150
-7.523000 -37.264550 -13.124150
5.157000 -38.421550 -13.124150
-5.158000 -38.421550 -13.124150
2.622000 -39.131550 -13.124150
-2.622000 -39.131550 -13.124150
0.000000 -39.370550 -13.124150
18.688000 -30.298550 5.576650
12.859000 -31.560550 -13.124150
13.819000 -26.353550 -13.124150
17.584000 -36.284550 5.576650
17.584000 -36.284550 5.576650
11.438000 -33.776550 -13.124150
12.859000 -31.560550 -13.124150
15.640000 -39.315550 5.576650
9.639000 -35.699550 -13.124150
13.181000 -41.944550 5.576650
10.286000 -44.084550 5.576650
7.522000 -37.264550 -13.124150
7.052000 -45.666550 5.576650
5.157000 -38.421550 -13.124150
2.622000 -39.131550 -13.124150
0.000000 -46.963550 5.576650
0.000000 -39.370550 -13.124150
-2.622000 -39.131550 -13.124150
-3.585000 -46.636550 5.576650
-5.158000 -38.421550 -13.124150
-7.052000 -45.666550 5.576650
-7.523000 -37.264550 -13.124150
-10.287000 -44.084550 5.576650
-9.640000 -35.699550 -13.124150
-13.181000 -41.944550 5.576650
-11.438000 -33.776550 -13.124150
-15.641000 -39.315550 5.576650
-12.860000 -31.560550 -13.124150
-17.584000 -36.284550 5.576650
-17.584000 -36.284550 5.576650
-13.820000 -26.353550 -13.124150
-12.860000 -31.560550 -13.124150
-18.688000 -30.298550 5.576650
-14.607000 -21.117550 -13.124150
-19.593000 -24.278550 5.576650
-15.220000 -15.858550 -13.124150
-20.298000 -18.232550 5.576650
-15.658000 -10.582550 -13.124150
-20.802000 -12.166550 5.576650
-15.921000 -5.294550 -13.124150
-21.104000 -6.086550 5.576650
-16.009000 -0.000550 -13.124150
-21.205000 -0.000550 5.576650
-15.921000 5.293450 -13.124150
-21.104000 6.086450 5.576650
-15.658000 10.581450 -13.124150
-20.802000 12.165450 5.576650
-15.220000 15.858450 -13.124150
-20.298000 18.232250 5.576650
-14.607000 21.117350 -13.124150
-19.593000 24.278550 5.576650
-13.820000 26.353150 -13.124150
-18.688000 30.298150 5.576650
-12.860000 31.560050 -13.124150
-17.584000 36.284450 5.576650
-17.584000 36.284450 5.576650
-11.438000 33.776350 -13.124150
-12.860000 31.560050 -13.124150
-15.641000 39.315050 5.576650
-9.640000 35.699050 -13.124150
-13.181000 41.944050 5.576650
-10.287000 44.084650 5.576650
-7.523000 37.264450 -13.124150
-7.052000 45.666250 5.576650
-5.158000 38.421150 -13.124150
-3.585000 46.636550 5.576650
-2.622000 39.130750 -13.124150
0.000000 46.963550 5.576650
0.000000 39.369850 -13.124150
2.622000 39.130750 -13.124150
5.157000 38.421150 -13.124150
7.052000 45.666250 5.576650
7.522000 37.264450 -13.124150
10.286000 44.084650 5.576650
9.639000 35.699050 -13.124150
13.181000 41.944050 5.576650
11.438000 33.776350 -13.124150
15.640000 39.315050 5.576650
12.859000 31.560050 -13.124150
17.584000 36.284450 5.576650
12.859000 31.560050 -13.124150
18.688000 30.298150 5.576650
13.819000 26.353150 -13.124150
17.584000 36.284450 5.576650
19.592000 24.278550 5.576650
14.606000 21.117350 -13.124150
20.297000 18.232250 5.576650
15.219000 15.858450 -13.124150
20.801000 12.165450 5.576650
15.658000 10.581450 -13.124150
21.104000 6.086450 5.576650
15.921000 5.293450 -13.124150
21.205000 -0.000550 5.576650
16.009000 -0.000550 -13.124150
15.921000 -5.294550 -13.124150
21.104000 -6.086550 5.576650
15.658000 -10.582550 -13.124150
20.801000 -12.166550 5.576650
15.219000 -15.858550 -13.124150
20.297000 -18.232550 5.576650
14.606000 -21.117550 -13.124150
19.592000 -24.278550 5.576650
16.254000 -5.185550 5.576650
17.376000 0.320450 5.576650
16.346000 0.383450 5.576650
17.376000 -5.742550 5.576650
15.977000 -10.748550 5.576650
17.857000 -7.490550 5.576650
18.060000 -7.280550 5.576650
19.608000 -5.742550 5.576650
18.311000 -7.130550 5.576650
21.104000 -6.086550 5.576650
18.591000 -7.051550 5.576650
18.883000 -7.046550 5.576650
17.715000 -7.744550 5.576650
17.643000 -8.027550 5.576650
17.648000 -8.319550 5.576650
17.727000 -8.600550 5.576650
17.877000 -8.851550 5.576650
18.087000 -9.054550 5.576650
18.341000 -9.196550 5.576650
18.624000 -9.267550 5.576650
18.631000 -9.356550 5.576650
18.663000 -9.438550 5.576650
18.718000 -9.507550 5.576650
18.791000 -9.557550 5.576650
18.875000 -9.583550 5.576650
18.963000 -9.584550 5.576650
-3.585000 46.636550 5.576650
0.000000 46.963550 5.576650
7.052000 45.666250 5.576650
-7.052000 45.666250 5.576650
-10.287000 44.084650 5.576650
10.286000 44.084650 5.576650
-13.181000 41.944050 5.576650
13.181000 41.944050 5.576650
-0.142000 40.913650 5.576650
-15.641000 39.315050 5.576650
-2.838000 40.627950 5.576650
-5.438000 39.859250 5.576650
-7.855000 38.632850 5.576650
-17.584000 36.284450 5.576650
-10.011000 36.989150 5.576650
-11.834000 34.982550 5.576650
-18.688000 30.298150 5.576650
-13.149000 32.865050 5.576650
-14.098000 27.721150 5.576650
-19.593000 24.278550 5.576650
-14.925000 22.213550 5.576650
-20.298000 18.232250 5.576650
-15.570000 16.681450 5.576650
-20.802000 12.165450 5.576650
-16.031000 11.131450 5.576650
-21.104000 6.086450 5.576650
-16.308000 5.568450 5.576650
-21.205000 -0.000550 5.576650
-16.401000 -0.000550 5.576650
-16.308000 -5.568550 5.576650
-21.104000 -6.086550 5.576650
-16.031000 -11.131550 5.576650
-20.802000 -12.166550 5.576650
-15.570000 -16.681550 5.576650
-20.298000 -18.232550 5.576650
-14.925000 -22.213550 5.576650
-19.593000 -24.278550 5.576650
-14.098000 -27.721550 5.576650
-18.688000 -30.298550 5.576650
-13.149000 -32.865550 5.576650
-17.584000 -36.284550 5.576650
-11.773000 -34.943550 5.576650
-9.892000 -36.896550 5.576650
-15.641000 -39.315550 5.576650
-7.689000 -38.476550 5.576650
-5.237000 -39.631550 5.576650
-13.181000 -41.944550 5.576650
-2.615000 -40.323550 5.576650
0.088000 -40.530550 5.576650
19.860000 -7.994550 5.576650
20.801000 -12.166550 5.576650
19.780000 -7.714550 5.576650
19.631000 -7.463550 5.576650
19.421000 -7.260550 5.576650
19.166000 -7.118550 5.576650
19.864000 -8.286550 5.576650
19.793000 -8.569550 5.576650
19.651000 -8.824550 5.576650
19.448000 -9.034550 5.576650
19.197000 -9.183550 5.576650
19.216000 -9.270550 5.576650
19.209000 -9.358550 5.576650
19.177000 -9.440550 5.576650
19.121000 -9.509550 5.576650
19.048000 -9.558550 5.576650
15.516000 -16.298550 5.576650
20.297000 -18.232550 5.576650
14.871000 -21.830550 5.576650
19.592000 -24.278550 5.576650
14.043000 -27.338550 5.576650
18.688000 -30.298550 5.576650
13.095000 -32.482550 5.576650
17.584000 -36.284550 5.576650
11.780000 -34.599550 5.576650
9.957000 -36.606550 5.576650
15.640000 -39.315550 5.576650
7.801000 -38.249550 5.576650
5.383000 -39.476550 5.576650
13.181000 -41.944550 5.576650
2.784000 -40.244550 5.576650
-10.287000 -44.084550 5.576650
10.286000 -44.084550 5.576650
7.052000 -45.666550 5.576650
-7.052000 -45.666550 5.576650
-3.585000 -46.636550 5.576650
0.000000 -46.963550 5.576650
16.254000 5.951450 5.576650
18.591000 4.283450 5.576650
18.883000 4.287450 5.576650
18.311000 4.203450 5.576650
18.060000 4.054450 5.576650
17.857000 3.844450 5.576650
17.715000 3.589450 5.576650
17.643000 3.306450 5.576650
17.648000 3.014450 5.576650
17.727000 2.734450 5.576650
17.877000 2.483450 5.576650
18.087000 2.280450 5.576650
18.341000 2.138450 5.576650
18.624000 2.066450 5.576650
18.631000 1.978450 5.576650
18.663000 1.896450 5.576650
18.718000 1.826450 5.576650
18.791000 1.777450 5.576650
18.875000 1.750450 5.576650
18.963000 1.750450 5.576650
2.561000 40.706850 5.576650
15.640000 39.315050 5.576650
5.182000 40.014350 5.576650
7.635000 38.859050 5.576650
17.584000 36.284450 5.576650
9.838000 37.279150 5.576650
11.719000 35.326650 5.576650
18.688000 30.298150 5.576650
13.095000 33.248450 5.576650
14.043000 28.104550 5.576650
19.592000 24.278550 5.576650
14.871000 22.596950 5.576650
20.297000 18.232250 5.576650
15.516000 17.064850 5.576650
20.801000 12.165450 5.576650
15.977000 11.514450 5.576650
21.104000 6.086450 5.576650
19.421000 4.074450 5.576650
19.631000 3.871450 5.576650
19.780000 3.620450 5.576650
21.205000 -0.000550 5.576650
19.166000 4.216450 5.576650
19.860000 3.339450 5.576650
19.864000 3.047450 5.576650
19.793000 2.764450 5.576650
19.651000 2.509450 5.576650
19.448000 2.300450 5.576650
19.197000 2.150450 5.576650
19.216000 2.064450 5.576650
19.209000 1.976450 5.576650
19.177000 1.894450 5.576650
19.121000 1.825450 5.576650
19.048000 1.776450 5.576650
19.608000 0.320450 5.576650
15.977000 -10.748550 5.576650
11.939000 -4.518550 -11.513910
11.695000 -9.414550 -11.513910
16.254000 -5.185550 5.576650
15.516000 -16.298550 5.576650
11.289000 -14.300550 -11.513910
12.020000 0.383450 -11.513910
16.346000 0.383450 5.576650
-12.074000 -0.000550 -11.513910
9.244000 -0.148550 -11.513910
9.550000 -0.108550 -11.513910
-11.993000 -4.901550 -11.513910
8.959000 -0.266550 -11.513910
8.714000 -0.454550 -11.513910
8.527000 -0.698550 -11.513910
8.409000 -0.983550 -11.513910
8.368000 -1.289550 -11.513910
8.409000 -1.595550 -11.513910
8.527000 -1.879550 -11.513910
8.714000 -2.124550 -11.513910
8.959000 -2.312550 -11.513910
9.244000 -2.430550 -11.513910
9.550000 -2.470550 -11.513910
11.939000 -4.518550 -11.513910
11.695000 -9.414550 -11.513910
-11.749000 -9.798550 -11.513910
11.289000 -14.300550 -11.513910
-11.343000 -14.683550 -11.513910
10.721000 -19.169550 -11.513910
-10.776000 -19.552550 -11.513910
9.993000 -24.017550 -11.513910
-10.047000 -24.400550 -11.513910
9.158000 -28.545550 -11.513910
-9.212000 -28.928550 -11.513910
8.247000 -30.033550 -11.513910
-8.240000 -30.377550 -11.513910
6.979000 -31.445550 -11.513910
-6.914000 -31.735550 -11.513910
5.477000 -32.605550 -11.513910
-5.365000 -32.832550 -11.513910
-3.643000 -33.630550 -11.513910
1.974000 -34.024550 -11.513910
-1.805000 -34.103550 -11.513910
0.088000 -34.236550 -11.513910
-2.028000 34.407550 -11.513910
1.751000 34.486350 -11.513910
-0.142000 34.619350 -11.513910
-3.844000 33.857950 -11.513910
5.311000 33.215150 -11.513910
-5.532000 32.988850 -11.513910
6.860000 32.118750 -11.513910
-7.034000 31.828850 -11.513910
8.186000 30.760250 -11.513910
-8.301000 30.416150 -11.513910
9.158000 29.311450 -11.513910
-9.212000 28.928050 -11.513910
9.993000 24.783750 -11.513910
-10.047000 24.400350 -11.513910
10.721000 19.935850 -11.513910
-10.776000 19.552550 -11.513910
11.289000 15.066450 -11.513910
-11.343000 14.683450 -11.513910
11.695000 10.181450 -11.513910
-11.749000 9.797450 -11.513910
11.939000 5.284450 -11.513910
-11.993000 4.901450 -11.513910
12.020000 0.383450 -11.513910
9.855000 -0.148550 -11.513910
10.140000 -0.266550 -11.513910
10.385000 -0.454550 -11.513910
10.572000 -0.698550 -11.513910
10.690000 -0.983550 -11.513910
10.731000 -1.289550 -11.513910
10.690000 -1.595550 -11.513910
10.572000 -1.879550 -11.513910
10.385000 -2.124550 -11.513910
10.140000 -2.312550 -11.513910
9.855000 -2.430550 -11.513910
14.871000 -21.830550 5.576650
10.721000 -19.169550 -11.513910
11.939000 5.284450 -11.513910
16.254000 5.951450 5.576650
11.695000 10.181450 -11.513910
15.977000 11.514450 5.576650
11.289000 15.066450 -11.513910
15.516000 17.064850 5.576650
10.721000 19.935850 -11.513910
14.871000 22.596950 5.576650
9.993000 24.783750 -11.513910
14.043000 28.104550 5.576650
13.095000 33.248450 5.576650
9.158000 29.311450 -11.513910
13.095000 33.248450 5.576650
8.186000 30.760250 -11.513910
9.158000 29.311450 -11.513910
11.719000 35.326650 5.576650
6.860000 32.118750 -11.513910
7.635000 38.859050 5.576650
5.311000 33.215150 -11.513910
5.182000 40.014350 5.576650
2.561000 40.706850 5.576650
1.751000 34.486350 -11.513910
-0.142000 40.913650 5.576650
-0.142000 34.619350 -11.513910
-2.028000 34.407550 -11.513910
-2.838000 40.627950 5.576650
-3.844000 33.857950 -11.513910
-5.438000 39.859250 5.576650
-5.532000 32.988850 -11.513910
-7.855000 38.632850 5.576650
-7.034000 31.828850 -11.513910
-10.011000 36.989150 5.576650
-8.301000 30.416150 -11.513910
-11.834000 34.982550 5.576650
-9.212000 28.928050 -11.513910
-13.149000 32.865050 5.576650
-10.047000 24.400350 -11.513910
-9.212000 28.928050 -11.513910
-14.098000 27.721150 5.576650
-10.776000 19.552550 -11.513910
-14.925000 22.213550 5.576650
-11.343000 14.683450 -11.513910
-15.570000 16.681450 5.576650
-11.749000 9.797450 -11.513910
-16.031000 11.131450 5.576650
-11.993000 4.901450 -11.513910
-16.308000 5.568450 5.576650
-12.074000 -0.000550 -11.513910
-16.401000 -0.000550 5.576650
-11.993000 -4.901550 -11.513910
-16.308000 -5.568550 5.576650
-11.749000 -9.798550 -11.513910
-16.031000 -11.131550 5.576650
-11.343000 -14.683550 -11.513910
-15.570000 -16.681550 5.576650
-10.776000 -19.552550 -11.513910
-14.925000 -22.213550 5.576650
-10.047000 -24.400550 -11.513910
-14.098000 -27.721550 5.576650
-13.149000 -32.865550 5.576650
-9.212000 -28.928550 -11.513910
-13.149000 -32.865550 5.576650
-8.240000 -30.377550 -11.513910
-9.212000 -28.928550 -11.513910
-11.773000 -34.943550 5.576650
-6.914000 -31.735550 -11.513910
-5.365000 -32.832550 -11.513910
-7.689000 -38.476550 5.576650
-3.643000 -33.630550 -11.513910
-5.237000 -39.631550 5.576650
-1.805000 -34.103550 -11.513910
-2.615000 -40.323550 5.576650
0.088000 -34.236550 -11.513910
0.088000 -40.530550 5.576650
2.784000 -40.244550 5.576650
1.974000 -34.024550 -11.513910
5.477000 -32.605550 -11.513910
5.383000 -39.476550 5.576650
7.801000 -38.249550 5.576650
6.979000 -31.445550 -11.513910
9.957000 -36.606550 5.576650
8.247000 -30.033550 -11.513910
11.780000 -34.599550 5.576650
9.158000 -28.545550 -11.513910
13.095000 -32.482550 5.576650
9.993000 -24.017550 -11.513910
9.158000 -28.545550 -11.513910
14.043000 -27.338550 5.576650
9.838000 37.279150 5.576650
-13.149000 32.865050 5.576650
-9.892000 -36.896550 5.576650
13.095000 -32.482550 5.576650
11.224000 -5.742550 13.124150
19.608000 0.320450 11.391550
11.224000 0.320450 13.124150
19.608000 -5.742550 11.391550
19.608000 0.320450 11.391550
11.224000 0.320450 11.929250
11.224000 0.320450 13.124150
17.376000 0.320450 10.196650
17.376000 0.320450 5.576650
19.608000 0.320450 5.576650
11.224000 -5.742550 13.124150
11.224000 0.320450 11.929250
11.224000 -5.742550 11.929250
11.224000 0.320450 13.124150
19.608000 -5.742550 5.576650
17.376000 -5.742550 10.196650
17.376000 -5.742550 5.576650
11.224000 -5.742550 13.124150
11.224000 -5.742550 11.929250
19.608000 -5.742550 11.391550
19.608000 0.320450 11.391550
19.608000 -5.742550 5.576650
19.608000 0.320450 5.576650
19.608000 -5.742550 11.391550
17.376000 -5.742550 10.196650
17.376000 0.320450 5.576650
17.376000 -5.742550 5.576650
17.376000 0.320450 10.196650
17.376000 -5.742550 10.196650
11.224000 0.320450 11.929250
17.376000 0.320450 10.196650
12.744000 -2.011550 11.501350
12.555000 -1.917550 11.554650
12.348000 -1.877550 11.612650
12.903000 -2.153550 11.456450
13.021000 -2.333550 11.423150
13.091000 -2.538550 11.403450
13.104000 -2.711550 11.399950
13.107000 -2.756550 11.398950
13.069000 -2.970550 11.409850
12.978000 -3.166550 11.435350
12.842000 -3.332550 11.473750
12.668000 -3.455550 11.522550
12.471000 -3.527550 11.578250
12.262000 -3.544550 11.637150
11.503000 -2.665550 11.850850
11.224000 -5.742550 11.929250
11.541000 -2.451550 11.839950
11.632000 -2.255550 11.814450
11.768000 -2.089550 11.776050
11.941000 -1.966550 11.727250
12.139000 -1.894550 11.671550
11.506000 -2.711550 11.849950
11.519000 -2.883550 11.846350
11.589000 -3.088550 11.826650
11.707000 -3.268550 11.793350
11.866000 -3.410550 11.748450
12.055000 -3.504550 11.695150
12.566000 -1.917550 11.596250
12.151000 -1.894550 11.713250
12.360000 -1.877550 11.654350
11.953000 -1.966550 11.768950
12.755000 -2.011550 11.543050
11.780000 -2.089550 11.817750
12.915000 -2.153550 11.498150
11.644000 -2.255550 11.856150
13.033000 -2.333550 11.464850
11.553000 -2.451550 11.881650
13.103000 -2.538550 11.445150
11.514000 -2.665550 11.892550
13.116000 -2.711550 11.441550
11.518000 -2.711550 11.891550
13.119000 -2.756550 11.440650
11.531000 -2.883550 11.887950
13.080000 -2.970550 11.451550
11.600000 -3.088550 11.868350
12.990000 -3.166550 11.477050
11.719000 -3.268550 11.835050
12.853000 -3.332550 11.515450
11.878000 -3.410550 11.790150
12.680000 -3.455550 11.564250
12.067000 -3.504550 11.736850
12.482000 -3.527550 11.619950
12.273000 -3.544550 11.678850
13.116000 -2.711550 11.441550
13.091000 -2.538550 11.403450
13.104000 -2.711550 11.399950
13.103000 -2.538550 11.445150
13.119000 -2.756550 11.440650
13.104000 -2.711550 11.399950
13.107000 -2.756550 11.398950
13.116000 -2.711550 11.441550
13.021000 -2.333550 11.423150
13.033000 -2.333550 11.464850
13.069000 -2.970550 11.409850
13.080000 -2.970550 11.451550
12.903000 -2.153550 11.456450
12.915000 -2.153550 11.498150
12.978000 -3.166550 11.435350
12.990000 -3.166550 11.477050
12.755000 -2.011550 11.543050
12.744000 -2.011550 11.501350
12.842000 -3.332550 11.473750
12.853000 -3.332550 11.515450
12.566000 -1.917550 11.596250
12.555000 -1.917550 11.554650
12.680000 -3.455550 11.564250
12.668000 -3.455550 11.522550
12.360000 -1.877550 11.654350
12.348000 -1.877550 11.612650
12.482000 -3.527550 11.619950
12.471000 -3.527550 11.578250
12.151000 -1.894550 11.713250
12.139000 -1.894550 11.671550
12.273000 -3.544550 11.678850
12.262000 -3.544550 11.637150
11.953000 -1.966550 11.768950
11.941000 -1.966550 11.727250
12.067000 -3.504550 11.736850
12.055000 -3.504550 11.695150
11.780000 -2.089550 11.817750
11.768000 -2.089550 11.776050
11.878000 -3.410550 11.790150
11.866000 -3.410550 11.748450
11.632000 -2.255550 11.814450
11.644000 -2.255550 11.856150
11.719000 -3.268550 11.835050
11.707000 -3.268550 11.793350
11.541000 -2.451550 11.839950
11.553000 -2.451550 11.881650
11.589000 -3.088550 11.826650
11.600000 -3.088550 11.868350
11.503000 -2.665550 11.850850
11.514000 -2.665550 11.892550
11.519000 -2.883550 11.846350
11.531000 -2.883550 11.887950
11.518000 -2.711550 11.891550
11.506000 -2.711550 11.849950
11.506000 -2.711550 11.849950
11.518000 -2.711550 11.891550
9.244000 -0.148550 -11.356430
9.855000 -0.148550 -11.356430
9.550000 -0.108550 -11.356430
8.959000 -0.266550 -11.356430
10.140000 -0.266550 -11.356430
8.714000 -0.454550 -11.356430
10.385000 -0.454550 -11.356430
8.527000 -0.698550 -11.356430
10.572000 -0.698550 -11.356430
8.409000 -0.983550 -11.356430
10.690000 -0.983550 -11.356430
8.368000 -1.289550 -11.356430
10.731000 -1.289550 -11.356430
8.409000 -1.595550 -11.356430
10.690000 -1.595550 -11.356430
8.527000 -1.879550 -11.356430
10.572000 -1.879550 -11.356430
8.714000 -2.124550 -11.356430
10.385000 -2.124550 -11.356430
8.959000 -2.312550 -11.356430
10.140000 -2.312550 -11.356430
9.244000 -2.430550 -11.356430
9.855000 -2.430550 -11.356430
9.550000 -2.470550 -11.356430
10.140000 -0.266550 -11.356430
9.855000 -0.148550 -11.513910
9.855000 -0.148550 -11.356430
10.140000 -0.266550 -11.513910
9.550000 -0.108550 -11.513910
9.550000 -0.108550 -11.356430
9.244000 -0.148550 -11.513910
9.244000 -0.148550 -11.356430
8.959000 -0.266550 -11.513910
8.959000 -0.266550 -11.356430
8.714000 -0.454550 -11.513910
8.714000 -0.454550 -11.356430
8.527000 -0.698550 -11.356430
8.527000 -0.698550 -11.513910
8.409000 -0.983550 -11.356430
8.409000 -0.983550 -11.513910
8.368000 -1.289550 -11.356430
8.368000 -1.289550 -11.513910
8.409000 -1.595550 -11.356430
8.409000 -1.595550 -11.513910
8.527000 -1.879550 -11.356430
8.527000 -1.879550 -11.513910
8.714000 -2.124550 -11.356430
8.714000 -2.124550 -11.513910
8.959000 -2.312550 -11.513910
8.959000 -2.312550 -11.356430
9.244000 -2.430550 -11.513910
9.244000 -2.430550 -11.356430
9.550000 -2.470550 -11.513910
9.550000 -2.470550 -11.356430
9.855000 -2.430550 -11.513910
9.855000 -2.430550 -11.356430
10.140000 -2.312550 -11.513910
10.140000 -2.312550 -11.356430
10.385000 -2.124550 -11.513910
10.385000 -2.124550 -11.356430
10.572000 -1.879550 -11.356430
10.572000 -1.879550 -11.513910
10.690000 -1.595550 -11.356430
10.690000 -1.595550 -11.513910
10.731000 -1.289550 -11.356430
10.731000 -1.289550 -11.513910
10.690000 -0.983550 -11.356430
10.690000 -0.983550 -11.513910
10.572000 -0.698550 -11.356430
10.572000 -0.698550 -11.513910
10.385000 -0.454550 -11.356430
10.385000 -0.454550 -11.513910
18.591000 4.283450 6.364050
19.166000 4.216450 6.364050
18.883000 4.287450 6.364050
18.311000 4.203450 6.364050
19.421000 4.074450 6.364050
18.060000 4.054450 6.364050
19.631000 3.871450 6.364050
17.857000 3.844450 6.364050
19.780000 3.620450 6.364050
17.715000 3.589450 6.364050
19.860000 3.339450 6.364050
17.643000 3.306450 6.364050
19.864000 3.047450 6.364050
17.648000 3.014450 6.364050
19.793000 2.764450 6.364050
17.727000 2.734450 6.364050
19.651000 2.509450 6.364050
17.877000 2.483450 6.364050
19.448000 2.300450 6.364050
18.087000 2.280450 6.364050
19.197000 2.150450 6.364050
18.341000 2.138450 6.364050
19.216000 2.064450 6.364050
18.624000 2.066450 6.364050
18.631000 1.978450 6.364050
19.209000 1.976450 6.364050
18.663000 1.896450 6.364050
19.177000 1.894450 6.364050
18.718000 1.826450 6.364050
19.121000 1.825450 6.364050
18.791000 1.777450 6.364050
19.048000 1.776450 6.364050
18.875000 1.750450 6.364050
18.963000 1.750450 6.364050
18.624000 2.066450 5.576650
18.341000 2.138450 6.364050
18.341000 2.138450 5.576650
18.624000 2.066450 6.364050
18.631000 1.978450 6.364050
18.624000 2.066450 5.576650
18.631000 1.978450 5.576650
18.624000 2.066450 6.364050
18.087000 2.280450 6.364050
18.087000 2.280450 5.576650
18.663000 1.896450 6.364050
18.663000 1.896450 5.576650
17.877000 2.483450 6.364050
17.877000 2.483450 5.576650
18.718000 1.826450 6.364050
18.718000 1.826450 5.576650
17.727000 2.734450 5.576650
17.727000 2.734450 6.364050
18.791000 1.777450 5.576650
18.791000 1.777450 6.364050
17.648000 3.014450 5.576650
17.648000 3.014450 6.364050
18.875000 1.750450 5.576650
18.875000 1.750450 6.364050
17.643000 3.306450 5.576650
17.643000 3.306450 6.364050
18.963000 1.750450 5.576650
18.963000 1.750450 6.364050
17.715000 3.589450 5.576650
17.715000 3.589450 6.364050
19.048000 1.776450 5.576650
19.048000 1.776450 6.364050
17.857000 3.844450 5.576650
17.857000 3.844450 6.364050
19.121000 1.825450 5.576650
19.121000 1.825450 6.364050
18.060000 4.054450 5.576650
18.060000 4.054450 6.364050
19.177000 1.894450 6.364050
19.177000 1.894450 5.576650
18.311000 4.203450 6.364050
18.311000 4.203450 5.576650
19.209000 1.976450 6.364050
19.209000 1.976450 5.576650
18.591000 4.283450 6.364050
18.591000 4.283450 5.576650
19.216000 2.064450 6.364050
19.216000 2.064450 5.576650
18.883000 4.287450 6.364050
18.883000 4.287450 5.576650
19.197000 2.150450 6.364050
19.197000 2.150450 5.576650
19.166000 4.216450 6.364050
19.166000 4.216450 5.576650
19.448000 2.300450 5.576650
19.197000 2.150450 6.364050
19.197000 2.150450 5.576650
19.448000 2.300450 6.364050
19.421000 4.074450 6.364050
19.421000 4.074450 5.576650
19.651000 2.509450 6.364050
19.651000 2.509450 5.576650
19.631000 3.871450 6.364050
19.631000 3.871450 5.576650
19.793000 2.764450 6.364050
19.793000 2.764450 5.576650
19.780000 3.620450 5.576650
19.780000 3.620450 6.364050
19.864000 3.047450 6.364050
19.864000 3.047450 5.576650
19.860000 3.339450 5.576650
19.860000 3.339450 6.364050
18.591000 -7.051550 6.364050
19.166000 -7.118550 6.364050
18.883000 -7.046550 6.364050
18.311000 -7.130550 6.364050
19.421000 -7.260550 6.364050
18.060000 -7.280550 6.364050
19.631000 -7.463550 6.364050
17.857000 -7.490550 6.364050
19.780000 -7.714550 6.364050
17.715000 -7.744550 6.364050
19.860000 -7.994550 6.364050
17.643000 -8.027550 6.364050
19.864000 -8.286550 6.364050
17.648000 -8.319550 6.364050
19.793000 -8.569550 6.364050
17.727000 -8.600550 6.364050
19.651000 -8.824550 6.364050
17.877000 -8.851550 6.364050
19.448000 -9.034550 6.364050
18.087000 -9.054550 6.364050
19.197000 -9.183550 6.364050
18.341000 -9.196550 6.364050
19.216000 -9.270550 6.364050
18.624000 -9.267550 6.364050
18.631000 -9.356550 6.364050
19.209000 -9.358550 6.364050
18.663000 -9.438550 6.364050
19.177000 -9.440550 6.364050
18.718000 -9.507550 6.364050
19.121000 -9.509550 6.364050
18.791000 -9.557550 6.364050
19.048000 -9.558550 6.364050
18.875000 -9.583550 6.364050
18.963000 -9.584550 6.364050
18.624000 -9.267550 5.576650
18.341000 -9.196550 6.364050
18.341000 -9.196550 5.576650
18.624000 -9.267550 6.364050
18.631000 -9.356550 6.364050
18.624000 -9.267550 5.576650
18.631000 -9.356550 5.576650
18.624000 -9.267550 6.364050
18.087000 -9.054550 6.364050
18.087000 -9.054550 5.576650
18.663000 -9.438550 6.364050
18.663000 -9.438550 5.576650
17.877000 -8.851550 6.364050
17.877000 -8.851550 5.576650
18.718000 -9.507550 6.364050
18.718000 -9.507550 5.576650
17.727000 -8.600550 5.576650
17.727000 -8.600550 6.364050
18.791000 -9.557550 5.576650
18.791000 -9.557550 6.364050
17.648000 -8.319550 5.576650
17.648000 -8.319550 6.364050
18.875000 -9.583550 5.576650
18.875000 -9.583550 6.364050
17.643000 -8.027550 5.576650
17.643000 -8.027550 6.364050
18.963000 -9.584550 5.576650
18.963000 -9.584550 6.364050
17.715000 -7.744550 5.576650
17.715000 -7.744550 6.364050
19.048000 -9.558550 5.576650
19.048000 -9.558550 6.364050
17.857000 -7.490550 5.576650
17.857000 -7.490550 6.364050
19.121000 -9.509550 5.576650
19.121000 -9.509550 6.364050
18.060000 -7.280550 5.576650
18.060000 -7.280550 6.364050
19.177000 -9.440550 6.364050
19.177000 -9.440550 5.576650
18.311000 -7.130550 6.364050
18.311000 -7.130550 5.576650
19.209000 -9.358550 6.364050
19.209000 -9.358550 5.576650
18.591000 -7.051550 6.364050
18.591000 -7.051550 5.576650
19.216000 -9.270550 6.364050
19.216000 -9.270550 5.576650
18.883000 -7.046550 6.364050
18.883000 -7.046550 5.576650
19.197000 -9.183550 6.364050
19.197000 -9.183550 5.576650
19.166000 -7.118550 6.364050
19.166000 -7.118550 5.576650
19.448000 -9.034550 5.576650
19.197000 -9.183550 6.364050
19.197000 -9.183550 5.576650
19.448000 -9.034550 6.364050
19.421000 -7.260550 6.364050
19.421000 -7.260550 5.576650
19.651000 -8.824550 6.364050
19.651000 -8.824550 5.576650
19.631000 -7.463550 6.364050
19.631000 -7.463550 5.576650
19.793000 -8.569550 6.364050
19.793000 -8.569550 5.576650
19.780000 -7.714550 5.576650
19.780000 -7.714550 6.364050
19.864000 -8.286550 6.364050
19.864000 -8.286550 5.576650
19.860000 -7.994550 5.576650
19.860000 -7.994550 6.364050
-3.116000 38.513250 -2.092650
1.997000 38.665550 -2.092650
-0.567000 38.822550 -2.092650
4.490000 38.047150 -2.092650
-5.568000 37.747650 -2.092650
6.830000 36.987950 -2.092650
-7.841000 36.551150 -2.092650
8.940000 35.522850 -2.092650
-9.860000 34.963050 -2.092650
10.750000 33.700250 -2.092650
-11.421000 33.191450 -2.092650
12.200000 31.580350 -2.092650
-12.479000 28.262750 -2.092650
13.158000 29.422350 -2.092650
13.928000 24.440550 -2.092650
-13.430000 22.980350 -2.092650
14.572000 19.111850 -2.092650
-14.206000 17.669350 -2.092650
15.038000 13.764450 -2.092650
-14.805000 12.335450 -2.092650
15.327000 8.405450 -2.092650
-15.228000 6.984450 -2.092650
15.439000 3.038450 -2.092650
-15.472000 1.622450 -2.092650
15.372000 -2.328550 -2.092650
-15.539000 -3.744550 -2.092650
15.127000 -7.689550 -2.092650
-15.428000 -9.110550 -2.092650
14.705000 -13.040550 -2.092650
-15.139000 -14.469550 -2.092650
14.105000 -18.374550 -2.092650
-14.672000 -19.817550 -2.092650
13.330000 -23.685550 -2.092650
-14.029000 -25.145550 -2.092650
12.378000 -28.967550 -2.092650
-13.259000 -30.127550 -2.092650
11.321000 -33.896550 -2.092650
-12.300000 -32.285550 -2.092650
-10.850000 -34.405550 -2.092650
9.759000 -35.668550 -2.092650
-9.040000 -36.228550 -2.092650
7.741000 -37.256550 -2.092650
-6.931000 -37.693550 -2.092650
5.468000 -38.452550 -2.092650
-4.591000 -38.752550 -2.092650
-2.098000 -39.370550 -2.092650
0.466000 -39.527550 -2.092650
0.466000 -39.527550 -2.092650
-2.098000 -39.370550 -2.092650
-4.591000 -38.752550 -2.092650
5.468000 -38.452550 -2.092650
-6.931000 -37.693550 -2.092650
7.741000 -37.256550 -2.092650
-9.040000 -36.228550 -2.092650
9.759000 -35.668550 -2.092650
-10.850000 -34.405550 -2.092650
11.321000 -33.896550 -2.092650
-12.300000 -32.285550 -2.092650
-13.259000 -30.127550 -2.092650
12.378000 -28.967550 -2.092650
-14.029000 -25.145550 -2.092650
13.330000 -23.685550 -2.092650
-14.672000 -19.817550 -2.092650
14.105000 -18.374550 -2.092650
-15.139000 -14.469550 -2.092650
14.705000 -13.040550 -2.092650
-15.428000 -9.110550 -2.092650
15.127000 -7.689550 -2.092650
-15.539000 -3.744550 -2.092650
15.372000 -2.328550 -2.092650
-15.472000 1.622450 -2.092650
15.439000 3.038450 -2.092650
-15.228000 6.984450 -2.092650
15.327000 8.405450 -2.092650
-14.805000 12.335450 -2.092650
15.038000 13.764450 -2.092650
-14.206000 17.669350 -2.092650
14.572000 19.111850 -2.092650
-13.430000 22.980350 -2.092650
13.928000 24.440550 -2.092650
-12.479000 28.262750 -2.092650
13.158000 29.422350 -2.092650
12.200000 31.580350 -2.092650
-11.421000 33.191450 -2.092650
10.750000 33.700250 -2.092650
-9.860000 34.963050 -2.092650
8.940000 35.522850 -2.092650
-7.841000 36.551150 -2.092650
6.830000 36.987950 -2.092650
-5.568000 37.747650 -2.092650
4.490000 38.047150 -2.092650
-3.116000 38.513250 -2.092650
1.997000 38.665550 -2.092650
-0.567000 38.822550 -2.092650
9.608000 -0.163550 -11.513910
9.549000 -0.158550 -11.513910
9.571000 -0.153550 -11.513910
9.529000 -0.173550 -11.513910
9.654000 -0.192550 -11.513910
9.509000 -0.198550 -11.513910
9.584000 -0.203550 -11.513910
9.607000 -0.209550 -11.513910
9.701000 -0.238550 -11.513910
9.634000 -0.229550 -11.513910
9.666000 -0.261550 -11.513910
9.744000 -0.302550 -11.513910
9.693000 -0.298550 -11.513910
9.715000 -0.340550 -11.513910
9.770000 -0.354550 -11.513910
9.734000 -0.386550 -11.513910
9.789000 -0.402550 -11.513910
9.748000 -0.436550 -11.513910
9.800000 -0.448550 -11.513910
9.752000 -0.472550 -11.513910
9.804000 -0.490550 -11.513910
9.747000 -0.500550 -11.513910
9.800000 -0.527550 -11.513910
9.733000 -0.523550 -11.513910
9.723000 -0.532550 -11.513910
9.789000 -0.555550 -11.513910
9.719000 -0.535550 -11.513910
9.713000 -0.550550 -11.513910
9.710000 -0.560550 -11.513910
9.772000 -0.574550 -11.513910
9.723000 -0.585550 -11.513910
9.729000 -0.584550 -11.513910
9.751000 -0.582550 -11.513910
9.735000 -0.584550 -11.513910
9.571000 -0.206550 -11.513910
9.490000 -0.233550 -11.513910
9.557000 -0.217550 -11.513910
9.531000 -0.260550 -11.513910
9.468000 -0.280550 -11.513910
9.512000 -0.303550 -11.513910
9.449000 -0.329550 -11.513910
9.509000 -0.308550 -11.513910
9.473000 -0.405550 -11.513910
9.427000 -0.389550 -11.513910
9.406000 -0.435550 -11.513910
9.467000 -0.419550 -11.513910
9.454000 -0.450550 -11.513910
9.387000 -0.463550 -11.513910
9.439000 -0.477550 -11.513910
9.368000 -0.472550 -11.513910
9.354000 -0.244550 -11.513910
9.326000 -0.241550 -11.513910
9.336000 -0.239550 -11.513910
9.307000 -0.263550 -11.513910
9.368000 -0.259550 -11.513910
9.371000 -0.263550 -11.513910
9.305000 -0.273550 -11.513910
9.371000 -0.285550 -11.513910
9.295000 -0.311550 -11.513910
9.353000 -0.306550 -11.513910
9.352000 -0.311550 -11.513910
9.293000 -0.344550 -11.513910
9.349000 -0.326550 -11.513910
9.344000 -0.348550 -11.513910
9.293000 -0.350550 -11.513910
9.336000 -0.412550 -11.513910
9.293000 -0.356550 -11.513910
9.293000 -0.365550 -11.513910
9.293000 -0.409550 -11.513910
9.297000 -0.433550 -11.513910
9.338000 -0.437550 -11.513910
9.310000 -0.469550 -11.513910
9.344000 -0.455550 -11.513910
9.355000 -0.468550 -11.513910
9.326000 -0.492550 -11.513910
9.420000 -0.497550 -11.513910
9.349000 -0.507550 -11.513910
9.399000 -0.509550 -11.513910
9.374000 -0.513550 -11.513910
9.744000 -0.302550 -11.323830
9.770000 -0.354550 -11.513910
9.744000 -0.302550 -11.513910
9.770000 -0.354550 -11.323830
9.789000 -0.402550 -11.513910
9.789000 -0.402550 -11.323830
9.800000 -0.448550 -11.513910
9.800000 -0.448550 -11.323830
9.804000 -0.490550 -11.513910
9.804000 -0.490550 -11.323830
9.800000 -0.527550 -11.513910
9.800000 -0.527550 -11.323830
9.789000 -0.555550 -11.513910
9.789000 -0.555550 -11.323830
9.772000 -0.574550 -11.513910
9.772000 -0.574550 -11.323830
9.751000 -0.582550 -11.323830
9.751000 -0.582550 -11.513910
9.735000 -0.584550 -11.323830
9.735000 -0.584550 -11.513910
9.729000 -0.584550 -11.323830
9.729000 -0.584550 -11.513910
9.723000 -0.585550 -11.323830
9.723000 -0.585550 -11.513910
9.723000 -0.585550 -11.323830
9.710000 -0.560550 -11.513910
9.723000 -0.585550 -11.513910
9.710000 -0.560550 -11.323830
9.710000 -0.560550 -11.323830
9.713000 -0.550550 -11.513910
9.710000 -0.560550 -11.513910
9.713000 -0.550550 -11.323830
9.719000 -0.535550 -11.513910
9.719000 -0.535550 -11.323830
9.723000 -0.532550 -11.323830
9.719000 -0.535550 -11.513910
9.719000 -0.535550 -11.323830
9.723000 -0.532550 -11.513910
9.733000 -0.523550 -11.323830
9.733000 -0.523550 -11.513910
9.747000 -0.500550 -11.513910
9.747000 -0.500550 -11.323830
9.752000 -0.472550 -11.513910
9.752000 -0.472550 -11.323830
9.748000 -0.436550 -11.513910
9.748000 -0.436550 -11.323830
9.734000 -0.386550 -11.513910
9.734000 -0.386550 -11.323830
9.715000 -0.340550 -11.513910
9.715000 -0.340550 -11.323830
9.693000 -0.298550 -11.513910
9.693000 -0.298550 -11.323830
9.666000 -0.261550 -11.513910
9.666000 -0.261550 -11.323830
9.634000 -0.229550 -11.513910
9.634000 -0.229550 -11.323830
9.607000 -0.209550 -11.323830
9.607000 -0.209550 -11.513910
9.584000 -0.203550 -11.323830
9.584000 -0.203550 -11.513910
9.584000 -0.203550 -11.513910
9.571000 -0.206550 -11.323830
9.571000 -0.206550 -11.513910
9.584000 -0.203550 -11.323830
9.557000 -0.217550 -11.323830
9.557000 -0.217550 -11.513910
9.531000 -0.260550 -11.513910
9.531000 -0.260550 -11.323830
9.512000 -0.303550 -11.513910
9.512000 -0.303550 -11.323830
9.509000 -0.308550 -11.513910
9.509000 -0.308550 -11.323830
9.473000 -0.405550 -11.513910
9.473000 -0.405550 -11.323830
9.467000 -0.419550 -11.513910
9.467000 -0.419550 -11.323830
9.454000 -0.450550 -11.513910
9.454000 -0.450550 -11.323830
9.439000 -0.477550 -11.513910
9.439000 -0.477550 -11.323830
9.420000 -0.497550 -11.513910
9.420000 -0.497550 -11.323830
9.399000 -0.509550 -11.323830
9.399000 -0.509550 -11.513910
9.374000 -0.513550 -11.323830
9.374000 -0.513550 -11.513910
9.349000 -0.507550 -11.323830
9.349000 -0.507550 -11.513910
9.326000 -0.492550 -11.323830
9.326000 -0.492550 -11.513910
9.310000 -0.469550 -11.513910
9.310000 -0.469550 -11.323830
9.297000 -0.433550 -11.513910
9.297000 -0.433550 -11.323830
9.293000 -0.409550 -11.513910
9.293000 -0.409550 -11.323830
9.293000 -0.365550 -11.513910
9.293000 -0.365550 -11.323830
9.293000 -0.356550 -11.513910
9.293000 -0.356550 -11.323830
9.293000 -0.350550 -11.513910
9.293000 -0.350550 -11.323830
9.293000 -0.344550 -11.513910
9.293000 -0.344550 -11.323830
9.295000 -0.311550 -11.513910
9.295000 -0.311550 -11.323830
9.305000 -0.273550 -11.513910
9.305000 -0.273550 -11.323830
9.307000 -0.263550 -11.513910
9.307000 -0.263550 -11.323830
9.326000 -0.241550 -11.513910
9.326000 -0.241550 -11.323830
9.336000 -0.239550 -11.323830
9.326000 -0.241550 -11.513910
9.326000 -0.241550 -11.323830
9.336000 -0.239550 -11.513910
9.354000 -0.244550 -11.323830
9.354000 -0.244550 -11.513910
9.354000 -0.244550 -11.323830
9.368000 -0.259550 -11.513910
9.354000 -0.244550 -11.513910
9.368000 -0.259550 -11.323830
9.371000 -0.263550 -11.513910
9.371000 -0.263550 -11.323830
9.371000 -0.263550 -11.323830
9.371000 -0.285550 -11.513910
9.371000 -0.263550 -11.513910
9.371000 -0.285550 -11.323830
9.371000 -0.285550 -11.323830
9.353000 -0.306550 -11.513910
9.371000 -0.285550 -11.513910
9.353000 -0.306550 -11.323830
9.352000 -0.311550 -11.513910
9.352000 -0.311550 -11.323830
9.349000 -0.326550 -11.513910
9.349000 -0.326550 -11.323830
9.344000 -0.348550 -11.513910
9.344000 -0.348550 -11.323830
9.336000 -0.412550 -11.513910
9.336000 -0.412550 -11.323830
9.338000 -0.437550 -11.513910
9.338000 -0.437550 -11.323830
9.344000 -0.455550 -11.513910
9.344000 -0.455550 -11.323830
9.355000 -0.468550 -11.513910
9.355000 -0.468550 -11.323830
9.368000 -0.472550 -11.323830
9.355000 -0.468550 -11.513910
9.355000 -0.468550 -11.323830
9.368000 -0.472550 -11.513910
9.387000 -0.463550 -11.323830
9.368000 -0.472550 -11.513910
9.368000 -0.472550 -11.323830
9.387000 -0.463550 -11.513910
9.406000 -0.435550 -11.513910
9.406000 -0.435550 -11.323830
9.427000 -0.389550 -11.513910
9.427000 -0.389550 -11.323830
9.449000 -0.329550 -11.513910
9.449000 -0.329550 -11.323830
9.468000 -0.280550 -11.513910
9.468000 -0.280550 -11.323830
9.490000 -0.233550 -11.513910
9.490000 -0.233550 -11.323830
9.509000 -0.198550 -11.513910
9.509000 -0.198550 -11.323830
9.529000 -0.173550 -11.513910
9.529000 -0.173550 -11.323830
9.549000 -0.158550 -11.323830
9.549000 -0.158550 -11.513910
9.571000 -0.153550 -11.323830
9.571000 -0.153550 -11.513910
9.608000 -0.163550 -11.323830
9.608000 -0.163550 -11.513910
9.654000 -0.192550 -11.323830
9.654000 -0.192550 -11.513910
9.701000 -0.238550 -11.323830
9.701000 -0.238550 -11.513910
9.326000 -0.241550 -11.323830
9.354000 -0.244550 -11.323830
9.336000 -0.239550 -11.323830
9.307000 -0.263550 -11.323830
9.368000 -0.259550 -11.323830
9.371000 -0.263550 -11.323830
9.305000 -0.273550 -11.323830
9.371000 -0.285550 -11.323830
9.295000 -0.311550 -11.323830
9.353000 -0.306550 -11.323830
9.352000 -0.311550 -11.323830
9.293000 -0.344550 -11.323830
9.349000 -0.326550 -11.323830
9.344000 -0.348550 -11.323830
9.293000 -0.350550 -11.323830
9.336000 -0.412550 -11.323830
9.293000 -0.356550 -11.323830
9.293000 -0.365550 -11.323830
9.293000 -0.409550 -11.323830
9.297000 -0.433550 -11.323830
9.338000 -0.437550 -11.323830
9.310000 -0.469550 -11.323830
9.344000 -0.455550 -11.323830
9.355000 -0.468550 -11.323830
9.368000 -0.472550 -11.323830
9.326000 -0.492550 -11.323830
9.439000 -0.477550 -11.323830
9.420000 -0.497550 -11.323830
9.349000 -0.507550 -11.323830
9.399000 -0.509550 -11.323830
9.374000 -0.513550 -11.323830
9.509000 -0.198550 -11.323830
9.571000 -0.206550 -11.323830
9.584000 -0.203550 -11.323830
9.490000 -0.233550 -11.323830
9.557000 -0.217550 -11.323830
9.531000 -0.260550 -11.323830
9.468000 -0.280550 -11.323830
9.512000 -0.303550 -11.323830
9.449000 -0.329550 -11.323830
9.509000 -0.308550 -11.323830
9.473000 -0.405550 -11.323830
9.427000 -0.389550 -11.323830
9.406000 -0.435550 -11.323830
9.467000 -0.419550 -11.323830
9.454000 -0.450550 -11.323830
9.387000 -0.463550 -11.323830
9.549000 -0.158550 -11.323830
9.608000 -0.163550 -11.323830
9.571000 -0.153550 -11.323830
9.529000 -0.173550 -11.323830
9.654000 -0.192550 -11.323830
9.607000 -0.209550 -11.323830
9.701000 -0.238550 -11.323830
9.634000 -0.229550 -11.323830
9.666000 -0.261550 -11.323830
9.744000 -0.302550 -11.323830
9.693000 -0.298550 -11.323830
9.715000 -0.340550 -11.323830
9.770000 -0.354550 -11.323830
9.734000 -0.386550 -11.323830
9.789000 -0.402550 -11.323830
9.748000 -0.436550 -11.323830
9.800000 -0.448550 -11.323830
9.752000 -0.472550 -11.323830
9.804000 -0.490550 -11.323830
9.747000 -0.500550 -11.323830
9.800000 -0.527550 -11.323830
9.733000 -0.523550 -11.323830
9.723000 -0.532550 -11.323830
9.789000 -0.555550 -11.323830
9.719000 -0.535550 -11.323830
9.713000 -0.550550 -11.323830
9.710000 -0.560550 -11.323830
9.772000 -0.574550 -11.323830
9.723000 -0.585550 -11.323830
9.729000 -0.584550 -11.323830
9.751000 -0.582550 -11.323830
9.735000 -0.584550 -11.323830
9.675000 -0.674550 -11.513910
9.551000 -0.669550 -11.513910
9.662000 -0.666550 -11.513910
9.678000 -0.723550 -11.513910
9.676000 -0.679550 -11.513910
9.678000 -0.686550 -11.513910
9.679000 -0.697550 -11.513910
9.679000 -0.705550 -11.513910
9.679000 -0.714550 -11.513910
9.495000 -0.606550 -11.513910
9.418000 -0.605550 -11.513910
9.447000 -0.603550 -11.513910
9.391000 -0.613550 -11.513910
9.544000 -0.617550 -11.513910
9.368000 -0.625550 -11.513910
9.594000 -0.634550 -11.513910
9.347000 -0.641550 -11.513910
9.646000 -0.657550 -11.513910
9.483000 -0.654550 -11.513910
9.502000 -0.657550 -11.513910
9.514000 -0.727550 -11.513910
9.559000 -0.725550 -11.513910
9.562000 -0.783550 -11.513910
9.519000 -0.811550 -11.513910
9.559000 -0.846550 -11.513910
9.521000 -0.887550 -11.513910
9.551000 -0.910550 -11.513910
9.521000 -0.908550 -11.513910
9.457000 -0.654550 -11.513910
9.330000 -0.663550 -11.513910
9.411000 -0.660550 -11.513910
9.378000 -0.678550 -11.513910
9.318000 -0.687550 -11.513910
9.358000 -0.707550 -11.513910
9.311000 -0.716550 -11.513910
9.351000 -0.748550 -11.513910
9.309000 -0.748550 -11.513910
9.314000 -0.799550 -11.513910
9.351000 -0.764550 -11.513910
9.354000 -0.776550 -11.513910
9.365000 -0.814550 -11.513910
9.330000 -0.853550 -11.513910
9.389000 -0.862550 -11.513910
9.359000 -0.914550 -11.513910
9.396000 -0.873550 -11.513910
9.416000 -0.907550 -11.513910
9.429000 -0.939550 -11.513910
9.376000 -0.938550 -11.513910
9.395000 -0.956550 -11.513910
9.398000 -0.957550 -11.513910
9.410000 -0.959550 -11.513910
9.402000 -0.958550 -11.513910
9.406000 -0.958550 -11.513910
9.662000 -0.666550 -11.323830
9.646000 -0.657550 -11.513910
9.646000 -0.657550 -11.323830
9.662000 -0.666550 -11.513910
9.675000 -0.674550 -11.323830
9.675000 -0.674550 -11.513910
9.675000 -0.674550 -11.323830
9.676000 -0.679550 -11.513910
9.675000 -0.674550 -11.513910
9.676000 -0.679550 -11.323830
9.678000 -0.686550 -11.513910
9.678000 -0.686550 -11.323830
9.679000 -0.697550 -11.513910
9.679000 -0.697550 -11.323830
9.679000 -0.705550 -11.513910
9.679000 -0.705550 -11.323830
9.679000 -0.714550 -11.513910
9.679000 -0.714550 -11.323830
9.678000 -0.723550 -11.513910
9.678000 -0.723550 -11.323830
9.678000 -0.723550 -11.513910
9.551000 -0.669550 -11.323830
9.551000 -0.669550 -11.513910
9.678000 -0.723550 -11.323830
9.551000 -0.669550 -11.323830
9.559000 -0.725550 -11.513910
9.551000 -0.669550 -11.513910
9.559000 -0.725550 -11.323830
9.562000 -0.783550 -11.513910
9.562000 -0.783550 -11.323830
9.559000 -0.846550 -11.513910
9.559000 -0.846550 -11.323830
9.551000 -0.910550 -11.513910
9.551000 -0.910550 -11.323830
9.551000 -0.910550 -11.513910
9.521000 -0.908550 -11.323830
9.521000 -0.908550 -11.513910
9.551000 -0.910550 -11.323830
9.521000 -0.908550 -11.323830
9.521000 -0.887550 -11.513910
9.521000 -0.908550 -11.513910
9.521000 -0.887550 -11.323830
9.519000 -0.811550 -11.513910
9.519000 -0.811550 -11.323830
9.514000 -0.727550 -11.513910
9.514000 -0.727550 -11.323830
9.502000 -0.657550 -11.513910
9.502000 -0.657550 -11.323830
9.502000 -0.657550 -11.513910
9.483000 -0.654550 -11.323830
9.483000 -0.654550 -11.513910
9.502000 -0.657550 -11.323830
9.457000 -0.654550 -11.323830
9.457000 -0.654550 -11.513910
9.411000 -0.660550 -11.323830
9.411000 -0.660550 -11.513910
9.378000 -0.678550 -11.323830
9.378000 -0.678550 -11.513910
9.358000 -0.707550 -11.513910
9.358000 -0.707550 -11.323830
9.351000 -0.748550 -11.513910
9.351000 -0.748550 -11.323830
9.351000 -0.764550 -11.513910
9.351000 -0.764550 -11.323830
9.354000 -0.776550 -11.513910
9.354000 -0.776550 -11.323830
9.365000 -0.814550 -11.513910
9.365000 -0.814550 -11.323830
9.389000 -0.862550 -11.513910
9.389000 -0.862550 -11.323830
9.396000 -0.873550 -11.513910
9.396000 -0.873550 -11.323830
9.416000 -0.907550 -11.513910
9.416000 -0.907550 -11.323830
9.429000 -0.939550 -11.513910
9.429000 -0.939550 -11.323830
9.429000 -0.939550 -11.323830
9.410000 -0.959550 -11.513910
9.429000 -0.939550 -11.513910
9.410000 -0.959550 -11.323830
9.410000 -0.959550 -11.513910
9.406000 -0.958550 -11.323830
9.406000 -0.958550 -11.513910
9.410000 -0.959550 -11.323830
9.402000 -0.958550 -11.323830
9.402000 -0.958550 -11.513910
9.398000 -0.957550 -11.323830
9.398000 -0.957550 -11.513910
9.395000 -0.956550 -11.323830
9.395000 -0.956550 -11.513910
9.395000 -0.956550 -11.513910
9.376000 -0.938550 -11.323830
9.376000 -0.938550 -11.513910
9.395000 -0.956550 -11.323830
9.359000 -0.914550 -11.513910
9.359000 -0.914550 -11.323830
9.330000 -0.853550 -11.513910
9.330000 -0.853550 -11.323830
9.314000 -0.799550 -11.513910
9.314000 -0.799550 -11.323830
9.309000 -0.748550 -11.513910
9.309000 -0.748550 -11.323830
9.311000 -0.716550 -11.513910
9.311000 -0.716550 -11.323830
9.318000 -0.687550 -11.513910
9.318000 -0.687550 -11.323830
9.330000 -0.663550 -11.513910
9.330000 -0.663550 -11.323830
9.347000 -0.641550 -11.513910
9.347000 -0.641550 -11.323830
9.368000 -0.625550 -11.323830
9.368000 -0.625550 -11.513910
9.391000 -0.613550 -11.323830
9.391000 -0.613550 -11.513910
9.418000 -0.605550 -11.323830
9.418000 -0.605550 -11.513910
9.447000 -0.603550 -11.323830
9.447000 -0.603550 -11.513910
9.495000 -0.606550 -11.323830
9.495000 -0.606550 -11.513910
9.544000 -0.617550 -11.323830
9.544000 -0.617550 -11.513910
9.594000 -0.634550 -11.323830
9.594000 -0.634550 -11.513910
9.330000 -0.663550 -11.323830
9.457000 -0.654550 -11.323830
9.347000 -0.641550 -11.323830
9.411000 -0.660550 -11.323830
9.378000 -0.678550 -11.323830
9.318000 -0.687550 -11.323830
9.358000 -0.707550 -11.323830
9.311000 -0.716550 -11.323830
9.351000 -0.748550 -11.323830
9.309000 -0.748550 -11.323830
9.314000 -0.799550 -11.323830
9.351000 -0.764550 -11.323830
9.354000 -0.776550 -11.323830
9.365000 -0.814550 -11.323830
9.330000 -0.853550 -11.323830
9.389000 -0.862550 -11.323830
9.359000 -0.914550 -11.323830
9.396000 -0.873550 -11.323830
9.416000 -0.907550 -11.323830
9.429000 -0.939550 -11.323830
9.376000 -0.938550 -11.323830
9.395000 -0.956550 -11.323830
9.398000 -0.957550 -11.323830
9.410000 -0.959550 -11.323830
9.402000 -0.958550 -11.323830
9.406000 -0.958550 -11.323830
9.418000 -0.605550 -11.323830
9.495000 -0.606550 -11.323830
9.447000 -0.603550 -11.323830
9.391000 -0.613550 -11.323830
9.544000 -0.617550 -11.323830
9.368000 -0.625550 -11.323830
9.594000 -0.634550 -11.323830
9.646000 -0.657550 -11.323830
9.483000 -0.654550 -11.323830
9.502000 -0.657550 -11.323830
9.662000 -0.666550 -11.323830
9.551000 -0.669550 -11.323830
9.514000 -0.727550 -11.323830
9.559000 -0.725550 -11.323830
9.562000 -0.783550 -11.323830
9.519000 -0.811550 -11.323830
9.559000 -0.846550 -11.323830
9.521000 -0.887550 -11.323830
9.551000 -0.910550 -11.323830
9.521000 -0.908550 -11.323830
9.675000 -0.674550 -11.323830
9.678000 -0.723550 -11.323830
9.676000 -0.679550 -11.323830
9.678000 -0.686550 -11.323830
9.679000 -0.697550 -11.323830
9.679000 -0.705550 -11.323830
9.679000 -0.714550 -11.323830
9.735000 -0.689550 -11.513910
9.688000 -0.679550 -11.513910
9.702000 -0.667550 -11.513910
9.687000 -0.684550 -11.513910
9.686000 -0.688550 -11.513910
9.686000 -0.694550 -11.513910
9.757000 -0.769550 -11.513910
9.686000 -0.699550 -11.513910
9.694000 -0.724550 -11.513910
9.712000 -0.793550 -11.513910
9.767000 -0.829550 -11.513910
9.724000 -0.865550 -11.513910
9.770000 -0.868550 -11.513910
9.720000 -0.894550 -11.513910
9.767000 -0.897550 -11.513910
9.708000 -0.934550 -11.513910
9.759000 -0.924550 -11.513910
9.722000 -0.977550 -11.513910
9.694000 -0.968550 -11.513910
9.704000 -0.978550 -11.513910
9.714000 -0.986550 -11.513910
9.709000 -0.983550 -11.513910
9.702000 -0.667550 -11.323830
9.688000 -0.679550 -11.513910
9.688000 -0.679550 -11.323830
9.702000 -0.667550 -11.513910
9.735000 -0.689550 -11.323830
9.702000 -0.667550 -11.513910
9.702000 -0.667550 -11.323830
9.735000 -0.689550 -11.513910
9.735000 -0.689550 -11.323830
9.757000 -0.769550 -11.513910
9.735000 -0.689550 -11.513910
9.757000 -0.769550 -11.323830
9.767000 -0.829550 -11.513910
9.767000 -0.829550 -11.323830
9.770000 -0.868550 -11.513910
9.770000 -0.868550 -11.323830
9.767000 -0.897550 -11.513910
9.767000 -0.897550 -11.323830
9.759000 -0.924550 -11.513910
9.759000 -0.924550 -11.323830
9.722000 -0.977550 -11.513910
9.722000 -0.977550 -11.323830
9.714000 -0.986550 -11.513910
9.714000 -0.986550 -11.323830
9.714000 -0.986550 -11.513910
9.709000 -0.983550 -11.323830
9.709000 -0.983550 -11.513910
9.714000 -0.986550 -11.323830
9.704000 -0.978550 -11.323830
9.704000 -0.978550 -11.513910
9.694000 -0.968550 -11.323830
9.694000 -0.968550 -11.513910
9.694000 -0.968550 -11.323830
9.708000 -0.934550 -11.513910
9.694000 -0.968550 -11.513910
9.708000 -0.934550 -11.323830
9.720000 -0.894550 -11.513910
9.720000 -0.894550 -11.323830
9.724000 -0.865550 -11.513910
9.724000 -0.865550 -11.323830
9.712000 -0.793550 -11.513910
9.712000 -0.793550 -11.323830
9.694000 -0.724550 -11.513910
9.694000 -0.724550 -11.323830
9.686000 -0.699550 -11.513910
9.686000 -0.699550 -11.323830
9.686000 -0.694550 -11.513910
9.686000 -0.694550 -11.323830
9.686000 -0.688550 -11.513910
9.686000 -0.688550 -11.323830
9.687000 -0.684550 -11.513910
9.687000 -0.684550 -11.323830
9.688000 -0.679550 -11.513910
9.688000 -0.679550 -11.323830
9.688000 -0.679550 -11.323830
9.735000 -0.689550 -11.323830
9.702000 -0.667550 -11.323830
9.687000 -0.684550 -11.323830
9.686000 -0.688550 -11.323830
9.686000 -0.694550 -11.323830
9.757000 -0.769550 -11.323830
9.686000 -0.699550 -11.323830
9.694000 -0.724550 -11.323830
9.712000 -0.793550 -11.323830
9.767000 -0.829550 -11.323830
9.724000 -0.865550 -11.323830
9.770000 -0.868550 -11.323830
9.720000 -0.894550 -11.323830
9.767000 -0.897550 -11.323830
9.708000 -0.934550 -11.323830
9.759000 -0.924550 -11.323830
9.722000 -0.977550 -11.323830
9.694000 -0.968550 -11.323830
9.704000 -0.978550 -11.323830
9.714000 -0.986550 -11.323830
9.709000 -0.983550 -11.323830
9.662000 -1.093550 -11.513910
9.514000 -1.089550 -11.513910
9.722000 -1.089550 -11.513910
9.720000 -1.058550 -11.513910
9.626000 -1.047550 -11.513910
9.704000 -1.045550 -11.513910
9.511000 -1.049550 -11.513910
9.326000 -1.049550 -11.513910
9.304000 -1.064550 -11.513910
9.724000 -1.065550 -11.513910
9.304000 -1.066550 -11.513910
9.728000 -1.074550 -11.513910
9.303000 -1.068550 -11.513910
9.301000 -1.084550 -11.513910
9.729000 -1.079550 -11.513910
9.730000 -1.083550 -11.513910
9.728000 -1.086550 -11.513910
9.308000 -1.094550 -11.513910
9.724000 -1.089550 -11.513910
9.405000 -1.093550 -11.513910
9.320000 -1.106550 -11.513910
9.437000 -1.047550 -11.513910
9.379000 -1.045550 -11.513910
9.626000 -1.047550 -11.323830
9.511000 -1.049550 -11.513910
9.511000 -1.049550 -11.323830
9.626000 -1.047550 -11.513910
9.704000 -1.045550 -11.323830
9.704000 -1.045550 -11.513910
9.720000 -1.058550 -11.323830
9.704000 -1.045550 -11.513910
9.704000 -1.045550 -11.323830
9.720000 -1.058550 -11.513910
9.724000 -1.065550 -11.513910
9.724000 -1.065550 -11.323830
9.728000 -1.074550 -11.513910
9.728000 -1.074550 -11.323830
9.729000 -1.079550 -11.513910
9.729000 -1.079550 -11.323830
9.730000 -1.083550 -11.513910
9.730000 -1.083550 -11.323830
9.730000 -1.083550 -11.323830
9.728000 -1.086550 -11.513910
9.730000 -1.083550 -11.513910
9.728000 -1.086550 -11.323830
9.724000 -1.089550 -11.323830
9.724000 -1.089550 -11.513910
9.724000 -1.089550 -11.513910
9.722000 -1.089550 -11.323830
9.722000 -1.089550 -11.513910
9.724000 -1.089550 -11.323830
9.662000 -1.093550 -11.323830
9.662000 -1.093550 -11.513910
9.514000 -1.089550 -11.323830
9.514000 -1.089550 -11.513910
9.405000 -1.093550 -11.323830
9.405000 -1.093550 -11.513910
9.320000 -1.106550 -11.323830
9.320000 -1.106550 -11.513910
9.320000 -1.106550 -11.323830
9.308000 -1.094550 -11.513910
9.320000 -1.106550 -11.513910
9.308000 -1.094550 -11.323830
9.301000 -1.084550 -11.513910
9.301000 -1.084550 -11.323830
9.301000 -1.084550 -11.323830
9.303000 -1.068550 -11.513910
9.301000 -1.084550 -11.513910
9.303000 -1.068550 -11.323830
9.304000 -1.066550 -11.513910
9.304000 -1.066550 -11.323830
9.304000 -1.064550 -11.513910
9.304000 -1.064550 -11.323830
9.326000 -1.049550 -11.323830
9.304000 -1.064550 -11.513910
9.304000 -1.064550 -11.323830
9.326000 -1.049550 -11.513910
9.379000 -1.045550 -11.323830
9.326000 -1.049550 -11.513910
9.326000 -1.049550 -11.323830
9.379000 -1.045550 -11.513910
9.437000 -1.047550 -11.323830
9.437000 -1.047550 -11.513910
9.626000 -1.047550 -11.323830
9.720000 -1.058550 -11.323830
9.704000 -1.045550 -11.323830
9.511000 -1.049550 -11.323830
9.326000 -1.049550 -11.323830
9.437000 -1.047550 -11.323830
9.379000 -1.045550 -11.323830
9.304000 -1.064550 -11.323830
9.724000 -1.065550 -11.323830
9.304000 -1.066550 -11.323830
9.728000 -1.074550 -11.323830
9.303000 -1.068550 -11.323830
9.301000 -1.084550 -11.323830
9.729000 -1.079550 -11.323830
9.730000 -1.083550 -11.323830
9.728000 -1.086550 -11.323830
9.514000 -1.089550 -11.323830
9.308000 -1.094550 -11.323830
9.405000 -1.093550 -11.323830
9.320000 -1.106550 -11.323830
9.662000 -1.093550 -11.323830
9.722000 -1.089550 -11.323830
9.724000 -1.089550 -11.323830
9.764000 -1.101550 -11.513910
9.715000 -1.100550 -11.513910
9.749000 -1.089550 -11.513910
9.579000 -1.149550 -11.513910
9.769000 -1.121550 -11.513910
9.769000 -1.135550 -11.513910
9.764000 -1.140550 -11.513910
9.762000 -1.141550 -11.513910
9.760000 -1.143550 -11.513910
9.658000 -1.165550 -11.513910
9.481000 -1.196550 -11.513910
9.557000 -1.203550 -11.513910
9.403000 -1.248550 -11.513910
9.508000 -1.228550 -11.513910
9.430000 -1.277550 -11.513910
9.349000 -1.302550 -11.513910
9.402000 -1.300550 -11.513910
9.383000 -1.322550 -11.513910
9.331000 -1.332550 -11.513910
9.375000 -1.338550 -11.513910
9.326000 -1.362550 -11.513910
9.372000 -1.353550 -11.513910
9.380000 -1.379550 -11.513910
9.329000 -1.385550 -11.513910
9.402000 -1.394550 -11.513910
9.338000 -1.404550 -11.513910
9.493000 -1.408550 -11.513910
9.352000 -1.420550 -11.513910
9.519000 -1.410550 -11.513910
9.634000 -1.416550 -11.513910
9.682000 -1.419550 -11.513910
9.713000 -1.426550 -11.513910
9.373000 -1.434550 -11.513910
9.725000 -1.437550 -11.513910
9.398000 -1.444550 -11.513910
9.739000 -1.459550 -11.513910
9.430000 -1.451550 -11.513910
9.517000 -1.456550 -11.513910
9.613000 -1.460550 -11.513910
9.743000 -1.469550 -11.513910
9.621000 -1.461550 -11.513910
9.637000 -1.462550 -11.513910
9.653000 -1.486550 -11.513910
9.738000 -1.476550 -11.513910
9.735000 -1.479550 -11.513910
9.732000 -1.481550 -11.513910
9.679000 -1.499550 -11.513910
9.749000 -1.089550 -11.323830
9.715000 -1.100550 -11.513910
9.715000 -1.100550 -11.323830
9.749000 -1.089550 -11.513910
9.764000 -1.101550 -11.323830
9.749000 -1.089550 -11.513910
9.749000 -1.089550 -11.323830
9.764000 -1.101550 -11.513910
9.764000 -1.101550 -11.323830
9.769000 -1.121550 -11.513910
9.764000 -1.101550 -11.513910
9.769000 -1.121550 -11.323830
9.769000 -1.135550 -11.513910
9.769000 -1.135550 -11.323830
9.769000 -1.135550 -11.513910
9.764000 -1.140550 -11.323830
9.764000 -1.140550 -11.513910
9.769000 -1.135550 -11.323830
9.762000 -1.141550 -11.323830
9.762000 -1.141550 -11.513910
9.760000 -1.143550 -11.323830
9.760000 -1.143550 -11.513910
9.658000 -1.165550 -11.323830
9.658000 -1.165550 -11.513910
9.557000 -1.203550 -11.323830
9.557000 -1.203550 -11.513910
9.508000 -1.228550 -11.323830
9.508000 -1.228550 -11.513910
9.430000 -1.277550 -11.323830
9.430000 -1.277550 -11.513910
9.402000 -1.300550 -11.323830
9.402000 -1.300550 -11.513910
9.383000 -1.322550 -11.513910
9.383000 -1.322550 -11.323830
9.375000 -1.338550 -11.513910
9.375000 -1.338550 -11.323830
9.372000 -1.353550 -11.513910
9.372000 -1.353550 -11.323830
9.380000 -1.379550 -11.513910
9.380000 -1.379550 -11.323830
9.402000 -1.394550 -11.323830
9.380000 -1.379550 -11.513910
9.380000 -1.379550 -11.323830
9.402000 -1.394550 -11.513910
9.493000 -1.408550 -11.323830
9.493000 -1.408550 -11.513910
9.519000 -1.410550 -11.323830
9.519000 -1.410550 -11.513910
9.634000 -1.416550 -11.323830
9.634000 -1.416550 -11.513910
9.682000 -1.419550 -11.323830
9.682000 -1.419550 -11.513910
9.713000 -1.426550 -11.323830
9.713000 -1.426550 -11.513910
9.725000 -1.437550 -11.323830
9.725000 -1.437550 -11.513910
9.739000 -1.459550 -11.513910
9.739000 -1.459550 -11.323830
9.743000 -1.469550 -11.513910
9.743000 -1.469550 -11.323830
9.743000 -1.469550 -11.323830
9.738000 -1.476550 -11.513910
9.743000 -1.469550 -11.513910
9.738000 -1.476550 -11.323830
9.735000 -1.479550 -11.513910
9.735000 -1.479550 -11.323830
9.732000 -1.481550 -11.323830
9.732000 -1.481550 -11.513910
9.679000 -1.499550 -11.323830
9.679000 -1.499550 -11.513910
9.679000 -1.499550 -11.513910
9.653000 -1.486550 -11.323830
9.653000 -1.486550 -11.513910
9.679000 -1.499550 -11.323830
9.653000 -1.486550 -11.323830
9.637000 -1.462550 -11.513910
9.653000 -1.486550 -11.513910
9.637000 -1.462550 -11.323830
9.637000 -1.462550 -11.513910
9.621000 -1.461550 -11.323830
9.621000 -1.461550 -11.513910
9.637000 -1.462550 -11.323830
9.613000 -1.460550 -11.323830
9.613000 -1.460550 -11.513910
9.517000 -1.456550 -11.323830
9.517000 -1.456550 -11.513910
9.430000 -1.451550 -11.323830
9.430000 -1.451550 -11.513910
9.398000 -1.444550 -11.323830
9.398000 -1.444550 -11.513910
9.373000 -1.434550 -11.323830
9.373000 -1.434550 -11.513910
9.352000 -1.420550 -11.323830
9.352000 -1.420550 -11.513910
9.338000 -1.404550 -11.513910
9.338000 -1.404550 -11.323830
9.329000 -1.385550 -11.513910
9.329000 -1.385550 -11.323830
9.326000 -1.362550 -11.513910
9.326000 -1.362550 -11.323830
9.331000 -1.332550 -11.513910
9.331000 -1.332550 -11.323830
9.349000 -1.302550 -11.513910
9.349000 -1.302550 -11.323830
9.403000 -1.248550 -11.323830
9.403000 -1.248550 -11.513910
9.481000 -1.196550 -11.323830
9.481000 -1.196550 -11.513910
9.579000 -1.149550 -11.323830
9.579000 -1.149550 -11.513910
9.715000 -1.100550 -11.323830
9.764000 -1.101550 -11.323830
9.749000 -1.089550 -11.323830
9.579000 -1.149550 -11.323830
9.769000 -1.121550 -11.323830
9.769000 -1.135550 -11.323830
9.764000 -1.140550 -11.323830
9.762000 -1.141550 -11.323830
9.760000 -1.143550 -11.323830
9.658000 -1.165550 -11.323830
9.481000 -1.196550 -11.323830
9.557000 -1.203550 -11.323830
9.403000 -1.248550 -11.323830
9.508000 -1.228550 -11.323830
9.430000 -1.277550 -11.323830
9.349000 -1.302550 -11.323830
9.402000 -1.300550 -11.323830
9.383000 -1.322550 -11.323830
9.331000 -1.332550 -11.323830
9.375000 -1.338550 -11.323830
9.326000 -1.362550 -11.323830
9.372000 -1.353550 -11.323830
9.380000 -1.379550 -11.323830
9.329000 -1.385550 -11.323830
9.402000 -1.394550 -11.323830
9.338000 -1.404550 -11.323830
9.493000 -1.408550 -11.323830
9.352000 -1.420550 -11.323830
9.519000 -1.410550 -11.323830
9.634000 -1.416550 -11.323830
9.682000 -1.419550 -11.323830
9.713000 -1.426550 -11.323830
9.373000 -1.434550 -11.323830
9.725000 -1.437550 -11.323830
9.398000 -1.444550 -11.323830
9.739000 -1.459550 -11.323830
9.430000 -1.451550 -11.323830
9.517000 -1.456550 -11.323830
9.613000 -1.460550 -11.323830
9.743000 -1.469550 -11.323830
9.621000 -1.461550 -11.323830
9.637000 -1.462550 -11.323830
9.653000 -1.486550 -11.323830
9.738000 -1.476550 -11.323830
9.735000 -1.479550 -11.323830
9.732000 -1.481550 -11.323830
9.679000 -1.499550 -11.323830
9.608000 -1.544550 -11.513910
9.549000 -1.539550 -11.513910
9.571000 -1.534550 -11.513910
9.529000 -1.554550 -11.513910
9.654000 -1.573550 -11.513910
9.509000 -1.579550 -11.513910
9.584000 -1.583550 -11.513910
9.607000 -1.590550 -11.513910
9.701000 -1.618550 -11.513910
9.634000 -1.610550 -11.513910
9.666000 -1.642550 -11.513910
9.744000 -1.683550 -11.513910
9.693000 -1.679550 -11.513910
9.715000 -1.720550 -11.513910
9.770000 -1.734550 -11.513910
9.734000 -1.766550 -11.513910
9.789000 -1.783550 -11.513910
9.748000 -1.817550 -11.513910
9.800000 -1.828550 -11.513910
9.752000 -1.853550 -11.513910
9.804000 -1.871550 -11.513910
9.747000 -1.880550 -11.513910
9.800000 -1.908550 -11.513910
9.733000 -1.904550 -11.513910
9.723000 -1.913550 -11.513910
9.789000 -1.936550 -11.513910
9.719000 -1.916550 -11.513910
9.713000 -1.931550 -11.513910
9.710000 -1.941550 -11.513910
9.772000 -1.955550 -11.513910
9.723000 -1.966550 -11.513910
9.729000 -1.965550 -11.513910
9.751000 -1.963550 -11.513910
9.735000 -1.965550 -11.513910
9.571000 -1.587550 -11.513910
9.490000 -1.614550 -11.513910
9.557000 -1.598550 -11.513910
9.531000 -1.640550 -11.513910
9.468000 -1.661550 -11.513910
9.512000 -1.684550 -11.513910
9.449000 -1.709550 -11.513910
9.509000 -1.689550 -11.513910
9.473000 -1.786550 -11.513910
9.427000 -1.770550 -11.513910
9.406000 -1.816550 -11.513910
9.467000 -1.800550 -11.513910
9.454000 -1.831550 -11.513910
9.387000 -1.843550 -11.513910
9.439000 -1.858550 -11.513910
9.368000 -1.853550 -11.513910
9.354000 -1.625550 -11.513910
9.326000 -1.622550 -11.513910
9.336000 -1.620550 -11.513910
9.307000 -1.644550 -11.513910
9.368000 -1.640550 -11.513910
9.371000 -1.644550 -11.513910
9.305000 -1.653550 -11.513910
9.371000 -1.666550 -11.513910
9.295000 -1.691550 -11.513910
9.353000 -1.687550 -11.513910
9.352000 -1.691550 -11.513910
9.293000 -1.725550 -11.513910
9.349000 -1.707550 -11.513910
9.344000 -1.729550 -11.513910
9.293000 -1.731550 -11.513910
9.336000 -1.793550 -11.513910
9.293000 -1.737550 -11.513910
9.293000 -1.746550 -11.513910
9.293000 -1.790550 -11.513910
9.297000 -1.814550 -11.513910
9.338000 -1.817550 -11.513910
9.310000 -1.850550 -11.513910
9.344000 -1.836550 -11.513910
9.355000 -1.848550 -11.513910
9.326000 -1.873550 -11.513910
9.420000 -1.878550 -11.513910
9.349000 -1.888550 -11.513910
9.399000 -1.889550 -11.513910
9.374000 -1.893550 -11.513910
9.744000 -1.683550 -11.323830
9.770000 -1.734550 -11.513910
9.744000 -1.683550 -11.513910
9.770000 -1.734550 -11.323830
9.789000 -1.783550 -11.513910
9.789000 -1.783550 -11.323830
9.800000 -1.828550 -11.513910
9.800000 -1.828550 -11.323830
9.804000 -1.871550 -11.513910
9.804000 -1.871550 -11.323830
9.800000 -1.908550 -11.513910
9.800000 -1.908550 -11.323830
9.789000 -1.936550 -11.513910
9.789000 -1.936550 -11.323830
9.772000 -1.955550 -11.513910
9.772000 -1.955550 -11.323830
9.751000 -1.963550 -11.323830
9.751000 -1.963550 -11.513910
9.735000 -1.965550 -11.323830
9.735000 -1.965550 -11.513910
9.729000 -1.965550 -11.323830
9.729000 -1.965550 -11.513910
9.723000 -1.966550 -11.323830
9.723000 -1.966550 -11.513910
9.723000 -1.966550 -11.323830
9.710000 -1.941550 -11.513910
9.723000 -1.966550 -11.513910
9.710000 -1.941550 -11.323830
9.710000 -1.941550 -11.323830
9.713000 -1.931550 -11.513910
9.710000 -1.941550 -11.513910
9.713000 -1.931550 -11.323830
9.719000 -1.916550 -11.513910
9.719000 -1.916550 -11.323830
9.723000 -1.913550 -11.323830
9.719000 -1.916550 -11.513910
9.719000 -1.916550 -11.323830
9.723000 -1.913550 -11.513910
9.733000 -1.904550 -11.323830
9.733000 -1.904550 -11.513910
9.747000 -1.880550 -11.513910
9.747000 -1.880550 -11.323830
9.752000 -1.853550 -11.513910
9.752000 -1.853550 -11.323830
9.748000 -1.817550 -11.513910
9.748000 -1.817550 -11.323830
9.734000 -1.766550 -11.513910
9.734000 -1.766550 -11.323830
9.715000 -1.720550 -11.513910
9.715000 -1.720550 -11.323830
9.693000 -1.679550 -11.513910
9.693000 -1.679550 -11.323830
9.666000 -1.642550 -11.513910
9.666000 -1.642550 -11.323830
9.634000 -1.610550 -11.513910
9.634000 -1.610550 -11.323830
9.607000 -1.590550 -11.323830
9.607000 -1.590550 -11.513910
9.584000 -1.583550 -11.323830
9.584000 -1.583550 -11.513910
9.584000 -1.583550 -11.513910
9.571000 -1.587550 -11.323830
9.571000 -1.587550 -11.513910
9.584000 -1.583550 -11.323830
9.557000 -1.598550 -11.323830
9.557000 -1.598550 -11.513910
9.531000 -1.640550 -11.513910
9.531000 -1.640550 -11.323830
9.512000 -1.684550 -11.513910
9.512000 -1.684550 -11.323830
9.509000 -1.689550 -11.513910
9.509000 -1.689550 -11.323830
9.473000 -1.786550 -11.513910
9.473000 -1.786550 -11.323830
9.467000 -1.800550 -11.513910
9.467000 -1.800550 -11.323830
9.454000 -1.831550 -11.513910
9.454000 -1.831550 -11.323830
9.439000 -1.858550 -11.513910
9.439000 -1.858550 -11.323830
9.420000 -1.878550 -11.513910
9.420000 -1.878550 -11.323830
9.399000 -1.889550 -11.323830
9.399000 -1.889550 -11.513910
9.374000 -1.893550 -11.323830
9.374000 -1.893550 -11.513910
9.349000 -1.888550 -11.323830
9.349000 -1.888550 -11.513910
9.326000 -1.873550 -11.323830
9.326000 -1.873550 -11.513910
9.310000 -1.850550 -11.513910
9.310000 -1.850550 -11.323830
9.297000 -1.814550 -11.513910
9.297000 -1.814550 -11.323830
9.293000 -1.790550 -11.513910
9.293000 -1.790550 -11.323830
9.293000 -1.746550 -11.513910
9.293000 -1.746550 -11.323830
9.293000 -1.737550 -11.513910
9.293000 -1.737550 -11.323830
9.293000 -1.731550 -11.513910
9.293000 -1.731550 -11.323830
9.293000 -1.725550 -11.513910
9.293000 -1.725550 -11.323830
9.295000 -1.691550 -11.513910
9.295000 -1.691550 -11.323830
9.305000 -1.653550 -11.513910
9.305000 -1.653550 -11.323830
9.307000 -1.644550 -11.513910
9.307000 -1.644550 -11.323830
9.326000 -1.622550 -11.513910
9.326000 -1.622550 -11.323830
9.336000 -1.620550 -11.323830
9.326000 -1.622550 -11.513910
9.326000 -1.622550 -11.323830
9.336000 -1.620550 -11.513910
9.354000 -1.625550 -11.323830
9.354000 -1.625550 -11.513910
9.354000 -1.625550 -11.323830
9.368000 -1.640550 -11.513910
9.354000 -1.625550 -11.513910
9.368000 -1.640550 -11.323830
9.371000 -1.644550 -11.513910
9.371000 -1.644550 -11.323830
9.371000 -1.644550 -11.323830
9.371000 -1.666550 -11.513910
9.371000 -1.644550 -11.513910
9.371000 -1.666550 -11.323830
9.371000 -1.666550 -11.323830
9.353000 -1.687550 -11.513910
9.371000 -1.666550 -11.513910
9.353000 -1.687550 -11.323830
9.352000 -1.691550 -11.513910
9.352000 -1.691550 -11.323830
9.349000 -1.707550 -11.513910
9.349000 -1.707550 -11.323830
9.344000 -1.729550 -11.513910
9.344000 -1.729550 -11.323830
9.336000 -1.793550 -11.513910
9.336000 -1.793550 -11.323830
9.338000 -1.817550 -11.513910
9.338000 -1.817550 -11.323830
9.344000 -1.836550 -11.513910
9.344000 -1.836550 -11.323830
9.355000 -1.848550 -11.513910
9.355000 -1.848550 -11.323830
9.368000 -1.853550 -11.323830
9.355000 -1.848550 -11.513910
9.355000 -1.848550 -11.323830
9.368000 -1.853550 -11.513910
9.387000 -1.843550 -11.323830
9.368000 -1.853550 -11.513910
9.368000 -1.853550 -11.323830
9.387000 -1.843550 -11.513910
9.406000 -1.816550 -11.513910
9.406000 -1.816550 -11.323830
9.427000 -1.770550 -11.513910
9.427000 -1.770550 -11.323830
9.449000 -1.709550 -11.513910
9.449000 -1.709550 -11.323830
9.468000 -1.661550 -11.513910
9.468000 -1.661550 -11.323830
9.490000 -1.614550 -11.513910
9.490000 -1.614550 -11.323830
9.509000 -1.579550 -11.513910
9.509000 -1.579550 -11.323830
9.529000 -1.554550 -11.513910
9.529000 -1.554550 -11.323830
9.549000 -1.539550 -11.323830
9.549000 -1.539550 -11.513910
9.571000 -1.534550 -11.323830
9.571000 -1.534550 -11.513910
9.608000 -1.544550 -11.323830
9.608000 -1.544550 -11.513910
9.654000 -1.573550 -11.323830
9.654000 -1.573550 -11.513910
9.701000 -1.618550 -11.323830
9.701000 -1.618550 -11.513910
9.326000 -1.622550 -11.323830
9.354000 -1.625550 -11.323830
9.336000 -1.620550 -11.323830
9.307000 -1.644550 -11.323830
9.368000 -1.640550 -11.323830
9.371000 -1.644550 -11.323830
9.305000 -1.653550 -11.323830
9.371000 -1.666550 -11.323830
9.295000 -1.691550 -11.323830
9.353000 -1.687550 -11.323830
9.352000 -1.691550 -11.323830
9.293000 -1.725550 -11.323830
9.349000 -1.707550 -11.323830
9.344000 -1.729550 -11.323830
9.293000 -1.731550 -11.323830
9.336000 -1.793550 -11.323830
9.293000 -1.737550 -11.323830
9.293000 -1.746550 -11.323830
9.293000 -1.790550 -11.323830
9.297000 -1.814550 -11.323830
9.338000 -1.817550 -11.323830
9.310000 -1.850550 -11.323830
9.344000 -1.836550 -11.323830
9.355000 -1.848550 -11.323830
9.368000 -1.853550 -11.323830
9.326000 -1.873550 -11.323830
9.439000 -1.858550 -11.323830
9.420000 -1.878550 -11.323830
9.349000 -1.888550 -11.323830
9.399000 -1.889550 -11.323830
9.374000 -1.893550 -11.323830
9.509000 -1.579550 -11.323830
9.571000 -1.587550 -11.323830
9.584000 -1.583550 -11.323830
9.490000 -1.614550 -11.323830
9.557000 -1.598550 -11.323830
9.531000 -1.640550 -11.323830
9.468000 -1.661550 -11.323830
9.512000 -1.684550 -11.323830
9.449000 -1.709550 -11.323830
9.509000 -1.689550 -11.323830
9.473000 -1.786550 -11.323830
9.427000 -1.770550 -11.323830
9.406000 -1.816550 -11.323830
9.467000 -1.800550 -11.323830
9.454000 -1.831550 -11.323830
9.387000 -1.843550 -11.323830
9.549000 -1.539550 -11.323830
9.608000 -1.544550 -11.323830
9.571000 -1.534550 -11.323830
9.529000 -1.554550 -11.323830
9.654000 -1.573550 -11.323830
9.607000 -1.590550 -11.323830
9.701000 -1.618550 -11.323830
9.634000 -1.610550 -11.323830
9.666000 -1.642550 -11.323830
9.744000 -1.683550 -11.323830
9.693000 -1.679550 -11.323830
9.715000 -1.720550 -11.323830
9.770000 -1.734550 -11.323830
9.734000 -1.766550 -11.323830
9.789000 -1.783550 -11.323830
9.748000 -1.817550 -11.323830
9.800000 -1.828550 -11.323830
9.752000 -1.853550 -11.323830
9.804000 -1.871550 -11.323830
9.747000 -1.880550 -11.323830
9.800000 -1.908550 -11.323830
9.733000 -1.904550 -11.323830
9.723000 -1.913550 -11.323830
9.789000 -1.936550 -11.323830
9.719000 -1.916550 -11.323830
9.713000 -1.931550 -11.323830
9.710000 -1.941550 -11.323830
9.772000 -1.955550 -11.323830
9.723000 -1.966550 -11.323830
9.729000 -1.965550 -11.323830
9.751000 -1.963550 -11.323830
9.735000 -1.965550 -11.323830
9.675000 -2.054550 -11.513910
9.551000 -2.049550 -11.513910
9.662000 -2.046550 -11.513910
9.678000 -2.104550 -11.513910
9.676000 -2.060550 -11.513910
9.678000 -2.066550 -11.513910
9.679000 -2.078550 -11.513910
9.679000 -2.086550 -11.513910
9.679000 -2.095550 -11.513910
9.495000 -1.987550 -11.513910
9.418000 -1.986550 -11.513910
9.447000 -1.984550 -11.513910
9.391000 -1.993550 -11.513910
9.544000 -1.997550 -11.513910
9.368000 -2.005550 -11.513910
9.594000 -2.014550 -11.513910
9.347000 -2.022550 -11.513910
9.646000 -2.038550 -11.513910
9.483000 -2.035550 -11.513910
9.502000 -2.038550 -11.513910
9.514000 -2.108550 -11.513910
9.559000 -2.106550 -11.513910
9.562000 -2.164550 -11.513910
9.519000 -2.191550 -11.513910
9.559000 -2.226550 -11.513910
9.521000 -2.268550 -11.513910
9.551000 -2.291550 -11.513910
9.521000 -2.289550 -11.513910
9.457000 -2.035550 -11.513910
9.330000 -2.043550 -11.513910
9.411000 -2.041550 -11.513910
9.378000 -2.058550 -11.513910
9.318000 -2.068550 -11.513910
9.358000 -2.088550 -11.513910
9.311000 -2.096550 -11.513910
9.351000 -2.129550 -11.513910
9.309000 -2.129550 -11.513910
9.314000 -2.180550 -11.513910
9.351000 -2.145550 -11.513910
9.354000 -2.157550 -11.513910
9.365000 -2.194550 -11.513910
9.330000 -2.234550 -11.513910
9.389000 -2.242550 -11.513910
9.359000 -2.295550 -11.513910
9.396000 -2.254550 -11.513910
9.416000 -2.288550 -11.513910
9.429000 -2.320550 -11.513910
9.376000 -2.318550 -11.513910
9.395000 -2.337550 -11.513910
9.398000 -2.337550 -11.513910
9.410000 -2.340550 -11.513910
9.402000 -2.338550 -11.513910
9.406000 -2.339550 -11.513910
9.662000 -2.046550 -11.323830
9.646000 -2.038550 -11.513910
9.646000 -2.038550 -11.323830
9.662000 -2.046550 -11.513910
9.675000 -2.054550 -11.323830
9.675000 -2.054550 -11.513910
9.675000 -2.054550 -11.323830
9.676000 -2.060550 -11.513910
9.675000 -2.054550 -11.513910
9.676000 -2.060550 -11.323830
9.678000 -2.066550 -11.513910
9.678000 -2.066550 -11.323830
9.679000 -2.078550 -11.513910
9.679000 -2.078550 -11.323830
9.679000 -2.086550 -11.513910
9.679000 -2.086550 -11.323830
9.679000 -2.095550 -11.513910
9.679000 -2.095550 -11.323830
9.678000 -2.104550 -11.513910
9.678000 -2.104550 -11.323830
9.678000 -2.104550 -11.513910
9.551000 -2.049550 -11.323830
9.551000 -2.049550 -11.513910
9.678000 -2.104550 -11.323830
9.551000 -2.049550 -11.323830
9.559000 -2.106550 -11.513910
9.551000 -2.049550 -11.513910
9.559000 -2.106550 -11.323830
9.562000 -2.164550 -11.513910
9.562000 -2.164550 -11.323830
9.559000 -2.226550 -11.513910
9.559000 -2.226550 -11.323830
9.551000 -2.291550 -11.513910
9.551000 -2.291550 -11.323830
9.551000 -2.291550 -11.513910
9.521000 -2.289550 -11.323830
9.521000 -2.289550 -11.513910
9.551000 -2.291550 -11.323830
9.521000 -2.289550 -11.323830
9.521000 -2.268550 -11.513910
9.521000 -2.289550 -11.513910
9.521000 -2.268550 -11.323830
9.519000 -2.191550 -11.513910
9.519000 -2.191550 -11.323830
9.514000 -2.108550 -11.513910
9.514000 -2.108550 -11.323830
9.502000 -2.038550 -11.513910
9.502000 -2.038550 -11.323830
9.502000 -2.038550 -11.513910
9.483000 -2.035550 -11.323830
9.483000 -2.035550 -11.513910
9.502000 -2.038550 -11.323830
9.457000 -2.035550 -11.323830
9.457000 -2.035550 -11.513910
9.411000 -2.041550 -11.323830
9.411000 -2.041550 -11.513910
9.378000 -2.058550 -11.323830
9.378000 -2.058550 -11.513910
9.358000 -2.088550 -11.513910
9.358000 -2.088550 -11.323830
9.351000 -2.129550 -11.513910
9.351000 -2.129550 -11.323830
9.351000 -2.145550 -11.513910
9.351000 -2.145550 -11.323830
9.354000 -2.157550 -11.513910
9.354000 -2.157550 -11.323830
9.365000 -2.194550 -11.513910
9.365000 -2.194550 -11.323830
9.389000 -2.242550 -11.513910
9.389000 -2.242550 -11.323830
9.396000 -2.254550 -11.513910
9.396000 -2.254550 -11.323830
9.416000 -2.288550 -11.513910
9.416000 -2.288550 -11.323830
9.429000 -2.320550 -11.513910
9.429000 -2.320550 -11.323830
9.429000 -2.320550 -11.323830
9.410000 -2.340550 -11.513910
9.429000 -2.320550 -11.513910
9.410000 -2.340550 -11.323830
9.410000 -2.340550 -11.513910
9.406000 -2.339550 -11.323830
9.406000 -2.339550 -11.513910
9.410000 -2.340550 -11.323830
9.402000 -2.338550 -11.323830
9.402000 -2.338550 -11.513910
9.398000 -2.337550 -11.323830
9.398000 -2.337550 -11.513910
9.395000 -2.337550 -11.323830
9.395000 -2.337550 -11.513910
9.395000 -2.337550 -11.513910
9.376000 -2.318550 -11.323830
9.376000 -2.318550 -11.513910
9.395000 -2.337550 -11.323830
9.359000 -2.295550 -11.513910
9.359000 -2.295550 -11.323830
9.330000 -2.234550 -11.513910
9.330000 -2.234550 -11.323830
9.314000 -2.180550 -11.513910
9.314000 -2.180550 -11.323830
9.309000 -2.129550 -11.513910
9.309000 -2.129550 -11.323830
9.311000 -2.096550 -11.513910
9.311000 -2.096550 -11.323830
9.318000 -2.068550 -11.513910
9.318000 -2.068550 -11.323830
9.330000 -2.043550 -11.513910
9.330000 -2.043550 -11.323830
9.347000 -2.022550 -11.513910
9.347000 -2.022550 -11.323830
9.368000 -2.005550 -11.323830
9.368000 -2.005550 -11.513910
9.391000 -1.993550 -11.323830
9.391000 -1.993550 -11.513910
9.418000 -1.986550 -11.323830
9.418000 -1.986550 -11.513910
9.447000 -1.984550 -11.323830
9.447000 -1.984550 -11.513910
9.495000 -1.987550 -11.323830
9.495000 -1.987550 -11.513910
9.544000 -1.997550 -11.323830
9.544000 -1.997550 -11.513910
9.594000 -2.014550 -11.323830
9.594000 -2.014550 -11.513910
9.330000 -2.043550 -11.323830
9.457000 -2.035550 -11.323830
9.347000 -2.022550 -11.323830
9.411000 -2.041550 -11.323830
9.378000 -2.058550 -11.323830
9.318000 -2.068550 -11.323830
9.358000 -2.088550 -11.323830
9.311000 -2.096550 -11.323830
9.351000 -2.129550 -11.323830
9.309000 -2.129550 -11.323830
9.314000 -2.180550 -11.323830
9.351000 -2.145550 -11.323830
9.354000 -2.157550 -11.323830
9.365000 -2.194550 -11.323830
9.330000 -2.234550 -11.323830
9.389000 -2.242550 -11.323830
9.359000 -2.295550 -11.323830
9.396000 -2.254550 -11.323830
9.416000 -2.288550 -11.323830
9.429000 -2.320550 -11.323830
9.376000 -2.318550 -11.323830
9.395000 -2.337550 -11.323830
9.398000 -2.337550 -11.323830
9.410000 -2.340550 -11.323830
9.402000 -2.338550 -11.323830
9.406000 -2.339550 -11.323830
9.418000 -1.986550 -11.323830
9.495000 -1.987550 -11.323830
9.447000 -1.984550 -11.323830
9.391000 -1.993550 -11.323830
9.544000 -1.997550 -11.323830
9.368000 -2.005550 -11.323830
9.594000 -2.014550 -11.323830
9.646000 -2.038550 -11.323830
9.483000 -2.035550 -11.323830
9.502000 -2.038550 -11.323830
9.662000 -2.046550 -11.323830
9.551000 -2.049550 -11.323830
9.514000 -2.108550 -11.323830
9.559000 -2.106550 -11.323830
9.562000 -2.164550 -11.323830
9.519000 -2.191550 -11.323830
9.559000 -2.226550 -11.323830
9.521000 -2.268550 -11.323830
9.551000 -2.291550 -11.323830
9.521000 -2.289550 -11.323830
9.675000 -2.054550 -11.323830
9.678000 -2.104550 -11.323830
9.676000 -2.060550 -11.323830
9.678000 -2.066550 -11.323830
9.679000 -2.078550 -11.323830
9.679000 -2.086550 -11.323830
9.679000 -2.095550 -11.323830
9.735000 -2.069550 -11.513910
9.688000 -2.059550 -11.513910
9.702000 -2.047550 -11.513910
9.687000 -2.064550 -11.513910
9.686000 -2.069550 -11.513910
9.686000 -2.074550 -11.513910
9.757000 -2.150550 -11.513910
9.686000 -2.080550 -11.513910
9.694000 -2.105550 -11.513910
9.712000 -2.174550 -11.513910
9.767000 -2.209550 -11.513910
9.724000 -2.246550 -11.513910
9.770000 -2.249550 -11.513910
9.720000 -2.275550 -11.513910
9.767000 -2.278550 -11.513910
9.708000 -2.315550 -11.513910
9.759000 -2.305550 -11.513910
9.722000 -2.357550 -11.513910
9.694000 -2.349550 -11.513910
9.704000 -2.359550 -11.513910
9.714000 -2.367550 -11.513910
9.709000 -2.363550 -11.513910
9.702000 -2.047550 -11.323830
9.688000 -2.059550 -11.513910
9.688000 -2.059550 -11.323830
9.702000 -2.047550 -11.513910
9.735000 -2.069550 -11.323830
9.702000 -2.047550 -11.513910
9.702000 -2.047550 -11.323830
9.735000 -2.069550 -11.513910
9.735000 -2.069550 -11.323830
9.757000 -2.150550 -11.513910
9.735000 -2.069550 -11.513910
9.757000 -2.150550 -11.323830
9.767000 -2.209550 -11.513910
9.767000 -2.209550 -11.323830
9.770000 -2.249550 -11.513910
9.770000 -2.249550 -11.323830
9.767000 -2.278550 -11.513910
9.767000 -2.278550 -11.323830
9.759000 -2.305550 -11.513910
9.759000 -2.305550 -11.323830
9.722000 -2.357550 -11.513910
9.722000 -2.357550 -11.323830
9.714000 -2.367550 -11.513910
9.714000 -2.367550 -11.323830
9.714000 -2.367550 -11.513910
9.709000 -2.363550 -11.323830
9.709000 -2.363550 -11.513910
9.714000 -2.367550 -11.323830
9.704000 -2.359550 -11.323830
9.704000 -2.359550 -11.513910
9.694000 -2.349550 -11.323830
9.694000 -2.349550 -11.513910
9.694000 -2.349550 -11.323830
9.708000 -2.315550 -11.513910
9.694000 -2.349550 -11.513910
9.708000 -2.315550 -11.323830
9.720000 -2.275550 -11.513910
9.720000 -2.275550 -11.323830
9.724000 -2.246550 -11.513910
9.724000 -2.246550 -11.323830
9.712000 -2.174550 -11.513910
9.712000 -2.174550 -11.323830
9.694000 -2.105550 -11.513910
9.694000 -2.105550 -11.323830
9.686000 -2.080550 -11.513910
9.686000 -2.080550 -11.323830
9.686000 -2.074550 -11.513910
9.686000 -2.074550 -11.323830
9.686000 -2.069550 -11.513910
9.686000 -2.069550 -11.323830
9.687000 -2.064550 -11.513910
9.687000 -2.064550 -11.323830
9.688000 -2.059550 -11.513910
9.688000 -2.059550 -11.323830
9.688000 -2.059550 -11.323830
9.735000 -2.069550 -11.323830
9.702000 -2.047550 -11.323830
9.687000 -2.064550 -11.323830
9.686000 -2.069550 -11.323830
9.686000 -2.074550 -11.323830
9.757000 -2.150550 -11.323830
9.686000 -2.080550 -11.323830
9.694000 -2.105550 -11.323830
9.712000 -2.174550 -11.323830
9.767000 -2.209550 -11.323830
9.724000 -2.246550 -11.323830
9.770000 -2.249550 -11.323830
9.720000 -2.275550 -11.323830
9.767000 -2.278550 -11.323830
9.708000 -2.315550 -11.323830
9.759000 -2.305550 -11.323830
9.722000 -2.357550 -11.323830
9.694000 -2.349550 -11.323830
9.704000 -2.359550 -11.323830
9.714000 -2.367550 -11.323830
9.709000 -2.363550 -11.323830
