12.250000 -22.016390 9.995500
12.370600 22.024300 10.045500
12.250000 22.016400 9.995500
12.370600 -22.024290 10.045500
12.370600 -22.024290 10.045500
12.250000 -22.016390 9.995500
12.370600 22.024300 10.045500
12.250000 22.016400 9.995500
12.088500 24.167300 10.045500
11.971000 24.135800 9.995500
12.088500 24.167300 10.045500
11.971000 24.135800 9.995500
12.146400 22.009600 9.916100
12.146400 -22.009600 9.916100
12.146400 22.009600 9.916100
12.146400 -22.009600 9.916100
12.088500 -24.167300 10.045500
11.971000 -24.135820 9.995500
12.088500 -24.167300 10.045500
11.971000 -24.135820 9.995500
12.500000 22.032800 10.062500
12.500000 -22.032770 10.062500
12.500000 -22.032770 10.062500
12.500000 22.032800 10.062500
11.251900 26.186900 10.045500
11.146600 26.126100 9.995500
11.251900 26.186900 10.045500
11.146600 26.126100 9.995500
11.870100 24.108800 9.916100
11.870100 24.108800 9.916100
12.214500 24.201100 10.062500
12.214500 24.201100 10.062500
12.067000 -22.004390 9.812500
12.067000 22.004400 9.812500
12.067000 22.004400 9.812500
12.067000 -22.004390 9.812500
11.870100 -24.108780 9.916100
11.870100 -24.108780 9.916100
11.251900 -26.186890 10.045500
11.146600 -26.126080 9.995500
11.251900 -26.186890 10.045500
11.146600 -26.126080 9.995500
12.214500 -24.201080 10.062500
12.214500 -24.201080 10.062500
4.065500 -31.000000 10.062500
-1.000000 -30.500000 10.062500
-1.000000 -31.000000 10.062500
4.032800 -30.500000 10.062500
6.201100 -30.214540 10.062500
6.331600 -30.701670 10.062500
8.252200 -29.364950 10.062500
8.504300 -29.801700 10.062500
10.013500 -28.013460 10.062500
10.370100 -28.370060 10.062500
11.365000 -26.252160 10.062500
11.801700 -26.504310 10.062500
12.701700 -24.331600 10.062500
4.032800 30.500000 10.062500
-1.000000 31.000000 10.062500
-1.000000 30.500000 10.062500
4.065500 31.000000 10.062500
6.201100 30.214500 10.062500
6.331600 30.701700 10.062500
8.252200 29.365000 10.062500
8.504300 29.801700 10.062500
10.013500 28.013500 10.062500
10.370100 28.370100 10.062500
11.365000 26.252200 10.062500
11.801700 26.504300 10.062500
12.701700 24.331600 10.062500
13.000000 -22.065540 10.062500
13.000000 22.065500 10.062500
13.000000 22.065500 10.062500
13.000000 -22.065540 10.062500
12.701700 24.331600 10.062500
12.701700 -24.331600 10.062500
11.801700 26.504300 10.062500
11.365000 26.252200 10.062500
10.370100 28.370100 10.062500
10.013500 28.013500 10.062500
8.504300 29.801700 10.062500
8.252200 29.365000 10.062500
6.331600 30.701700 10.062500
6.201100 30.214500 10.062500
4.065500 31.000000 10.062500
4.032800 30.500000 10.062500
-1.000000 31.000000 10.062500
-1.000000 30.500000 10.062500
11.801700 -26.504310 10.062500
11.365000 -26.252160 10.062500
10.370100 -28.370060 10.062500
10.013500 -28.013460 10.062500
8.504300 -29.801700 10.062500
8.252200 -29.364950 10.062500
6.331600 -30.701670 10.062500
6.201100 -30.214540 10.062500
4.065500 -31.000000 10.062500
4.032800 -30.500000 10.062500
-1.000000 -30.500000 10.062500
-1.000000 -31.000000 10.062500
9.921200 27.921200 10.045500
9.835200 27.835200 9.995500
9.921200 27.921200 10.045500
9.835200 27.835200 9.995500
11.056100 26.073900 9.916100
11.056100 26.073900 9.916100
11.792700 24.088000 9.812500
11.792700 24.088000 9.812500
12.017000 -22.001120 9.691900
12.017000 22.001100 9.691900
12.017000 22.001100 9.691900
12.017000 -22.001120 9.691900
11.792700 -24.088040 9.812500
11.792700 -24.088040 9.812500
11.056100 -26.073860 9.916100
11.056100 -26.073860 9.916100
9.921200 -27.921160 10.045500
9.835200 -27.835160 9.995500
9.921200 -27.921160 10.045500
9.835200 -27.835160 9.995500
4.024300 -30.370590 10.045500
-1.000000 -30.370590 10.045500
4.024300 -30.370590 10.045500
-1.000000 -30.370590 10.045500
-14.701670 -24.331600 10.062500
-15.000000 22.065500 10.062500
-15.000000 -22.065540 10.062500
-14.701670 24.331600 10.062500
-14.500000 -22.032770 10.062500
-14.214540 -24.201080 10.062500
-13.801700 -26.504310 10.062500
-13.364950 -26.252160 10.062500
-12.370060 -28.370060 10.062500
-12.013460 -28.013460 10.062500
-10.504310 -29.801700 10.062500
-10.252160 -29.364950 10.062500
-8.331600 -30.701670 10.062500
-8.201080 -30.214540 10.062500
-6.065540 -31.000000 10.062500
-6.032770 -30.500000 10.062500
-1.000000 -31.000000 10.062500
-14.214540 24.201100 10.062500
-13.801700 26.504300 10.062500
-14.500000 22.032800 10.062500
-13.364950 26.252200 10.062500
-12.370060 28.370100 10.062500
-12.013460 28.013500 10.062500
-10.504310 29.801700 10.062500
-10.252160 29.365000 10.062500
-8.331600 30.701700 10.062500
-8.201080 30.214500 10.062500
-6.065540 31.000000 10.062500
-6.032770 30.500000 10.062500
-1.000000 31.000000 10.062500
-6.032770 30.500000 10.062500
-1.000000 31.000000 10.062500
-6.065540 31.000000 10.062500
-8.201080 30.214500 10.062500
-8.331600 30.701700 10.062500
-10.252160 29.365000 10.062500
-10.504310 29.801700 10.062500
-12.013460 28.013500 10.062500
-12.370060 28.370100 10.062500
-13.364950 26.252200 10.062500
-13.801700 26.504300 10.062500
-14.214540 24.201100 10.062500
-14.500000 -22.032770 10.062500
-14.701670 24.331600 10.062500
-14.500000 22.032800 10.062500
-1.000000 -31.000000 10.062500
-6.032770 -30.500000 10.062500
-6.065540 -31.000000 10.062500
-8.201080 -30.214540 10.062500
-8.331600 -30.701670 10.062500
-10.252160 -29.364950 10.062500
-10.504310 -29.801700 10.062500
-12.013460 -28.013460 10.062500
-12.370060 -28.370060 10.062500
-13.364950 -26.252160 10.062500
-13.801700 -26.504310 10.062500
-14.214540 -24.201080 10.062500
-14.701670 -24.331600 10.062500
-15.000000 22.065500 10.062500
-15.000000 -22.065540 10.062500
15.500000 -32.000000 10.062500
-1.000000 -31.000000 10.062500
-1.000000 -32.000000 10.062500
4.065500 -31.000000 10.062500
6.331600 -30.701670 10.062500
10.370100 -28.370060 10.062500
11.801700 -26.504310 10.062500
12.701700 -24.331600 10.062500
13.000000 -22.065540 10.062500
4.065500 31.000000 10.062500
-1.000000 32.000000 10.062500
-1.000000 31.000000 10.062500
15.500000 32.000000 10.062500
6.331600 30.701700 10.062500
8.504300 29.801700 10.062500
10.370100 28.370100 10.062500
11.801700 26.504300 10.062500
12.701700 24.331600 10.062500
13.000000 22.065500 10.062500
15.500000 -32.000000 10.062500
13.000000 -22.065540 10.062500
15.500000 32.000000 10.062500
12.701700 24.331600 10.062500
11.801700 26.504300 10.062500
10.370100 28.370100 10.062500
8.504300 29.801700 10.062500
6.331600 30.701700 10.062500
4.065500 31.000000 10.062500
-1.000000 32.000000 10.062500
-1.000000 31.000000 10.062500
12.701700 -24.331600 10.062500
11.801700 -26.504310 10.062500
10.370100 -28.370060 10.062500
8.504300 -29.801700 10.062500
6.331600 -30.701670 10.062500
4.065500 -31.000000 10.062500
-1.000000 -31.000000 10.062500
-1.000000 -32.000000 10.062500
4.024300 30.370600 10.045500
-1.000000 30.370600 10.045500
4.024300 30.370600 10.045500
-1.000000 30.370600 10.045500
6.167300 30.088500 10.045500
6.167300 30.088500 10.045500
8.186900 29.251900 10.045500
8.186900 29.251900 10.045500
8.186900 -29.251910 10.045500
8.186900 -29.251910 10.045500
6.167300 -30.088460 10.045500
6.167300 -30.088460 10.045500
8.126100 29.146600 9.995500
8.126100 29.146600 9.995500
9.761300 27.761300 9.916100
9.761300 27.761300 9.916100
10.986700 26.033800 9.812500
10.986700 26.033800 9.812500
11.744000 24.075000 9.691900
11.744000 24.075000 9.691900
12.000000 -22.000000 9.562500
12.000000 22.000000 9.562500
12.000000 22.000000 9.562500
12.000000 -22.000000 9.562500
11.744000 -24.075000 9.691900
11.744000 -24.075000 9.691900
10.986700 -26.033780 9.812500
10.986700 -26.033780 9.812500
9.761300 -27.761300 9.916100
9.761300 -27.761300 9.916100
8.126100 -29.146580 9.995500
8.126100 -29.146580 9.995500
-1.000000 -30.250000 9.995500
4.016400 -30.250000 9.995500
4.016400 -30.250000 9.995500
-1.000000 -30.250000 9.995500
-6.024290 -30.370590 10.045500
-6.024290 -30.370590 10.045500
-8.167300 -30.088460 10.045500
-8.167300 -30.088460 10.045500
-10.186890 -29.251910 10.045500
-10.186890 -29.251910 10.045500
-11.921160 -27.921160 10.045500
-11.921160 -27.921160 10.045500
-13.251910 -26.186890 10.045500
-13.251910 -26.186890 10.045500
-14.088460 -24.167300 10.045500
-14.088460 -24.167300 10.045500
-14.370590 -22.024290 10.045500
-14.370590 -22.024290 10.045500
-14.370590 22.024300 10.045500
-14.370590 22.024300 10.045500
-14.088460 24.167300 10.045500
-14.088460 24.167300 10.045500
-13.251910 26.186900 10.045500
-13.251910 26.186900 10.045500
-11.921160 27.921200 10.045500
-11.921160 27.921200 10.045500
-10.186890 29.251900 10.045500
-10.186890 29.251900 10.045500
-8.167300 30.088500 10.045500
-8.167300 30.088500 10.045500
-6.024290 30.370600 10.045500
-6.024290 30.370600 10.045500
-16.000000 -32.000000 10.062500
-15.000000 -22.065540 10.062500
-16.000000 32.000000 10.062500
-14.701670 -24.331600 10.062500
-13.801700 -26.504310 10.062500
-12.370060 -28.370060 10.062500
-10.504310 -29.801700 10.062500
-8.331600 -30.701670 10.062500
-1.000000 -32.000000 10.062500
-6.065540 -31.000000 10.062500
-1.000000 -31.000000 10.062500
-8.331600 30.701700 10.062500
-1.000000 32.000000 10.062500
-10.504310 29.801700 10.062500
-12.370060 28.370100 10.062500
-13.801700 26.504300 10.062500
-14.701670 24.331600 10.062500
-15.000000 22.065500 10.062500
-6.065540 31.000000 10.062500
-1.000000 31.000000 10.062500
-1.000000 31.000000 10.062500
-6.065540 31.000000 10.062500
-1.000000 32.000000 10.062500
-8.331600 30.701700 10.062500
-15.000000 -22.065540 10.062500
-16.000000 32.000000 10.062500
-15.000000 22.065500 10.062500
-14.701670 24.331600 10.062500
-13.801700 26.504300 10.062500
-12.370060 28.370100 10.062500
-10.504310 29.801700 10.062500
-1.000000 -31.000000 10.062500
-1.000000 -32.000000 10.062500
-6.065540 -31.000000 10.062500
-8.331600 -30.701670 10.062500
-16.000000 -32.000000 10.062500
-10.504310 -29.801700 10.062500
-12.370060 -28.370060 10.062500
-13.801700 -26.504310 10.062500
-14.701670 -24.331600 10.062500
15.629400 -32.000000 10.045500
15.629400 32.000000 10.045500
15.629400 32.000000 10.045500
15.629400 -32.000000 10.045500
-1.000000 30.250000 9.995500
4.016400 30.250000 9.995500
4.016400 30.250000 9.995500
-1.000000 30.250000 9.995500
6.135800 29.971000 9.995500
6.135800 29.971000 9.995500
6.135800 -29.970970 9.995500
6.135800 -29.970970 9.995500
8.073900 29.056100 9.916100
8.073900 29.056100 9.916100
9.704600 27.704600 9.812500
9.704600 27.704600 9.812500
10.943100 26.008600 9.691900
10.943100 26.008600 9.691900
11.727400 24.070600 9.562500
11.727400 24.070600 9.562500
12.000000 -22.000000 9.062500
12.000000 22.000000 9.062500
12.000000 22.000000 9.062500
12.000000 -22.000000 9.062500
11.727400 -24.070550 9.562500
11.727400 -24.070550 9.562500
10.943100 -26.008590 9.691900
10.943100 -26.008590 9.691900
9.704600 -27.704630 9.812500
9.704600 -27.704630 9.812500
8.073900 -29.056120 9.916100
8.073900 -29.056120 9.916100
-1.000000 -30.146450 9.916100
4.009600 -30.146450 9.916100
4.009600 -30.146450 9.916100
-1.000000 -30.146450 9.916100
-6.016390 -30.250000 9.995500
-6.016390 -30.250000 9.995500
-8.135820 -29.970970 9.995500
-8.135820 -29.970970 9.995500
-10.126080 -29.146580 9.995500
-10.126080 -29.146580 9.995500
-11.835160 -27.835160 9.995500
-11.835160 -27.835160 9.995500
-13.146580 -26.126080 9.995500
-13.146580 -26.126080 9.995500
-13.970970 -24.135820 9.995500
-13.970970 -24.135820 9.995500
-14.250000 -22.016390 9.995500
-14.250000 -22.016390 9.995500
-14.250000 22.016400 9.995500
-14.250000 22.016400 9.995500
-13.970970 24.135800 9.995500
-13.970970 24.135800 9.995500
-13.146580 26.126100 9.995500
-13.146580 26.126100 9.995500
-11.835160 27.835200 9.995500
-11.835160 27.835200 9.995500
-10.126080 29.146600 9.995500
-10.126080 29.146600 9.995500
-8.135820 29.971000 9.995500
-8.135820 29.971000 9.995500
-6.016390 30.250000 9.995500
-6.016390 30.250000 9.995500
15.750000 -32.000000 9.995500
15.750000 32.000000 9.995500
15.750000 32.000000 9.995500
15.750000 -32.000000 9.995500
4.009600 30.146400 9.916100
-1.000000 30.146400 9.916100
4.009600 30.146400 9.916100
-1.000000 30.146400 9.916100
6.108800 29.870100 9.916100
6.108800 29.870100 9.916100
6.108800 -29.870080 9.916100
6.108800 -29.870080 9.916100
8.033800 28.986700 9.812500
8.033800 28.986700 9.812500
9.669000 27.669000 9.691900
9.669000 27.669000 9.691900
10.928200 26.000000 9.562500
10.928200 26.000000 9.562500
11.727400 24.070600 9.062500
11.727400 24.070600 9.062500
12.000000 -22.000000 -5.937500
12.000000 22.000000 -5.937500
12.000000 22.000000 -5.937500
12.000000 -22.000000 -5.937500
11.727400 -24.070550 -5.937500
11.727400 -24.070550 -5.937500
10.928200 -26.000000 9.562500
10.928200 -26.000000 9.562500
9.669000 -27.669010 9.691900
9.669000 -27.669010 9.691900
8.033800 -28.986720 9.812500
8.033800 -28.986720 9.812500
4.004400 -30.066990 9.812500
-1.000000 -30.066990 9.812500
4.004400 -30.066990 9.812500
-1.000000 -30.066990 9.812500
-6.009600 -30.146450 9.916100
-6.009600 -30.146450 9.916100
-8.108780 -29.870080 9.916100
-8.108780 -29.870080 9.916100
-10.073860 -29.056120 9.916100
-10.073860 -29.056120 9.916100
-11.761300 -27.761300 9.916100
-11.761300 -27.761300 9.916100
-13.056120 -26.073860 9.916100
-13.056120 -26.073860 9.916100
-13.870080 -24.108780 9.916100
-13.870080 -24.108780 9.916100
-14.146450 -22.009600 9.916100
-14.146450 -22.009600 9.916100
-14.146450 22.009600 9.916100
-14.146450 22.009600 9.916100
-13.870080 24.108800 9.916100
-13.870080 24.108800 9.916100
-13.056120 26.073900 9.916100
-13.056120 26.073900 9.916100
-11.761300 27.761300 9.916100
-11.761300 27.761300 9.916100
-10.073860 29.056100 9.916100
-10.073860 29.056100 9.916100
-8.108780 29.870100 9.916100
-8.108780 29.870100 9.916100
-6.009600 30.146400 9.916100
-6.009600 30.146400 9.916100
15.853600 -32.000000 9.916100
15.853600 32.000000 9.916100
15.853600 32.000000 9.916100
15.853600 -32.000000 9.916100
4.004400 30.067000 9.812500
-1.000000 30.067000 9.812500
4.004400 30.067000 9.812500
-1.000000 30.067000 9.812500
6.088000 29.792700 9.812500
6.088000 29.792700 9.812500
6.088000 -29.792670 9.812500
6.088000 -29.792670 9.812500
8.008600 28.943100 9.691900
8.008600 28.943100 9.691900
9.656900 27.656900 9.562500
9.656900 27.656900 9.562500
10.928200 26.000000 9.062500
10.928200 26.000000 9.062500
11.727400 24.070600 -5.937500
11.727400 24.070600 -5.937500
11.897800 -21.993300 -6.713960
11.897800 21.993300 -6.713960
11.897800 21.993300 -6.713960
11.897800 -21.993300 -6.713960
11.627800 -24.043870 -6.713960
11.727400 -24.070550 -5.937500
11.627800 -24.043870 -6.713960
11.727400 -24.070550 -5.937500
10.928200 -26.000000 -5.937500
10.928200 -26.000000 -5.937500
9.656900 -27.656850 9.562500
9.656900 -27.656850 9.562500
8.008600 -28.943090 9.691900
8.008600 -28.943090 9.691900
4.001100 -30.017040 9.691900
-1.000000 -30.017040 9.691900
4.001100 -30.017040 9.691900
-1.000000 -30.017040 9.691900
-6.004390 -30.066990 9.812500
-6.004390 -30.066990 9.812500
-8.088040 -29.792670 9.812500
-8.088040 -29.792670 9.812500
-10.033780 -28.986720 9.812500
-10.033780 -28.986720 9.812500
-11.704630 -27.704630 9.812500
-11.704630 -27.704630 9.812500
-12.986720 -26.033780 9.812500
-12.986720 -26.033780 9.812500
-13.792670 -24.088040 9.812500
-13.792670 -24.088040 9.812500
-14.066990 -22.004390 9.812500
-14.066990 -22.004390 9.812500
-14.066990 22.004400 9.812500
-14.066990 22.004400 9.812500
-13.792670 24.088000 9.812500
-13.792670 24.088000 9.812500
-12.986720 26.033800 9.812500
-12.986720 26.033800 9.812500
-11.704630 27.704600 9.812500
-11.704630 27.704600 9.812500
-10.033780 28.986700 9.812500
-10.033780 28.986700 9.812500
-8.088040 29.792700 9.812500
-8.088040 29.792700 9.812500
-6.004390 30.067000 9.812500
-6.004390 30.067000 9.812500
15.933000 32.000000 9.812500
15.933000 -32.000000 9.812500
15.933000 32.000000 9.812500
15.933000 -32.000000 9.812500
4.001100 30.017000 9.691900
-1.000000 30.017000 9.691900
4.001100 30.017000 9.691900
-1.000000 30.017000 9.691900
6.075000 29.744000 9.691900
6.075000 29.744000 9.691900
6.075000 -29.744010 9.691900
6.075000 -29.744010 9.691900
8.000000 28.928200 9.562500
8.000000 28.928200 9.562500
9.656900 27.656900 9.062500
9.656900 27.656900 9.062500
10.928200 26.000000 -5.937500
10.928200 26.000000 -5.937500
11.627800 24.043900 -6.713960
11.627800 24.043900 -6.713960
11.598100 -21.973700 -7.437500
11.598100 21.973700 -7.437500
11.598100 21.973700 -7.437500
11.598100 -21.973700 -7.437500
10.838900 -25.948450 -6.713960
10.928200 -26.000000 -5.937500
10.838900 -25.948450 -6.713960
10.928200 -26.000000 -5.937500
11.335800 -23.965630 -7.437500
11.335800 -23.965630 -7.437500
9.656900 -27.656850 -5.937500
9.656900 -27.656850 -5.937500
8.000000 -28.928200 9.562500
8.000000 -28.928200 9.562500
-1.000000 -30.000000 9.562500
4.000000 -30.000000 9.562500
-1.000000 -30.000000 9.562500
4.000000 -30.000000 9.562500
-6.001120 -30.017040 9.691900
-6.001120 -30.017040 9.691900
-8.075000 -29.744010 9.691900
-8.075000 -29.744010 9.691900
-10.008590 -28.943090 9.691900
-10.008590 -28.943090 9.691900
-11.669010 -27.669010 9.691900
-11.669010 -27.669010 9.691900
-12.943090 -26.008590 9.691900
-12.943090 -26.008590 9.691900
-13.744010 -24.075000 9.691900
-13.744010 -24.075000 9.691900
-14.017040 -22.001120 9.691900
-14.017040 -22.001120 9.691900
-14.017040 22.001100 9.691900
-14.017040 22.001100 9.691900
-13.744010 24.075000 9.691900
-13.744010 24.075000 9.691900
-12.943090 26.008600 9.691900
-12.943090 26.008600 9.691900
-11.669010 27.669000 9.691900
-11.669010 27.669000 9.691900
-10.008590 28.943100 9.691900
-10.008590 28.943100 9.691900
-8.075000 29.744000 9.691900
-8.075000 29.744000 9.691900
-6.001120 30.017000 9.691900
-6.001120 30.017000 9.691900
15.983000 32.000000 9.691900
15.983000 -32.000000 9.691900
15.983000 32.000000 9.691900
15.983000 -32.000000 9.691900
4.000000 30.000000 9.562500
-1.000000 30.000000 9.562500
4.000000 30.000000 9.562500
-1.000000 30.000000 9.562500
6.070600 29.727400 9.562500
6.070600 29.727400 9.562500
6.070600 -29.727410 9.562500
6.070600 -29.727410 9.562500
8.000000 28.928200 9.062500
8.000000 28.928200 9.062500
9.656900 27.656900 -5.937500
9.656900 27.656900 -5.937500
10.838900 25.948400 -6.713960
10.838900 25.948400 -6.713960
11.335800 23.965600 -7.437500
11.335800 23.965600 -7.437500
11.121300 -21.942400 -8.058820
11.121300 21.942400 -8.058820
11.121300 21.942400 -8.058820
11.121300 -21.942400 -8.058820
9.583900 -27.583950 -6.713960
9.656900 -27.656850 -5.937500
9.583900 -27.583950 -6.713960
9.656900 -27.656850 -5.937500
10.577100 -25.797300 -7.437500
10.577100 -25.797300 -7.437500
10.871300 -23.841170 -8.058820
10.871300 -23.841170 -8.058820
8.000000 -28.928200 -5.937500
8.000000 -28.928200 -5.937500
4.000000 -30.000000 -5.937500
-1.000000 -30.000000 -5.937500
4.000000 -30.000000 -5.937500
-1.000000 -30.000000 -5.937500
-6.000000 -30.000000 9.562500
-6.000000 -30.000000 9.562500
-8.070550 -29.727410 9.562500
-8.070550 -29.727410 9.562500
-10.000000 -28.928200 9.562500
-10.000000 -28.928200 9.562500
-11.656850 -27.656850 9.562500
-11.656850 -27.656850 9.562500
-12.928200 -26.000000 9.562500
-12.928200 -26.000000 9.562500
-13.727410 -24.070550 9.562500
-13.727410 -24.070550 9.562500
-14.000000 -22.000000 9.562500
-14.000000 -22.000000 9.562500
-14.000000 22.000000 9.562500
-14.000000 22.000000 9.562500
-13.727410 24.070600 9.562500
-13.727410 24.070600 9.562500
-12.928200 26.000000 9.562500
-12.928200 26.000000 9.562500
-11.656850 27.656900 9.562500
-11.656850 27.656900 9.562500
-10.000000 28.928200 9.562500
-10.000000 28.928200 9.562500
-8.070550 29.727400 9.562500
-8.070550 29.727400 9.562500
-6.000000 30.000000 9.562500
-6.000000 30.000000 9.562500
16.000000 32.000000 9.562500
16.000000 -32.000000 9.562500
16.000000 32.000000 9.562500
16.000000 -32.000000 9.562500
-1.000000 30.000000 9.062500
4.000000 30.000000 9.062500
-1.000000 30.000000 9.062500
4.000000 30.000000 9.062500
6.070600 29.727400 9.062500
6.070600 29.727400 9.062500
6.070600 -29.727410 -5.937500
6.070600 -29.727410 -5.937500
4.000000 -30.000000 -5.937500
4.000000 -30.000000 -5.937500
8.000000 28.928200 -5.937500
8.000000 28.928200 -5.937500
9.583900 27.584000 -6.713960
9.583900 27.584000 -6.713960
10.577100 25.797300 -7.437500
10.577100 25.797300 -7.437500
10.871300 23.841200 -8.058820
10.871300 23.841200 -8.058820
10.500000 -21.901700 -8.535580
10.500000 21.901700 -8.535580
10.500000 -21.901700 -8.535580
10.500000 21.901700 -8.535580
7.948400 -28.838910 -6.713960
8.000000 -28.928200 -5.937500
8.000000 -28.928200 -5.937500
7.948400 -28.838910 -6.713960
9.370200 -27.370200 -7.437500
9.370200 -27.370200 -7.437500
10.160700 -25.556870 -8.058820
10.160700 -25.556870 -8.058820
10.266000 -23.678970 -8.535580
10.266000 -23.678970 -8.535580
4.000000 -30.000000 -5.937500
-1.000000 -29.897780 -6.713960
-1.000000 -30.000000 -5.937500
-1.000000 -30.000000 -5.937500
4.000000 -30.000000 -5.937500
-1.000000 -29.897780 -6.713960
-6.000000 -30.000000 -5.937500
-6.000000 -30.000000 9.062500
-6.000000 -30.000000 9.062500
-6.000000 -30.000000 -5.937500
-8.070550 -29.727410 9.062500
-8.070550 -29.727410 9.062500
-10.000000 -28.928200 9.062500
-10.000000 -28.928200 9.062500
-11.656850 -27.656850 9.062500
-11.656850 -27.656850 9.062500
-12.928200 -26.000000 9.062500
-12.928200 -26.000000 9.062500
-13.727410 -24.070550 9.062500
-13.727410 -24.070550 9.062500
-14.000000 -22.000000 9.062500
-14.000000 -22.000000 9.062500
-14.000000 22.000000 9.062500
-14.000000 22.000000 9.062500
-13.727410 24.070600 9.062500
-13.727410 24.070600 9.062500
-12.928200 26.000000 9.062500
-12.928200 26.000000 9.062500
-11.656850 27.656900 9.062500
-11.656850 27.656900 9.062500
-10.000000 28.928200 9.062500
-10.000000 28.928200 9.062500
-8.070550 29.727400 9.062500
-8.070550 29.727400 9.062500
-6.000000 30.000000 9.062500
-6.000000 30.000000 9.062500
16.000000 32.000000 9.312500
16.000000 -32.000000 9.312500
16.000000 32.000000 9.312500
16.000000 -32.000000 9.312500
4.000000 30.000000 -5.937500
-1.000000 30.000000 3.703800
-1.000000 30.000000 -5.937500
-0.611800 30.000000 3.754900
-0.250000 30.000000 3.904800
0.060700 30.000000 4.143100
0.299000 30.000000 4.453800
0.448900 30.000000 4.815600
0.500000 30.000000 5.203800
0.448900 30.000000 5.592000
0.299000 30.000000 5.953800
0.060700 30.000000 6.264500
-0.250000 30.000000 6.502800
-0.611800 30.000000 6.652700
-1.000000 30.000000 6.703800
-1.000000 30.000000 6.703800
-0.611800 30.000000 6.652700
-0.250000 30.000000 6.502800
0.060700 30.000000 6.264500
0.299000 30.000000 5.953800
0.448900 30.000000 5.592000
0.500000 30.000000 5.203800
0.448900 30.000000 4.815600
0.299000 30.000000 4.453800
0.060700 30.000000 4.143100
4.000000 30.000000 -5.937500
-0.250000 30.000000 3.904800
-0.611800 30.000000 3.754900
-1.000000 30.000000 3.703800
-1.000000 30.000000 -5.937500
6.070600 29.727400 -5.937500
6.070600 29.727400 -5.937500
6.070600 -29.727410 -5.937500
6.043900 -29.627820 -6.713960
6.070600 -29.727410 -5.937500
6.043900 -29.627820 -6.713960
7.948400 28.838900 -6.713960
7.948400 28.838900 -6.713960
9.370200 27.370200 -7.437500
9.370200 27.370200 -7.437500
10.160700 25.556900 -8.058820
10.160700 25.556900 -8.058820
10.266000 23.679000 -8.535580
10.266000 23.679000 -8.535580
9.776500 -21.854300 -8.835280
9.776500 21.854300 -8.835280
9.776500 -21.854300 -8.835280
9.776500 21.854300 -8.835280
7.797300 -28.577120 -7.437500
7.797300 -28.577120 -7.437500
9.030200 -27.030170 -8.058820
9.030200 -27.030170 -8.058820
9.618000 -25.243530 -8.535580
9.618000 -25.243530 -8.535580
9.561100 -23.490090 -8.835280
9.561100 -23.490090 -8.835280
-5.993300 -29.897780 -6.713960
-5.993300 -29.897780 -6.713960
-1.000000 -29.598080 -7.437500
-1.000000 -29.598080 -7.437500
-8.070550 -29.727410 -5.937500
-8.070550 -29.727410 -5.937500
-10.000000 -28.928200 -5.937500
-10.000000 -28.928200 -5.937500
-11.656850 -27.656850 -5.937500
-11.656850 -27.656850 -5.937500
-12.928200 -26.000000 -5.937500
-12.928200 -26.000000 -5.937500
-13.727410 -24.070550 -5.937500
-13.727410 -24.070550 -5.937500
-14.000000 -22.000000 -5.937500
-14.000000 -22.000000 -5.937500
-14.000000 22.000000 -5.937500
-14.000000 22.000000 -5.937500
-13.727410 24.070600 -5.937500
-13.727410 24.070600 -5.937500
-12.928200 26.000000 -5.937500
-12.928200 26.000000 -5.937500
-11.656850 27.656900 -5.937500
-11.656850 27.656900 -5.937500
-10.000000 28.928200 -5.937500
-10.000000 28.928200 -5.937500
-8.070550 29.727400 -5.937500
-8.070550 29.727400 -5.937500
-6.000000 30.000000 -5.937500
-6.000000 30.000000 -5.937500
-1.388200 30.000000 3.754900
-1.750000 30.000000 3.904800
-2.060700 30.000000 4.143100
-2.299000 30.000000 4.453800
-2.448900 30.000000 4.815600
-2.500000 30.000000 5.203800
-2.448900 30.000000 5.592000
-2.299000 30.000000 5.953800
-2.060700 30.000000 6.264500
-1.750000 30.000000 6.502800
-1.388200 30.000000 6.652700
-1.388200 30.000000 6.652700
-1.750000 30.000000 6.502800
-2.060700 30.000000 6.264500
-2.299000 30.000000 5.953800
-2.448900 30.000000 5.592000
-2.500000 30.000000 5.203800
-2.448900 30.000000 4.815600
-2.299000 30.000000 4.453800
-2.060700 30.000000 4.143100
-1.750000 30.000000 3.904800
-1.388200 30.000000 3.754900
15.991500 32.000000 9.247800
15.991500 -32.000000 9.247800
15.991500 32.000000 9.247800
15.991500 -32.000000 9.247800
-1.000000 29.897800 -6.713960
-1.000000 29.897800 -6.713960
6.043900 29.627800 -6.713960
6.043900 29.627800 -6.713960
5.965600 -29.335830 -7.437500
5.965600 -29.335830 -7.437500
7.797300 28.577100 -7.437500
7.797300 28.577100 -7.437500
9.030200 27.030200 -8.058820
9.030200 27.030200 -8.058820
9.618000 25.243500 -8.535580
9.618000 25.243500 -8.535580
9.561100 23.490100 -8.835280
9.561100 23.490100 -8.835280
9.000000 -21.803400 -8.937500
9.000000 21.803400 -8.937500
9.000000 -21.803400 -8.937500
9.000000 21.803400 -8.937500
7.556900 -28.160680 -8.058820
7.556900 -28.160680 -8.058820
8.587000 -26.587040 -8.535580
8.587000 -26.587040 -8.535580
8.985900 -24.878640 -8.835280
8.985900 -24.878640 -8.835280
8.804600 -23.287400 -8.937500
8.804600 -23.287400 -8.937500
-8.043870 -29.627820 -6.713960
-8.043870 -29.627820 -6.713960
-5.973700 -29.598080 -7.437500
-5.973700 -29.598080 -7.437500
-1.000000 -29.121320 -8.058820
-1.000000 -29.121320 -8.058820
-9.948450 -28.838910 -6.713960
-9.948450 -28.838910 -6.713960
-11.583950 -27.583950 -6.713960
-11.583950 -27.583950 -6.713960
-12.838910 -25.948450 -6.713960
-12.838910 -25.948450 -6.713960
-13.627820 -24.043870 -6.713960
-13.627820 -24.043870 -6.713960
-13.897780 -21.993300 -6.713960
-13.897780 -21.993300 -6.713960
-13.897780 21.993300 -6.713960
-13.897780 21.993300 -6.713960
-13.627820 24.043900 -6.713960
-13.627820 24.043900 -6.713960
-12.838910 25.948400 -6.713960
-12.838910 25.948400 -6.713960
-11.583950 27.584000 -6.713960
-11.583950 27.584000 -6.713960
-9.948450 28.838900 -6.713960
-9.948450 28.838900 -6.713960
-8.043870 29.627800 -6.713960
-8.043870 29.627800 -6.713960
-5.993300 29.897800 -6.713960
-5.993300 29.897800 -6.713960
15.966500 32.000000 9.187500
15.966500 -32.000000 9.187500
15.966500 32.000000 9.187500
15.966500 -32.000000 9.187500
-1.000000 29.598100 -7.437500
-1.000000 29.598100 -7.437500
5.965600 29.335800 -7.437500
5.965600 29.335800 -7.437500
5.841200 -28.871340 -8.058820
5.841200 -28.871340 -8.058820
7.556900 28.160700 -8.058820
7.556900 28.160700 -8.058820
8.587000 26.587000 -8.535580
8.587000 26.587000 -8.535580
8.985900 24.878600 -8.835280
8.985900 24.878600 -8.835280
8.804600 23.287400 -8.937500
8.804600 23.287400 -8.937500
-1.000000 22.500000 -8.937500
-1.000000 -27.000000 -8.937500
-0.611800 22.551100 -8.937500
-0.250000 22.701000 -8.937500
0.060700 22.939300 -8.937500
0.299000 23.250000 -8.937500
0.448900 23.611800 -8.937500
0.500000 24.000000 -8.937500
-0.611800 25.448900 -8.937500
-1.000000 27.000000 -8.937500
-1.000000 25.500000 -8.937500
-0.250000 25.299000 -8.937500
0.060700 25.060700 -8.937500
0.299000 24.750000 -8.937500
0.448900 24.388200 -8.937500
5.287400 -26.804620 -8.937500
5.287400 26.804600 -8.937500
6.487100 -26.307710 -8.937500
6.487100 26.307700 -8.937500
7.517200 25.517200 -8.937500
7.517200 -25.517230 -8.937500
8.307700 -24.487060 -8.937500
8.307700 24.487100 -8.937500
8.307700 24.487100 -8.937500
8.307700 -24.487060 -8.937500
7.517200 25.517200 -8.937500
7.517200 -25.517230 -8.937500
6.487100 -26.307710 -8.937500
6.487100 26.307700 -8.937500
5.287400 26.804600 -8.937500
5.287400 -26.804620 -8.937500
0.500000 24.000000 -8.937500
0.448900 24.388200 -8.937500
0.299000 24.750000 -8.937500
0.060700 25.060700 -8.937500
-0.250000 25.299000 -8.937500
-0.611800 25.448900 -8.937500
-1.000000 27.000000 -8.937500
-1.000000 25.500000 -8.937500
0.448900 23.611800 -8.937500
0.299000 23.250000 -8.937500
0.060700 22.939300 -8.937500
-0.250000 22.701000 -8.937500
-0.611800 22.551100 -8.937500
-1.000000 22.500000 -8.937500
-1.000000 -27.000000 -8.937500
7.243500 -27.617960 -8.535580
7.243500 -27.617960 -8.535580
8.071000 -26.071000 -8.835280
8.071000 -26.071000 -8.835280
-7.965630 -29.335830 -7.437500
-7.965630 -29.335830 -7.437500
-5.942400 -29.121320 -8.058820
-5.942400 -29.121320 -8.058820
-1.000000 -28.500000 -8.535580
-1.000000 -28.500000 -8.535580
-9.797300 -28.577120 -7.437500
-9.797300 -28.577120 -7.437500
-11.370200 -27.370200 -7.437500
-11.370200 -27.370200 -7.437500
-12.577120 -25.797300 -7.437500
-12.577120 -25.797300 -7.437500
-13.335830 -23.965630 -7.437500
-13.335830 -23.965630 -7.437500
-13.598080 -21.973700 -7.437500
-13.598080 -21.973700 -7.437500
-13.598080 21.973700 -7.437500
-13.598080 21.973700 -7.437500
-13.335830 23.965600 -7.437500
-13.335830 23.965600 -7.437500
-12.577120 25.797300 -7.437500
-12.577120 25.797300 -7.437500
-11.370200 27.370200 -7.437500
-11.370200 27.370200 -7.437500
-9.797300 28.577100 -7.437500
-9.797300 28.577100 -7.437500
-7.965630 29.335800 -7.437500
-7.965630 29.335800 -7.437500
-5.973700 29.598100 -7.437500
-5.973700 29.598100 -7.437500
15.926800 32.000000 9.135700
15.926800 -32.000000 9.135700
15.926800 32.000000 9.135700
15.926800 -32.000000 9.135700
-1.000000 29.121300 -8.058820
-1.000000 29.121300 -8.058820
5.841200 28.871300 -8.058820
5.841200 28.871300 -8.058820
5.679000 -28.266020 -8.535580
5.679000 -28.266020 -8.535580
7.243500 27.618000 -8.535580
7.243500 27.618000 -8.535580
8.071000 26.071000 -8.835280
8.071000 26.071000 -8.835280
-2.500000 24.000000 -8.937500
-5.803400 -27.000000 -8.937500
-2.448900 23.611800 -8.937500
-2.299000 23.250000 -8.937500
-2.060700 22.939300 -8.937500
-1.750000 22.701000 -8.937500
-1.388200 22.551100 -8.937500
-1.000000 22.500000 -8.937500
-10.804620 -23.287400 -8.937500
-11.000000 21.803400 -8.937500
-11.000000 -21.803400 -8.937500
-10.804620 23.287400 -8.937500
-10.307710 -24.487060 -8.937500
-10.307710 24.487100 -8.937500
-9.517230 -25.517230 -8.937500
-9.517230 25.517200 -8.937500
-8.487060 -26.307710 -8.937500
-8.487060 26.307700 -8.937500
-7.287400 -26.804620 -8.937500
-7.287400 26.804600 -8.937500
-5.803400 27.000000 -8.937500
-2.448900 24.388200 -8.937500
-2.299000 24.750000 -8.937500
-2.060700 25.060700 -8.937500
-1.750000 25.299000 -8.937500
-1.388200 25.448900 -8.937500
-1.000000 25.500000 -8.937500
-1.000000 25.500000 -8.937500
-1.388200 25.448900 -8.937500
-1.750000 25.299000 -8.937500
-2.060700 25.060700 -8.937500
-2.299000 24.750000 -8.937500
-5.803400 27.000000 -8.937500
-2.448900 24.388200 -8.937500
-2.500000 24.000000 -8.937500
-5.803400 -27.000000 -8.937500
-7.287400 26.804600 -8.937500
-7.287400 -26.804620 -8.937500
-8.487060 26.307700 -8.937500
-8.487060 -26.307710 -8.937500
-9.517230 25.517200 -8.937500
-9.517230 -25.517230 -8.937500
-10.307710 24.487100 -8.937500
-10.307710 -24.487060 -8.937500
-10.804620 23.287400 -8.937500
-10.804620 -23.287400 -8.937500
-11.000000 21.803400 -8.937500
-11.000000 -21.803400 -8.937500
-1.000000 22.500000 -8.937500
-1.388200 22.551100 -8.937500
-1.750000 22.701000 -8.937500
-2.060700 22.939300 -8.937500
-2.299000 23.250000 -8.937500
-2.448900 23.611800 -8.937500
-1.000000 -27.776460 -8.835280
-1.000000 -27.776460 -8.835280
5.490100 -27.561100 -8.835280
5.490100 -27.561100 -8.835280
6.878600 -26.985940 -8.835280
6.878600 -26.985940 -8.835280
6.878600 26.985900 -8.835280
6.878600 26.985900 -8.835280
5.490100 27.561100 -8.835280
5.490100 27.561100 -8.835280
-1.000000 27.776500 -8.835280
-1.000000 27.776500 -8.835280
-7.841170 -28.871340 -8.058820
-7.841170 -28.871340 -8.058820
-5.901700 -28.500000 -8.535580
-5.901700 -28.500000 -8.535580
-9.556870 -28.160680 -8.058820
-9.556870 -28.160680 -8.058820
-11.030170 -27.030170 -8.058820
-11.030170 -27.030170 -8.058820
-12.160680 -25.556870 -8.058820
-12.160680 -25.556870 -8.058820
-12.871340 -23.841170 -8.058820
-12.871340 -23.841170 -8.058820
-13.121320 -21.942400 -8.058820
-13.121320 -21.942400 -8.058820
-13.121320 21.942400 -8.058820
-13.121320 21.942400 -8.058820
-12.871340 23.841200 -8.058820
-12.871340 23.841200 -8.058820
-12.160680 25.556900 -8.058820
-12.160680 25.556900 -8.058820
-11.030170 27.030200 -8.058820
-11.030170 27.030200 -8.058820
-9.556870 28.160700 -8.058820
-9.556870 28.160700 -8.058820
-7.841170 28.871300 -8.058820
-7.841170 28.871300 -8.058820
-5.942400 29.121300 -8.058820
-5.942400 29.121300 -8.058820
15.875000 -32.000000 9.096000
15.875000 32.000000 9.096000
15.875000 -32.000000 9.096000
15.875000 32.000000 9.096000
-1.000000 28.500000 -8.535580
-1.000000 28.500000 -8.535580
5.679000 28.266000 -8.535580
5.679000 28.266000 -8.535580
-5.854300 27.776500 -8.835280
-5.854300 27.776500 -8.835280
-7.490090 27.561100 -8.835280
-7.490090 27.561100 -8.835280
-8.878640 26.985900 -8.835280
-8.878640 26.985900 -8.835280
-10.071000 26.071000 -8.835280
-10.071000 26.071000 -8.835280
-10.985940 24.878600 -8.835280
-10.985940 24.878600 -8.835280
-11.561100 23.490100 -8.835280
-11.561100 23.490100 -8.835280
-11.776460 21.854300 -8.835280
-11.776460 21.854300 -8.835280
-11.776460 -21.854300 -8.835280
-11.776460 -21.854300 -8.835280
-11.561100 -23.490090 -8.835280
-11.561100 -23.490090 -8.835280
-10.985940 -24.878640 -8.835280
-10.985940 -24.878640 -8.835280
-10.071000 -26.071000 -8.835280
-10.071000 -26.071000 -8.835280
-8.878640 -26.985940 -8.835280
-8.878640 -26.985940 -8.835280
-7.490090 -27.561100 -8.835280
-7.490090 -27.561100 -8.835280
-5.854300 -27.776460 -8.835280
-5.854300 -27.776460 -8.835280
-7.678970 -28.266020 -8.535580
-7.678970 -28.266020 -8.535580
-9.243530 -27.617960 -8.535580
-9.243530 -27.617960 -8.535580
-10.587040 -26.587040 -8.535580
-10.587040 -26.587040 -8.535580
-11.617960 -25.243530 -8.535580
-11.617960 -25.243530 -8.535580
-12.266020 -23.678970 -8.535580
-12.266020 -23.678970 -8.535580
-12.500000 -21.901700 -8.535580
-12.500000 -21.901700 -8.535580
-12.500000 21.901700 -8.535580
-12.500000 21.901700 -8.535580
-12.266020 23.679000 -8.535580
-12.266020 23.679000 -8.535580
-11.617960 25.243500 -8.535580
-11.617960 25.243500 -8.535580
-10.587040 26.587000 -8.535580
-10.587040 26.587000 -8.535580
-9.243530 27.618000 -8.535580
-9.243530 27.618000 -8.535580
-7.678970 28.266000 -8.535580
-7.678970 28.266000 -8.535580
-5.901700 28.500000 -8.535580
-5.901700 28.500000 -8.535580
15.814700 -32.000000 9.071000
15.814700 32.000000 9.071000
15.814700 -32.000000 9.071000
15.814700 32.000000 9.071000
15.750000 -32.000000 9.062500
15.750000 32.000000 9.062500
15.750000 -32.000000 9.062500
15.750000 32.000000 9.062500
15.000000 -32.000000 9.062500
15.000000 32.000000 9.062500
15.000000 -32.000000 9.062500
15.000000 32.000000 9.062500
-2.250000 29.750000 5.078800
-2.282400 29.875000 5.083100
-2.282400 29.750000 5.083100
-2.250000 29.875000 5.078800
-2.250000 29.875000 5.078800
-2.250000 29.750000 5.078800
-2.282400 29.875000 5.083100
-2.282400 29.750000 5.083100
-2.217600 29.750000 5.083100
-2.217600 29.875000 5.083100
-2.217600 29.875000 5.083100
-2.217600 29.750000 5.083100
-2.217600 29.875000 5.083100
-2.282400 29.875000 5.083100
-2.250000 29.875000 5.078800
-2.187500 29.875000 5.095500
-2.312500 29.875000 5.095500
-2.161600 29.875000 5.115400
-2.338400 29.875000 5.115400
-2.141700 29.875000 5.141300
-2.358300 29.875000 5.141300
-2.129300 29.875000 5.171400
-2.370700 29.875000 5.171400
-2.125000 29.875000 5.203800
-2.375000 29.875000 5.203800
-2.129300 29.875000 5.236200
-2.370700 29.875000 5.236200
-2.141700 29.875000 5.266300
-2.358300 29.875000 5.266300
-2.161600 29.875000 5.292200
-2.338400 29.875000 5.292200
-2.187500 29.875000 5.312100
-2.312500 29.875000 5.312100
-2.217600 29.875000 5.324500
-2.282400 29.875000 5.324500
-2.250000 29.875000 5.328800
-2.250000 29.875000 5.328800
-2.217600 29.875000 5.324500
-2.282400 29.875000 5.324500
-2.312500 29.875000 5.312100
-2.187500 29.875000 5.312100
-2.338400 29.875000 5.292200
-2.161600 29.875000 5.292200
-2.358300 29.875000 5.266300
-2.141700 29.875000 5.266300
-2.370700 29.875000 5.236200
-2.129300 29.875000 5.236200
-2.375000 29.875000 5.203800
-2.125000 29.875000 5.203800
-2.370700 29.875000 5.171400
-2.129300 29.875000 5.171400
-2.358300 29.875000 5.141300
-2.141700 29.875000 5.141300
-2.338400 29.875000 5.115400
-2.161600 29.875000 5.115400
-2.312500 29.875000 5.095500
-2.187500 29.875000 5.095500
-2.282400 29.875000 5.083100
-2.217600 29.875000 5.083100
-2.250000 29.875000 5.078800
-2.312500 29.875000 5.095500
-2.312500 29.750000 5.095500
-2.312500 29.875000 5.095500
-2.312500 29.750000 5.095500
-2.187500 29.750000 5.095500
-2.187500 29.875000 5.095500
-2.187500 29.875000 5.095500
-2.187500 29.750000 5.095500
-2.375000 29.875000 5.203800
-2.370700 29.750000 5.236200
-2.375000 29.750000 5.203800
-2.370700 29.875000 5.236200
-2.370700 29.875000 5.236200
-2.375000 29.875000 5.203800
-2.370700 29.750000 5.236200
-2.375000 29.750000 5.203800
-2.370700 29.875000 5.171400
-2.370700 29.750000 5.171400
-2.370700 29.875000 5.171400
-2.370700 29.750000 5.171400
-2.358300 29.875000 5.141300
-2.358300 29.750000 5.141300
-2.358300 29.875000 5.141300
-2.358300 29.750000 5.141300
-2.338400 29.875000 5.115400
-2.338400 29.750000 5.115400
-2.338400 29.875000 5.115400
-2.338400 29.750000 5.115400
-2.161600 29.750000 5.115400
-2.161600 29.875000 5.115400
-2.161600 29.875000 5.115400
-2.161600 29.750000 5.115400
-2.141700 29.875000 5.141300
-2.141700 29.750000 5.141300
-2.141700 29.875000 5.141300
-2.141700 29.750000 5.141300
-2.129300 29.875000 5.171400
-2.129300 29.750000 5.171400
-2.129300 29.875000 5.171400
-2.129300 29.750000 5.171400
-2.125000 29.875000 5.203800
-2.125000 29.750000 5.203800
-2.125000 29.875000 5.203800
-2.125000 29.750000 5.203800
-2.129300 29.875000 5.236200
-2.129300 29.750000 5.236200
-2.129300 29.875000 5.236200
-2.129300 29.750000 5.236200
-2.141700 29.875000 5.266300
-2.141700 29.750000 5.266300
-2.141700 29.875000 5.266300
-2.141700 29.750000 5.266300
-2.161600 29.875000 5.292200
-2.161600 29.750000 5.292200
-2.161600 29.875000 5.292200
-2.161600 29.750000 5.292200
-2.187500 29.750000 5.312100
-2.187500 29.875000 5.312100
-2.187500 29.750000 5.312100
-2.187500 29.875000 5.312100
-2.217600 29.750000 5.324500
-2.217600 29.875000 5.324500
-2.217600 29.750000 5.324500
-2.217600 29.875000 5.324500
-2.250000 29.750000 5.328800
-2.250000 29.875000 5.328800
-2.250000 29.750000 5.328800
-2.250000 29.875000 5.328800
-2.282400 29.750000 5.324500
-2.282400 29.875000 5.324500
-2.282400 29.750000 5.324500
-2.282400 29.875000 5.324500
-2.312500 29.750000 5.312100
-2.312500 29.875000 5.312100
-2.312500 29.750000 5.312100
-2.312500 29.875000 5.312100
-2.338400 29.750000 5.292200
-2.338400 29.875000 5.292200
-2.338400 29.750000 5.292200
-2.338400 29.875000 5.292200
-2.358300 29.875000 5.266300
-2.358300 29.750000 5.266300
-2.358300 29.875000 5.266300
-2.358300 29.750000 5.266300
0.448900 30.000000 4.815600
0.500000 29.750000 5.203800
0.448900 29.750000 4.815600
0.500000 30.000000 5.203800
0.500000 30.000000 5.203800
0.448900 30.000000 4.815600
0.500000 29.750000 5.203800
0.448900 29.750000 4.815600
0.448900 29.750000 5.592000
0.448900 30.000000 5.592000
0.448900 30.000000 5.592000
0.448900 29.750000 5.592000
-0.611800 29.750000 3.754900
-1.388200 29.750000 3.754900
-1.000000 29.750000 3.703800
-0.250000 29.750000 3.904800
-1.750000 29.750000 3.904800
0.060700 29.750000 4.143100
-2.060700 29.750000 4.143100
0.299000 29.750000 4.453800
-2.299000 29.750000 4.453800
0.448900 29.750000 4.815600
-2.448900 29.750000 4.815600
0.250000 29.750000 5.078800
0.282400 29.750000 5.083100
0.312500 29.750000 5.095500
0.500000 29.750000 5.203800
0.338400 29.750000 5.115400
0.358300 29.750000 5.141300
0.370700 29.750000 5.171400
0.375000 29.750000 5.203800
0.448900 29.750000 5.592000
0.370700 29.750000 5.236200
0.358300 29.750000 5.266300
0.338400 29.750000 5.292200
0.312500 29.750000 5.312100
0.282400 29.750000 5.324500
0.250000 29.750000 5.328800
-1.000000 29.750000 5.328800
-2.250000 29.750000 5.328800
-2.312500 29.750000 5.095500
-2.500000 29.750000 5.203800
-2.282400 29.750000 5.083100
-2.250000 29.750000 5.078800
-1.000000 29.750000 5.078800
-2.338400 29.750000 5.115400
-2.358300 29.750000 5.141300
-2.370700 29.750000 5.171400
-2.375000 29.750000 5.203800
-2.370700 29.750000 5.236200
-2.448900 29.750000 5.592000
-2.358300 29.750000 5.266300
-2.338400 29.750000 5.292200
-2.312500 29.750000 5.312100
-2.282400 29.750000 5.324500
0.299000 29.750000 5.953800
-2.299000 29.750000 5.953800
0.060700 29.750000 6.264500
-2.060700 29.750000 6.264500
-0.250000 29.750000 6.502800
-1.750000 29.750000 6.502800
-0.611800 29.750000 6.652700
-1.388200 29.750000 6.652700
-1.000000 29.750000 6.703800
-1.032400 29.750000 5.083100
-2.217600 29.750000 5.083100
-1.062500 29.750000 5.095500
-2.187500 29.750000 5.095500
-1.088400 29.750000 5.115400
-2.161600 29.750000 5.115400
-1.108300 29.750000 5.141300
-2.141700 29.750000 5.141300
-1.120700 29.750000 5.171400
-2.129300 29.750000 5.171400
-1.125000 29.750000 5.203800
-2.125000 29.750000 5.203800
-1.120700 29.750000 5.236200
-2.129300 29.750000 5.236200
-1.108300 29.750000 5.266300
-2.141700 29.750000 5.266300
-1.088400 29.750000 5.292200
-2.161600 29.750000 5.292200
-1.062500 29.750000 5.312100
-2.187500 29.750000 5.312100
-1.032400 29.750000 5.324500
-2.217600 29.750000 5.324500
0.217600 29.750000 5.083100
-0.967600 29.750000 5.083100
0.187500 29.750000 5.095500
-0.937500 29.750000 5.095500
0.161600 29.750000 5.115400
-0.911600 29.750000 5.115400
0.141700 29.750000 5.141300
-0.891700 29.750000 5.141300
0.129300 29.750000 5.171400
-0.879300 29.750000 5.171400
0.125000 29.750000 5.203800
-0.875000 29.750000 5.203800
0.129300 29.750000 5.236200
-0.879300 29.750000 5.236200
0.141700 29.750000 5.266300
-0.891700 29.750000 5.266300
0.161600 29.750000 5.292200
-0.911600 29.750000 5.292200
0.187500 29.750000 5.312100
-0.937500 29.750000 5.312100
0.217600 29.750000 5.324500
-0.967600 29.750000 5.324500
-1.000000 29.750000 5.328800
0.250000 29.750000 5.328800
-0.967600 29.750000 5.324500
0.217600 29.750000 5.324500
-0.937500 29.750000 5.312100
0.187500 29.750000 5.312100
-0.911600 29.750000 5.292200
0.161600 29.750000 5.292200
-0.891700 29.750000 5.266300
0.141700 29.750000 5.266300
-0.879300 29.750000 5.236200
0.129300 29.750000 5.236200
-0.875000 29.750000 5.203800
0.125000 29.750000 5.203800
-0.879300 29.750000 5.171400
0.129300 29.750000 5.171400
-0.891700 29.750000 5.141300
0.141700 29.750000 5.141300
-0.911600 29.750000 5.115400
0.161600 29.750000 5.115400
-0.937500 29.750000 5.095500
0.187500 29.750000 5.095500
-0.967600 29.750000 5.083100
0.217600 29.750000 5.083100
-1.000000 29.750000 5.078800
0.250000 29.750000 5.078800
-2.250000 29.750000 5.328800
-2.217600 29.750000 5.324500
-1.032400 29.750000 5.324500
-2.187500 29.750000 5.312100
-1.062500 29.750000 5.312100
-2.161600 29.750000 5.292200
-1.088400 29.750000 5.292200
-2.141700 29.750000 5.266300
-1.108300 29.750000 5.266300
-2.129300 29.750000 5.236200
-1.120700 29.750000 5.236200
-2.125000 29.750000 5.203800
-1.125000 29.750000 5.203800
-2.129300 29.750000 5.171400
-1.120700 29.750000 5.171400
-2.141700 29.750000 5.141300
-1.108300 29.750000 5.141300
-2.161600 29.750000 5.115400
-1.088400 29.750000 5.115400
-2.187500 29.750000 5.095500
-1.062500 29.750000 5.095500
-2.217600 29.750000 5.083100
-1.032400 29.750000 5.083100
-2.250000 29.750000 5.078800
-1.000000 29.750000 6.703800
-0.611800 29.750000 6.652700
-1.388200 29.750000 6.652700
-1.750000 29.750000 6.502800
-0.250000 29.750000 6.502800
-2.060700 29.750000 6.264500
0.060700 29.750000 6.264500
-2.299000 29.750000 5.953800
0.299000 29.750000 5.953800
-2.448900 29.750000 5.592000
0.448900 29.750000 5.592000
-2.282400 29.750000 5.324500
-2.312500 29.750000 5.312100
-2.338400 29.750000 5.292200
-2.358300 29.750000 5.266300
-2.370700 29.750000 5.236200
-2.500000 29.750000 5.203800
-2.375000 29.750000 5.203800
-2.370700 29.750000 5.171400
-2.358300 29.750000 5.141300
-2.338400 29.750000 5.115400
-2.312500 29.750000 5.095500
-2.448900 29.750000 4.815600
-2.282400 29.750000 5.083100
0.282400 29.750000 5.324500
0.312500 29.750000 5.312100
0.338400 29.750000 5.292200
0.358300 29.750000 5.266300
0.370700 29.750000 5.236200
0.375000 29.750000 5.203800
0.500000 29.750000 5.203800
0.370700 29.750000 5.171400
0.358300 29.750000 5.141300
0.338400 29.750000 5.115400
0.312500 29.750000 5.095500
0.448900 29.750000 4.815600
0.282400 29.750000 5.083100
-2.299000 29.750000 4.453800
0.299000 29.750000 4.453800
-2.060700 29.750000 4.143100
0.060700 29.750000 4.143100
-1.750000 29.750000 3.904800
-0.250000 29.750000 3.904800
-1.388200 29.750000 3.754900
-0.611800 29.750000 3.754900
-1.000000 29.750000 3.703800
0.299000 30.000000 4.453800
0.299000 29.750000 4.453800
0.299000 30.000000 4.453800
0.299000 29.750000 4.453800
0.299000 29.750000 5.953800
0.299000 30.000000 5.953800
0.299000 30.000000 5.953800
0.299000 29.750000 5.953800
0.060700 29.750000 6.264500
0.060700 30.000000 6.264500
0.060700 30.000000 6.264500
0.060700 29.750000 6.264500
-0.250000 30.000000 6.502800
-0.250000 29.750000 6.502800
-0.250000 30.000000 6.502800
-0.250000 29.750000 6.502800
-0.611800 30.000000 6.652700
-0.611800 29.750000 6.652700
-0.611800 30.000000 6.652700
-0.611800 29.750000 6.652700
-1.000000 30.000000 6.703800
-1.000000 29.750000 6.703800
-1.000000 30.000000 6.703800
-1.000000 29.750000 6.703800
-1.000000 29.750000 6.703800
-1.388200 30.000000 6.652700
-1.388200 29.750000 6.652700
-1.000000 30.000000 6.703800
-1.000000 30.000000 6.703800
-1.000000 29.750000 6.703800
-1.388200 30.000000 6.652700
-1.388200 29.750000 6.652700
-1.750000 30.000000 6.502800
-1.750000 29.750000 6.502800
-1.750000 30.000000 6.502800
-1.750000 29.750000 6.502800
-2.060700 30.000000 6.264500
-2.060700 29.750000 6.264500
-2.060700 30.000000 6.264500
-2.060700 29.750000 6.264500
-2.299000 29.750000 5.953800
-2.299000 30.000000 5.953800
-2.299000 30.000000 5.953800
-2.299000 29.750000 5.953800
-2.448900 29.750000 5.592000
-2.448900 30.000000 5.592000
-2.448900 30.000000 5.592000
-2.448900 29.750000 5.592000
-2.500000 29.750000 5.203800
-2.500000 30.000000 5.203800
-2.500000 30.000000 5.203800
-2.500000 29.750000 5.203800
-2.448900 29.750000 4.815600
-2.448900 30.000000 4.815600
-2.448900 30.000000 4.815600
-2.448900 29.750000 4.815600
-2.299000 29.750000 4.453800
-2.299000 30.000000 4.453800
-2.299000 30.000000 4.453800
-2.299000 29.750000 4.453800
-2.060700 29.750000 4.143100
-2.060700 30.000000 4.143100
-2.060700 30.000000 4.143100
-2.060700 29.750000 4.143100
-1.750000 30.000000 3.904800
-1.750000 29.750000 3.904800
-1.750000 29.750000 3.904800
-1.750000 30.000000 3.904800
-1.388200 30.000000 3.754900
-1.388200 29.750000 3.754900
-1.388200 29.750000 3.754900
-1.388200 30.000000 3.754900
-1.000000 30.000000 3.703800
-1.000000 29.750000 3.703800
-1.000000 29.750000 3.703800
-1.000000 30.000000 3.703800
-0.611800 30.000000 3.754900
-1.000000 29.750000 3.703800
-1.000000 30.000000 3.703800
-0.611800 29.750000 3.754900
-0.611800 29.750000 3.754900
-0.611800 30.000000 3.754900
-1.000000 29.750000 3.703800
-1.000000 30.000000 3.703800
-0.250000 30.000000 3.904800
-0.250000 29.750000 3.904800
-0.250000 29.750000 3.904800
-0.250000 30.000000 3.904800
0.060700 30.000000 4.143100
0.060700 29.750000 4.143100
0.060700 29.750000 4.143100
0.060700 30.000000 4.143100
-0.038200 23.742300 -9.000000
-0.137700 23.502200 -9.937500
-0.137700 23.502200 -9.000000
-0.038200 23.742300 -9.937500
-0.038200 23.742300 -9.937500
-0.038200 23.742300 -9.000000
-0.137700 23.502200 -9.937500
-0.137700 23.502200 -9.000000
-0.038200 23.742300 -10.062500
-0.137700 23.502200 -9.937500
-0.137700 23.502200 -10.062500
-0.038200 23.742300 -9.937500
-0.038200 23.742300 -9.937500
-0.038200 23.742300 -10.062500
-0.137700 23.502200 -9.937500
-0.137700 23.502200 -10.062500
-0.295900 23.295900 -9.937500
-0.295900 23.295900 -9.000000
-0.295900 23.295900 -9.937500
-0.295900 23.295900 -9.000000
-0.004300 24.000000 -9.000000
-0.004300 24.000000 -9.937500
-0.004300 24.000000 -9.937500
-0.004300 24.000000 -9.000000
-0.295900 23.295900 -9.937500
-0.295900 23.295900 -10.062500
-0.295900 23.295900 -9.937500
-0.295900 23.295900 -10.062500
-1.961800 24.257700 -10.062500
-1.961800 23.742300 -10.062500
-1.995700 24.000000 -10.062500
-1.862300 24.497800 -10.062500
-1.862300 23.502200 -10.062500
-1.853200 24.125000 -10.062500
-1.840000 24.225100 -10.062500
-1.704100 24.704100 -10.062500
-1.753100 24.434800 -10.062500
-1.614900 24.614900 -10.062500
-1.497800 24.862300 -10.062500
-1.434800 24.753100 -10.062500
-1.257700 24.961800 -10.062500
-1.225100 24.840000 -10.062500
-1.000000 24.995700 -10.062500
-1.125000 24.853200 -10.062500
-1.125000 24.125000 -10.062500
-1.125000 23.875000 -10.062500
-1.125000 23.146800 -10.062500
-1.853200 23.875000 -10.062500
-0.146800 24.125000 -10.062500
-0.875000 23.875000 -10.062500
-0.875000 24.125000 -10.062500
-0.146800 23.875000 -10.062500
-1.840000 23.774900 -10.062500
-1.704100 23.295900 -10.062500
-1.753100 23.565200 -10.062500
-1.614900 23.385100 -10.062500
-1.497800 23.137700 -10.062500
-1.434800 23.246900 -10.062500
-1.257700 23.038200 -10.062500
-1.225100 23.160000 -10.062500
-1.000000 23.004300 -10.062500
-0.875000 24.853200 -10.062500
-0.742300 24.961800 -10.062500
-0.774900 24.840000 -10.062500
-0.565200 24.753100 -10.062500
-0.502200 24.862300 -10.062500
-0.385100 24.614900 -10.062500
-0.295900 24.704100 -10.062500
-0.246900 24.434800 -10.062500
-0.137700 24.497800 -10.062500
-0.160000 24.225100 -10.062500
-0.875000 23.146800 -10.062500
-0.742300 23.038200 -10.062500
-0.774900 23.160000 -10.062500
-0.565200 23.246900 -10.062500
-0.502200 23.137700 -10.062500
-0.385100 23.385100 -10.062500
-0.246900 23.565200 -10.062500
-0.160000 23.774900 -10.062500
-0.038200 24.257700 -10.062500
-0.004300 24.000000 -10.062500
-0.004300 24.000000 -10.062500
-0.038200 24.257700 -10.062500
-0.137700 24.497800 -10.062500
-0.146800 24.125000 -10.062500
-0.146800 23.875000 -10.062500
-0.160000 23.774900 -10.062500
-0.246900 23.565200 -10.062500
-0.385100 23.385100 -10.062500
-0.502200 23.137700 -10.062500
-0.565200 23.246900 -10.062500
-0.742300 23.038200 -10.062500
-0.774900 23.160000 -10.062500
-0.875000 23.146800 -10.062500
-0.875000 23.875000 -10.062500
-0.875000 24.125000 -10.062500
-0.875000 24.853200 -10.062500
-1.000000 23.004300 -10.062500
-0.160000 24.225100 -10.062500
-0.246900 24.434800 -10.062500
-0.295900 24.704100 -10.062500
-0.385100 24.614900 -10.062500
-0.502200 24.862300 -10.062500
-0.565200 24.753100 -10.062500
-0.742300 24.961800 -10.062500
-0.774900 24.840000 -10.062500
-1.000000 24.995700 -10.062500
-1.125000 23.146800 -10.062500
-1.225100 23.160000 -10.062500
-1.257700 23.038200 -10.062500
-1.434800 23.246900 -10.062500
-1.497800 23.137700 -10.062500
-1.614900 23.385100 -10.062500
-1.704100 23.295900 -10.062500
-1.753100 23.565200 -10.062500
-1.840000 23.774900 -10.062500
-1.853200 24.125000 -10.062500
-1.862300 23.502200 -10.062500
-1.853200 23.875000 -10.062500
-1.125000 23.875000 -10.062500
-1.125000 24.125000 -10.062500
-1.125000 24.853200 -10.062500
-1.225100 24.840000 -10.062500
-1.257700 24.961800 -10.062500
-1.434800 24.753100 -10.062500
-1.497800 24.862300 -10.062500
-1.614900 24.614900 -10.062500
-1.704100 24.704100 -10.062500
-1.753100 24.434800 -10.062500
-1.840000 24.225100 -10.062500
-1.862300 24.497800 -10.062500
-1.961800 23.742300 -10.062500
-1.961800 24.257700 -10.062500
-1.995700 24.000000 -10.062500
-0.004300 24.000000 -9.937500
-0.004300 24.000000 -9.937500
-0.502200 23.137700 -9.000000
-0.502200 23.137700 -9.937500
-0.502200 23.137700 -9.000000
-0.502200 23.137700 -9.937500
-0.038200 24.257700 -9.000000
-0.038200 24.257700 -9.937500
-0.038200 24.257700 -9.937500
-0.038200 24.257700 -9.000000
-0.502200 23.137700 -9.937500
-0.502200 23.137700 -9.937500
-1.995700 24.000000 -9.937500
-1.961800 23.742300 -9.937500
-1.995700 24.000000 -9.937500
-1.961800 23.742300 -9.937500
-1.961800 24.257700 -9.937500
-1.961800 24.257700 -9.937500
-1.862300 24.497800 -9.937500
-1.862300 24.497800 -9.937500
-1.704100 24.704100 -9.937500
-1.704100 24.704100 -9.937500
-1.497800 24.862300 -9.937500
-1.497800 24.862300 -9.937500
-1.257700 24.961800 -9.937500
-1.257700 24.961800 -9.937500
-1.000000 24.995700 -9.937500
-1.000000 24.995700 -9.937500
-0.742300 24.961800 -9.937500
-0.742300 24.961800 -9.937500
-0.502200 24.862300 -9.937500
-0.502200 24.862300 -9.937500
-0.295900 24.704100 -9.937500
-0.295900 24.704100 -9.937500
-0.137700 24.497800 -9.937500
-0.137700 24.497800 -9.937500
-0.038200 24.257700 -9.937500
-0.038200 24.257700 -9.937500
-0.742300 23.038200 -9.937500
-0.742300 23.038200 -9.937500
-1.000000 23.004300 -9.937500
-1.000000 23.004300 -9.937500
-1.257700 23.038200 -9.937500
-1.257700 23.038200 -9.937500
-1.497800 23.137700 -9.937500
-1.497800 23.137700 -9.937500
-1.704100 23.295900 -9.937500
-1.704100 23.295900 -9.937500
-1.862300 23.502200 -9.937500
-1.862300 23.502200 -9.937500
-0.742300 23.038200 -9.000000
-0.742300 23.038200 -9.937500
-0.742300 23.038200 -9.000000
-0.742300 23.038200 -9.937500
-0.137700 24.497800 -9.000000
-0.137700 24.497800 -9.937500
-0.137700 24.497800 -9.937500
-0.137700 24.497800 -9.000000
-1.995700 24.000000 -9.937500
-1.961800 23.742300 -9.000000
-1.961800 23.742300 -9.937500
-1.995700 24.000000 -9.000000
-1.995700 24.000000 -9.000000
-1.995700 24.000000 -9.937500
-1.961800 23.742300 -9.000000
-1.961800 23.742300 -9.937500
-1.961800 24.257700 -9.937500
-1.961800 24.257700 -9.000000
-1.961800 24.257700 -9.000000
-1.961800 24.257700 -9.937500
-1.862300 24.497800 -9.000000
-1.862300 24.497800 -9.937500
-1.862300 24.497800 -9.937500
-1.862300 24.497800 -9.000000
-1.704100 24.704100 -9.937500
-1.704100 24.704100 -9.000000
-1.704100 24.704100 -9.000000
-1.704100 24.704100 -9.937500
-1.497800 24.862300 -9.937500
-1.497800 24.862300 -9.000000
-1.497800 24.862300 -9.000000
-1.497800 24.862300 -9.937500
-1.257700 24.961800 -9.000000
-1.257700 24.961800 -9.937500
-1.257700 24.961800 -9.000000
-1.257700 24.961800 -9.937500
-1.000000 24.995700 -9.000000
-1.000000 24.995700 -9.937500
-1.000000 24.995700 -9.000000
-1.000000 24.995700 -9.937500
-0.742300 24.961800 -9.000000
-1.000000 24.995700 -9.937500
-0.742300 24.961800 -9.937500
-0.742300 24.961800 -9.000000
-1.000000 24.995700 -9.937500
-0.742300 24.961800 -9.937500
-0.502200 24.862300 -9.937500
-0.502200 24.862300 -9.000000
-0.502200 24.862300 -9.000000
-0.502200 24.862300 -9.937500
-0.295900 24.704100 -9.000000
-0.295900 24.704100 -9.937500
-0.295900 24.704100 -9.000000
-0.295900 24.704100 -9.937500
-1.000000 23.004300 -9.000000
-1.000000 23.004300 -9.937500
-1.000000 23.004300 -9.000000
-1.000000 23.004300 -9.937500
-1.257700 23.038200 -9.000000
-1.257700 23.038200 -9.937500
-1.257700 23.038200 -9.000000
-1.257700 23.038200 -9.937500
-1.497800 23.137700 -9.000000
-1.497800 23.137700 -9.937500
-1.497800 23.137700 -9.000000
-1.497800 23.137700 -9.937500
-1.704100 23.295900 -9.000000
-1.704100 23.295900 -9.937500
-1.704100 23.295900 -9.000000
-1.704100 23.295900 -9.937500
-1.862300 23.502200 -9.937500
-1.862300 23.502200 -9.000000
-1.862300 23.502200 -9.000000
-1.862300 23.502200 -9.937500
-1.753100 24.434800 -10.062500
-1.840000 24.225100 -9.937500
-1.840000 24.225100 -10.062500
-1.753100 24.434800 -9.937500
-1.753100 24.434800 -9.937500
-1.753100 24.434800 -10.062500
-1.840000 24.225100 -9.937500
-1.840000 24.225100 -10.062500
-1.853200 24.125000 -9.937500
-1.853200 24.125000 -10.062500
-1.853200 24.125000 -9.937500
-1.853200 24.125000 -10.062500
-1.614900 24.614900 -10.062500
-1.614900 24.614900 -9.937500
-1.614900 24.614900 -9.937500
-1.614900 24.614900 -10.062500
-1.125000 24.125000 -10.062500
-1.125000 24.125000 -9.937500
-1.125000 24.125000 -9.937500
-1.125000 24.125000 -10.062500
-1.434800 24.753100 -10.062500
-1.434800 24.753100 -9.937500
-1.434800 24.753100 -9.937500
-1.434800 24.753100 -10.062500
-1.125000 24.853200 -9.937500
-1.125000 24.853200 -10.062500
-1.125000 24.853200 -10.062500
-1.125000 24.853200 -9.937500
-1.225100 24.840000 -9.937500
-1.225100 24.840000 -10.062500
-1.225100 24.840000 -9.937500
-1.225100 24.840000 -10.062500
-0.951900 29.500000 5.082500
-0.951900 28.687500 5.082500
-1.000000 29.500000 5.078800
-1.000000 28.687500 5.078800
-1.000000 29.500000 5.078800
-1.048100 28.687500 5.082500
-1.048100 29.500000 5.082500
-1.000000 28.687500 5.078800
-0.904900 29.500000 5.093600
-0.904900 28.687500 5.093600
-1.000000 29.500000 5.328800
-0.951900 29.500000 5.325100
-0.967600 29.500000 5.324500
-0.904900 29.500000 5.314000
-0.937500 29.500000 5.312100
-0.860200 29.500000 5.295800
-0.911600 29.500000 5.292200
-0.818900 29.500000 5.271000
-0.891700 29.500000 5.266300
-0.781800 29.500000 5.240000
-0.879300 29.500000 5.236200
-0.875000 29.500000 5.203800
-0.750000 29.500000 5.203800
-0.879300 29.500000 5.171400
-0.781800 29.500000 5.167600
-0.891700 29.500000 5.141300
-0.818900 29.500000 5.136600
-0.911600 29.500000 5.115400
-0.860200 29.500000 5.111800
-0.937500 29.500000 5.095500
-0.967600 29.500000 5.083100
-1.032400 28.687500 5.083100
-1.095100 28.687500 5.093600
-1.062500 28.687500 5.095500
-1.139800 28.687500 5.111800
-1.088400 28.687500 5.115400
-1.181100 28.687500 5.136600
-1.108300 28.687500 5.141300
-1.218200 28.687500 5.167600
-1.120700 28.687500 5.171400
-1.250000 28.687500 5.203800
-1.125000 28.687500 5.203800
-1.120700 28.687500 5.236200
-1.218200 28.687500 5.240000
-1.108300 28.687500 5.266300
-1.181100 28.687500 5.271000
-1.088400 28.687500 5.292200
-1.139800 28.687500 5.295800
-1.062500 28.687500 5.312100
-1.095100 28.687500 5.314000
-1.032400 28.687500 5.324500
-1.048100 28.687500 5.325100
-1.000000 28.687500 5.328800
-1.095100 29.500000 5.093600
-1.032400 29.500000 5.083100
-1.062500 29.500000 5.095500
-1.139800 29.500000 5.111800
-1.088400 29.500000 5.115400
-1.181100 29.500000 5.136600
-1.108300 29.500000 5.141300
-1.218200 29.500000 5.167600
-1.120700 29.500000 5.171400
-1.250000 29.500000 5.203800
-1.125000 29.500000 5.203800
-1.218200 29.500000 5.240000
-1.120700 29.500000 5.236200
-1.108300 29.500000 5.266300
-1.181100 29.500000 5.271000
-1.088400 29.500000 5.292200
-1.139800 29.500000 5.295800
-1.062500 29.500000 5.312100
-1.095100 29.500000 5.314000
-1.032400 29.500000 5.324500
-1.048100 29.500000 5.325100
-1.000000 29.500000 5.328800
-0.860200 28.687500 5.111800
-0.818900 28.687500 5.136600
-0.781800 28.687500 5.167600
-0.750000 28.687500 5.203800
-0.781800 28.687500 5.240000
-0.818900 28.687500 5.271000
-0.860200 28.687500 5.295800
-0.904900 28.687500 5.314000
-0.951900 28.687500 5.325100
-1.000000 28.687500 5.328800
-2.500000 24.000000 -9.062500
-2.448900 23.611800 -8.937500
-2.448900 23.611800 -9.062500
-2.500000 24.000000 -8.937500
-2.500000 24.000000 -8.937500
-2.500000 24.000000 -9.062500
-2.448900 23.611800 -8.937500
-2.448900 23.611800 -9.062500
-2.299000 23.250000 -8.937500
-2.299000 23.250000 -9.062500
-2.299000 23.250000 -8.937500
-2.299000 23.250000 -9.062500
-2.448900 24.388200 -9.062500
-2.448900 24.388200 -8.937500
-2.448900 24.388200 -8.937500
-2.448900 24.388200 -9.062500
-2.060700 22.939300 -8.937500
-2.060700 22.939300 -9.062500
-2.060700 22.939300 -8.937500
-2.060700 22.939300 -9.062500
-2.299000 24.750000 -9.062500
-2.299000 24.750000 -8.937500
-2.299000 24.750000 -8.937500
-2.299000 24.750000 -9.062500
-1.750000 22.701000 -9.062500
-1.750000 22.701000 -8.937500
-1.750000 22.701000 -8.937500
-1.750000 22.701000 -9.062500
-2.060700 25.060700 -9.062500
-2.060700 25.060700 -8.937500
-2.060700 25.060700 -8.937500
-2.060700 25.060700 -9.062500
-1.388200 22.551100 -9.062500
-1.388200 22.551100 -8.937500
-1.388200 22.551100 -8.937500
-1.388200 22.551100 -9.062500
-1.750000 25.299000 -9.062500
-1.750000 25.299000 -8.937500
-1.750000 25.299000 -8.937500
-1.750000 25.299000 -9.062500
-1.000000 22.500000 -9.062500
-1.000000 22.500000 -8.937500
-1.000000 22.500000 -8.937500
-1.000000 22.500000 -9.062500
-1.388200 25.448900 -8.937500
-1.388200 25.448900 -9.062500
-1.388200 25.448900 -8.937500
-1.388200 25.448900 -9.062500
-0.611800 22.551100 -9.062500
-0.611800 22.551100 -8.937500
-0.611800 22.551100 -8.937500
-0.611800 22.551100 -9.062500
-1.000000 25.500000 -8.937500
-1.000000 25.500000 -9.062500
-1.000000 25.500000 -8.937500
-1.000000 25.500000 -9.062500
-0.250000 22.701000 -9.062500
-0.250000 22.701000 -8.937500
-0.250000 22.701000 -8.937500
-0.250000 22.701000 -9.062500
-0.611800 25.448900 -8.937500
-1.000000 25.500000 -9.062500
-0.611800 25.448900 -9.062500
-1.000000 25.500000 -8.937500
-1.000000 25.500000 -8.937500
-0.611800 25.448900 -8.937500
-1.000000 25.500000 -9.062500
-0.611800 25.448900 -9.062500
0.060700 22.939300 -9.062500
0.060700 22.939300 -8.937500
0.060700 22.939300 -8.937500
0.060700 22.939300 -9.062500
-0.250000 25.299000 -9.062500
-0.611800 25.448900 -8.937500
-0.611800 25.448900 -9.062500
-0.250000 25.299000 -8.937500
-0.250000 25.299000 -8.937500
-0.250000 25.299000 -9.062500
-0.611800 25.448900 -8.937500
-0.611800 25.448900 -9.062500
0.299000 23.250000 -8.937500
0.299000 23.250000 -9.062500
0.299000 23.250000 -9.062500
0.299000 23.250000 -8.937500
0.060700 25.060700 -8.937500
-0.250000 25.299000 -9.062500
0.060700 25.060700 -9.062500
-0.250000 25.299000 -8.937500
-0.250000 25.299000 -8.937500
0.060700 25.060700 -8.937500
-0.250000 25.299000 -9.062500
0.060700 25.060700 -9.062500
0.448900 23.611800 -8.937500
0.448900 23.611800 -9.062500
0.448900 23.611800 -9.062500
0.448900 23.611800 -8.937500
0.060700 25.060700 -8.937500
0.299000 24.750000 -9.062500
0.299000 24.750000 -8.937500
0.060700 25.060700 -9.062500
0.060700 25.060700 -9.062500
0.060700 25.060700 -8.937500
0.299000 24.750000 -9.062500
0.299000 24.750000 -8.937500
0.500000 24.000000 -8.937500
0.500000 24.000000 -9.062500
0.500000 24.000000 -9.062500
0.500000 24.000000 -8.937500
0.448900 24.388200 -9.062500
0.448900 24.388200 -8.937500
0.448900 24.388200 -9.062500
0.448900 24.388200 -8.937500
-1.108300 29.750000 5.266300
-1.120700 29.500000 5.236200
-1.108300 29.500000 5.266300
-1.120700 29.750000 5.236200
-1.120700 29.750000 5.236200
-1.108300 29.750000 5.266300
-1.120700 29.500000 5.236200
-1.108300 29.500000 5.266300
-1.125000 29.500000 5.203800
-1.125000 29.750000 5.203800
-1.125000 29.750000 5.203800
-1.125000 29.500000 5.203800
-1.120700 28.687500 5.236200
-1.108300 28.687500 5.266300
-1.120700 28.687500 5.236200
-1.108300 28.687500 5.266300
-1.088400 29.750000 5.292200
-1.088400 29.500000 5.292200
-1.088400 29.750000 5.292200
-1.088400 29.500000 5.292200
-1.125000 29.750000 5.203800
-1.120700 29.500000 5.171400
-1.125000 29.500000 5.203800
-1.120700 29.750000 5.171400
-1.120700 29.750000 5.171400
-1.125000 29.750000 5.203800
-1.120700 29.500000 5.171400
-1.125000 29.500000 5.203800
-1.125000 28.687500 5.203800
-1.125000 29.500000 5.203800
-1.125000 29.500000 5.203800
-1.125000 28.687500 5.203800
-0.967600 28.687500 5.083100
-1.032400 28.687500 5.083100
-1.000000 28.687500 5.078800
-0.937500 28.687500 5.095500
-1.062500 28.687500 5.095500
-0.911600 28.687500 5.115400
-1.088400 28.687500 5.115400
-0.891700 28.687500 5.141300
-1.108300 28.687500 5.141300
-0.879300 28.687500 5.171400
-1.120700 28.687500 5.171400
-0.875000 28.687500 5.203800
-1.125000 28.687500 5.203800
-0.879300 28.687500 5.236200
-1.120700 28.687500 5.236200
-0.891700 28.687500 5.266300
-1.108300 28.687500 5.266300
-0.911600 28.687500 5.292200
-1.088400 28.687500 5.292200
-0.937500 28.687500 5.312100
-1.062500 28.687500 5.312100
-0.967600 28.687500 5.324500
-1.032400 28.687500 5.324500
-1.000000 28.687500 5.328800
-1.000000 28.687500 5.328800
-0.967600 28.687500 5.324500
-1.032400 28.687500 5.324500
-1.062500 28.687500 5.312100
-0.937500 28.687500 5.312100
-1.088400 28.687500 5.292200
-0.911600 28.687500 5.292200
-1.108300 28.687500 5.266300
-0.891700 28.687500 5.266300
-1.120700 28.687500 5.236200
-0.879300 28.687500 5.236200
-1.125000 28.687500 5.203800
-0.875000 28.687500 5.203800
-1.120700 28.687500 5.171400
-0.879300 28.687500 5.171400
-1.108300 28.687500 5.141300
-0.891700 28.687500 5.141300
-1.088400 28.687500 5.115400
-0.911600 28.687500 5.115400
-1.062500 28.687500 5.095500
-0.937500 28.687500 5.095500
-1.032400 28.687500 5.083100
-0.967600 28.687500 5.083100
-1.000000 28.687500 5.078800
-1.088400 28.687500 5.292200
-1.088400 28.687500 5.292200
-1.062500 29.500000 5.312100
-1.062500 29.750000 5.312100
-1.062500 29.750000 5.312100
-1.062500 29.500000 5.312100
-1.108300 29.500000 5.141300
-1.108300 29.750000 5.141300
-1.108300 29.750000 5.141300
-1.108300 29.500000 5.141300
-1.120700 28.687500 5.171400
-1.120700 29.500000 5.171400
-1.120700 29.500000 5.171400
-1.120700 28.687500 5.171400
-0.967600 28.687500 5.324500
-1.000000 29.500000 5.328800
-1.000000 28.687500 5.328800
-0.967600 29.500000 5.324500
-0.967600 29.500000 5.324500
-0.967600 28.687500 5.324500
-1.000000 29.500000 5.328800
-1.000000 28.687500 5.328800
-1.000000 28.687500 5.328800
-1.032400 29.500000 5.324500
-1.032400 28.687500 5.324500
-1.000000 29.500000 5.328800
-1.000000 29.500000 5.328800
-1.000000 28.687500 5.328800
-1.032400 29.500000 5.324500
-1.032400 28.687500 5.324500
-1.062500 28.687500 5.312100
-1.062500 28.687500 5.312100
-1.108300 28.687500 5.141300
-1.108300 28.687500 5.141300
-1.088400 28.687500 5.115400
-1.088400 29.500000 5.115400
-1.088400 29.500000 5.115400
-1.088400 28.687500 5.115400
-1.062500 29.500000 5.095500
-1.062500 28.687500 5.095500
-1.062500 28.687500 5.095500
-1.062500 29.500000 5.095500
-1.032400 29.500000 5.083100
-1.032400 28.687500 5.083100
-1.032400 28.687500 5.083100
-1.032400 29.500000 5.083100
-1.000000 29.500000 5.078800
-1.000000 28.687500 5.078800
-1.000000 28.687500 5.078800
-1.000000 29.500000 5.078800
-0.967600 29.500000 5.083100
-1.000000 28.687500 5.078800
-1.000000 29.500000 5.078800
-0.967600 28.687500 5.083100
-0.967600 28.687500 5.083100
-0.967600 29.500000 5.083100
-1.000000 28.687500 5.078800
-1.000000 29.500000 5.078800
-0.937500 29.500000 5.095500
-0.937500 28.687500 5.095500
-0.937500 28.687500 5.095500
-0.937500 29.500000 5.095500
-0.911600 29.500000 5.115400
-0.911600 28.687500 5.115400
-0.911600 28.687500 5.115400
-0.911600 29.500000 5.115400
-0.891700 28.687500 5.141300
-0.891700 29.500000 5.141300
-0.891700 29.500000 5.141300
-0.891700 28.687500 5.141300
-0.879300 28.687500 5.171400
-0.879300 29.500000 5.171400
-0.879300 29.500000 5.171400
-0.879300 28.687500 5.171400
-0.875000 28.687500 5.203800
-0.875000 29.500000 5.203800
-0.875000 29.500000 5.203800
-0.875000 28.687500 5.203800
-0.879300 28.687500 5.236200
-0.879300 29.500000 5.236200
-0.879300 29.500000 5.236200
-0.879300 28.687500 5.236200
-0.891700 28.687500 5.266300
-0.891700 29.500000 5.266300
-0.891700 29.500000 5.266300
-0.891700 28.687500 5.266300
-0.911600 28.687500 5.292200
-0.911600 29.500000 5.292200
-0.911600 29.500000 5.292200
-0.911600 28.687500 5.292200
-0.937500 29.500000 5.312100
-0.937500 28.687500 5.312100
-0.937500 29.500000 5.312100
-0.937500 28.687500 5.312100
-1.032400 29.750000 5.324500
-1.032400 29.750000 5.324500
-1.088400 29.750000 5.115400
-1.088400 29.750000 5.115400
-0.967600 29.500000 5.324500
-1.000000 29.750000 5.328800
-1.000000 29.500000 5.328800
-0.967600 29.750000 5.324500
-0.967600 29.750000 5.324500
-0.967600 29.500000 5.324500
-1.000000 29.750000 5.328800
-1.000000 29.500000 5.328800
-1.062500 29.750000 5.095500
-1.062500 29.750000 5.095500
-1.032400 29.750000 5.083100
-1.032400 29.750000 5.083100
-1.000000 29.750000 5.078800
-1.000000 29.500000 5.078800
-1.000000 29.500000 5.078800
-1.000000 29.750000 5.078800
-0.967600 29.750000 5.083100
-0.967600 29.500000 5.083100
-0.967600 29.500000 5.083100
-0.967600 29.750000 5.083100
-0.937500 29.750000 5.095500
-0.937500 29.500000 5.095500
-0.937500 29.500000 5.095500
-0.937500 29.750000 5.095500
-0.911600 29.750000 5.115400
-0.911600 29.750000 5.115400
-0.891700 29.750000 5.141300
-0.891700 29.750000 5.141300
-0.879300 29.500000 5.171400
-0.879300 29.750000 5.171400
-0.879300 29.750000 5.171400
-0.879300 29.500000 5.171400
-0.875000 29.500000 5.203800
-0.875000 29.750000 5.203800
-0.875000 29.750000 5.203800
-0.875000 29.500000 5.203800
-0.875000 29.750000 5.203800
-0.875000 29.500000 5.203800
-0.879300 29.750000 5.236200
-0.879300 29.750000 5.236200
-0.875000 29.750000 5.203800
-0.875000 29.500000 5.203800
-0.891700 29.750000 5.266300
-0.891700 29.750000 5.266300
-0.911600 29.750000 5.292200
-0.911600 29.750000 5.292200
-0.937500 29.750000 5.312100
-0.937500 29.500000 5.312100
-0.937500 29.750000 5.312100
-0.937500 29.500000 5.312100
-0.385100 24.614900 -9.937500
-0.246900 24.434800 -10.062500
-0.246900 24.434800 -9.937500
-0.385100 24.614900 -10.062500
-0.385100 24.614900 -10.062500
-0.385100 24.614900 -9.937500
-0.246900 24.434800 -10.062500
-0.246900 24.434800 -9.937500
-0.565200 24.753100 -10.062500
-0.565200 24.753100 -9.937500
-0.565200 24.753100 -9.937500
-0.565200 24.753100 -10.062500
-0.160000 24.225100 -10.062500
-0.160000 24.225100 -9.937500
-0.160000 24.225100 -10.062500
-0.160000 24.225100 -9.937500
-0.774900 24.840000 -9.937500
-0.774900 24.840000 -10.062500
-0.774900 24.840000 -9.937500
-0.774900 24.840000 -10.062500
-0.146800 24.125000 -10.062500
-0.146800 24.125000 -9.937500
-0.146800 24.125000 -10.062500
-0.146800 24.125000 -9.937500
-0.875000 24.853200 -10.062500
-0.875000 24.853200 -9.937500
-0.875000 24.853200 -9.937500
-0.875000 24.853200 -10.062500
-0.875000 24.125000 -9.937500
-0.875000 24.125000 -10.062500
-0.875000 24.125000 -9.937500
-0.875000 24.125000 -10.062500
0.437000 24.000000 -9.062500
0.388000 23.628100 -9.000000
0.388000 23.628100 -9.062500
0.437000 24.000000 -9.000000
0.437000 24.000000 -9.000000
0.437000 24.000000 -9.062500
0.388000 23.628100 -9.000000
0.388000 23.628100 -9.062500
0.388000 24.371900 -9.062500
0.388000 24.371900 -9.000000
0.388000 24.371900 -9.000000
0.388000 24.371900 -9.062500
0.244400 23.281500 -9.000000
0.244400 23.281500 -9.062500
0.244400 23.281500 -9.000000
0.244400 23.281500 -9.062500
0.244400 24.718500 -9.062500
0.244400 24.718500 -9.000000
0.244400 24.718500 -9.000000
0.244400 24.718500 -9.062500
0.016100 22.983900 -9.000000
0.016100 22.983900 -9.062500
0.016100 22.983900 -9.000000
0.016100 22.983900 -9.062500
0.016100 25.016100 -9.062500
0.016100 25.016100 -9.000000
0.016100 25.016100 -9.000000
0.016100 25.016100 -9.062500
-0.281500 22.755600 -9.000000
-0.281500 22.755600 -9.062500
-0.281500 22.755600 -9.000000
-0.281500 22.755600 -9.062500
-0.281500 25.244400 -9.000000
-0.281500 25.244400 -9.062500
-0.281500 25.244400 -9.000000
-0.281500 25.244400 -9.062500
-0.628100 22.612000 -9.062500
-0.628100 22.612000 -9.000000
-0.628100 22.612000 -9.000000
-0.628100 22.612000 -9.062500
-0.628100 25.388000 -9.000000
-0.628100 25.388000 -9.062500
-0.628100 25.388000 -9.000000
-0.628100 25.388000 -9.062500
-1.000000 22.563000 -9.062500
-1.000000 22.563000 -9.000000
-1.000000 22.563000 -9.000000
-1.000000 22.563000 -9.062500
-1.000000 25.437000 -9.000000
-1.000000 25.437000 -9.062500
-1.000000 25.437000 -9.000000
-1.000000 25.437000 -9.062500
0.370700 29.875000 5.171400
0.358300 29.750000 5.141300
0.370700 29.750000 5.171400
0.358300 29.875000 5.141300
0.358300 29.875000 5.141300
0.370700 29.875000 5.171400
0.358300 29.750000 5.141300
0.370700 29.750000 5.171400
0.375000 29.875000 5.203800
0.375000 29.750000 5.203800
0.375000 29.875000 5.203800
0.375000 29.750000 5.203800
0.282400 29.875000 5.083100
0.217600 29.875000 5.083100
0.250000 29.875000 5.078800
0.312500 29.875000 5.095500
0.187500 29.875000 5.095500
0.338400 29.875000 5.115400
0.161600 29.875000 5.115400
0.358300 29.875000 5.141300
0.141700 29.875000 5.141300
0.370700 29.875000 5.171400
0.129300 29.875000 5.171400
0.375000 29.875000 5.203800
0.125000 29.875000 5.203800
0.370700 29.875000 5.236200
0.129300 29.875000 5.236200
0.358300 29.875000 5.266300
0.141700 29.875000 5.266300
0.338400 29.875000 5.292200
0.161600 29.875000 5.292200
0.312500 29.875000 5.312100
0.187500 29.875000 5.312100
0.282400 29.875000 5.324500
0.217600 29.875000 5.324500
0.250000 29.875000 5.328800
0.250000 29.875000 5.328800
0.282400 29.875000 5.324500
0.217600 29.875000 5.324500
0.187500 29.875000 5.312100
0.312500 29.875000 5.312100
0.161600 29.875000 5.292200
0.338400 29.875000 5.292200
0.141700 29.875000 5.266300
0.358300 29.875000 5.266300
0.129300 29.875000 5.236200
0.370700 29.875000 5.236200
0.125000 29.875000 5.203800
0.375000 29.875000 5.203800
0.129300 29.875000 5.171400
0.370700 29.875000 5.171400
0.141700 29.875000 5.141300
0.358300 29.875000 5.141300
0.161600 29.875000 5.115400
0.338400 29.875000 5.115400
0.187500 29.875000 5.095500
0.312500 29.875000 5.095500
0.217600 29.875000 5.083100
0.282400 29.875000 5.083100
0.250000 29.875000 5.078800
0.338400 29.750000 5.115400
0.338400 29.875000 5.115400
0.338400 29.875000 5.115400
0.338400 29.750000 5.115400
0.370700 29.875000 5.236200
0.370700 29.750000 5.236200
0.370700 29.875000 5.236200
0.370700 29.750000 5.236200
0.125000 29.875000 5.203800
0.129300 29.750000 5.236200
0.125000 29.750000 5.203800
0.129300 29.875000 5.236200
0.129300 29.875000 5.236200
0.125000 29.875000 5.203800
0.129300 29.750000 5.236200
0.125000 29.750000 5.203800
0.129300 29.875000 5.171400
0.129300 29.750000 5.171400
0.129300 29.875000 5.171400
0.129300 29.750000 5.171400
0.141700 29.875000 5.141300
0.141700 29.750000 5.141300
0.141700 29.875000 5.141300
0.141700 29.750000 5.141300
0.161600 29.875000 5.115400
0.161600 29.750000 5.115400
0.161600 29.875000 5.115400
0.161600 29.750000 5.115400
0.187500 29.750000 5.095500
0.187500 29.875000 5.095500
0.187500 29.875000 5.095500
0.187500 29.750000 5.095500
0.217600 29.750000 5.083100
0.217600 29.875000 5.083100
0.217600 29.875000 5.083100
0.217600 29.750000 5.083100
0.250000 29.750000 5.078800
0.250000 29.875000 5.078800
0.250000 29.875000 5.078800
0.250000 29.750000 5.078800
0.282400 29.750000 5.083100
0.282400 29.875000 5.083100
0.282400 29.875000 5.083100
0.282400 29.750000 5.083100
0.312500 29.750000 5.095500
0.312500 29.875000 5.095500
0.312500 29.875000 5.095500
0.312500 29.750000 5.095500
0.358300 29.875000 5.266300
0.358300 29.750000 5.266300
0.358300 29.875000 5.266300
0.358300 29.750000 5.266300
0.338400 29.875000 5.292200
0.338400 29.750000 5.292200
0.338400 29.875000 5.292200
0.338400 29.750000 5.292200
0.312500 29.750000 5.312100
0.312500 29.875000 5.312100
0.312500 29.750000 5.312100
0.312500 29.875000 5.312100
0.282400 29.750000 5.324500
0.282400 29.875000 5.324500
0.282400 29.750000 5.324500
0.282400 29.875000 5.324500
0.250000 29.750000 5.328800
0.250000 29.875000 5.328800
0.250000 29.750000 5.328800
0.250000 29.875000 5.328800
0.217600 29.750000 5.324500
0.217600 29.875000 5.324500
0.217600 29.750000 5.324500
0.217600 29.875000 5.324500
0.187500 29.750000 5.312100
0.187500 29.875000 5.312100
0.187500 29.750000 5.312100
0.187500 29.875000 5.312100
0.161600 29.750000 5.292200
0.161600 29.875000 5.292200
0.161600 29.750000 5.292200
0.161600 29.875000 5.292200
0.141700 29.875000 5.266300
0.141700 29.750000 5.266300
0.141700 29.875000 5.266300
0.141700 29.750000 5.266300
-2.437000 24.000000 -9.000000
-2.388000 23.628100 -9.062500
-2.388000 23.628100 -9.000000
-2.437000 24.000000 -9.062500
-2.437000 24.000000 -9.062500
-2.437000 24.000000 -9.000000
-2.388000 23.628100 -9.062500
-2.388000 23.628100 -9.000000
-2.244400 23.281500 -9.062500
-2.244400 23.281500 -9.000000
-2.244400 23.281500 -9.062500
-2.244400 23.281500 -9.000000
-2.388000 23.628100 -9.000000
-2.388000 24.371900 -9.000000
-2.437000 24.000000 -9.000000
-2.244400 23.281500 -9.000000
-2.244400 24.718500 -9.000000
-2.016100 22.983900 -9.000000
-2.016100 25.016100 -9.000000
-1.995700 24.000000 -9.000000
-1.961800 23.742300 -9.000000
-1.718500 22.755600 -9.000000
-1.862300 23.502200 -9.000000
-1.704100 23.295900 -9.000000
-1.371900 22.612000 -9.000000
-1.497800 23.137700 -9.000000
-1.257700 23.038200 -9.000000
-1.000000 22.563000 -9.000000
-1.000000 23.004300 -9.000000
-0.628100 22.612000 -9.000000
-0.742300 23.038200 -9.000000
-0.502200 23.137700 -9.000000
-0.281500 22.755600 -9.000000
-0.295900 23.295900 -9.000000
-0.137700 23.502200 -9.000000
0.016100 22.983900 -9.000000
-0.038200 23.742300 -9.000000
-0.004300 24.000000 -9.000000
-1.961800 24.257700 -9.000000
-1.718500 25.244400 -9.000000
-1.862300 24.497800 -9.000000
-1.704100 24.704100 -9.000000
-1.371900 25.388000 -9.000000
-1.497800 24.862300 -9.000000
-1.257700 24.961800 -9.000000
-1.000000 25.437000 -9.000000
-1.000000 24.995700 -9.000000
-0.742300 24.961800 -9.000000
-0.628100 25.388000 -9.000000
-0.502200 24.862300 -9.000000
-0.281500 25.244400 -9.000000
-0.295900 24.704100 -9.000000
-0.137700 24.497800 -9.000000
0.016100 25.016100 -9.000000
-0.038200 24.257700 -9.000000
0.244400 23.281500 -9.000000
0.244400 24.718500 -9.000000
0.388000 23.628100 -9.000000
0.388000 24.371900 -9.000000
0.437000 24.000000 -9.000000
0.437000 24.000000 -9.000000
0.388000 23.628100 -9.000000
0.388000 24.371900 -9.000000
0.244400 24.718500 -9.000000
0.244400 23.281500 -9.000000
0.016100 25.016100 -9.000000
0.016100 22.983900 -9.000000
-0.004300 24.000000 -9.000000
-0.038200 24.257700 -9.000000
-0.137700 24.497800 -9.000000
-0.281500 25.244400 -9.000000
-0.295900 24.704100 -9.000000
-0.502200 24.862300 -9.000000
-0.628100 25.388000 -9.000000
-0.742300 24.961800 -9.000000
-1.000000 25.437000 -9.000000
-1.000000 24.995700 -9.000000
-1.257700 24.961800 -9.000000
-1.371900 25.388000 -9.000000
-1.497800 24.862300 -9.000000
-1.704100 24.704100 -9.000000
-1.718500 25.244400 -9.000000
-1.862300 24.497800 -9.000000
-1.961800 24.257700 -9.000000
-1.995700 24.000000 -9.000000
-2.016100 25.016100 -9.000000
-0.038200 23.742300 -9.000000
-0.137700 23.502200 -9.000000
-0.281500 22.755600 -9.000000
-0.295900 23.295900 -9.000000
-0.502200 23.137700 -9.000000
-0.628100 22.612000 -9.000000
-0.742300 23.038200 -9.000000
-1.000000 23.004300 -9.000000
-1.000000 22.563000 -9.000000
-1.257700 23.038200 -9.000000
-1.371900 22.612000 -9.000000
-1.497800 23.137700 -9.000000
-1.704100 23.295900 -9.000000
-1.718500 22.755600 -9.000000
-1.862300 23.502200 -9.000000
-1.961800 23.742300 -9.000000
-2.016100 22.983900 -9.000000
-2.244400 24.718500 -9.000000
-2.244400 23.281500 -9.000000
-2.388000 24.371900 -9.000000
-2.388000 23.628100 -9.000000
-2.437000 24.000000 -9.000000
-2.388000 24.371900 -9.000000
-2.388000 24.371900 -9.062500
-2.388000 24.371900 -9.062500
-2.388000 24.371900 -9.000000
-2.016100 22.983900 -9.062500
-2.016100 22.983900 -9.000000
-2.016100 22.983900 -9.062500
-2.016100 22.983900 -9.000000
-2.016100 25.016100 -9.000000
-1.718500 25.244400 -9.062500
-2.016100 25.016100 -9.062500
-1.718500 25.244400 -9.000000
-1.718500 25.244400 -9.000000
-2.016100 25.016100 -9.000000
-1.718500 25.244400 -9.062500
-2.016100 25.016100 -9.062500
-2.244400 24.718500 -9.062500
-2.244400 24.718500 -9.000000
-2.244400 24.718500 -9.062500
-2.244400 24.718500 -9.000000
-1.718500 22.755600 -9.000000
-1.718500 22.755600 -9.062500
-1.718500 22.755600 -9.000000
-1.718500 22.755600 -9.062500
-1.371900 22.612000 -9.062500
-1.371900 22.612000 -9.000000
-1.371900 22.612000 -9.000000
-1.371900 22.612000 -9.062500
-1.000000 22.563000 -9.000000
-1.000000 22.563000 -9.062500
-1.000000 22.563000 -9.000000
-1.000000 22.563000 -9.062500
-1.371900 25.388000 -9.000000
-1.000000 25.437000 -9.062500
-1.371900 25.388000 -9.062500
-1.000000 25.437000 -9.000000
-1.000000 25.437000 -9.000000
-1.371900 25.388000 -9.000000
-1.000000 25.437000 -9.062500
-1.371900 25.388000 -9.062500
-16.000000 32.000000 10.062500
-16.000000 -32.000000 -9.937500
-16.000000 -32.000000 10.062500
-16.000000 32.000000 -9.937500
-16.000000 32.000000 -9.937500
-16.000000 32.000000 10.062500
-16.000000 -32.000000 -9.937500
-16.000000 -32.000000 10.062500
15.814700 -32.000000 9.071000
15.000000 -32.000000 9.062500
15.750000 -32.000000 9.062500
15.500000 -32.000000 10.062500
-1.000000 -32.000000 10.062500
15.629400 -32.000000 10.045500
15.500000 -32.000000 -5.937500
-16.000000 -32.000000 -9.937500
15.500000 -32.000000 -9.937500
-16.000000 -32.000000 10.062500
15.629400 -32.000000 -5.920460
15.750000 -32.000000 -5.870510
15.853600 -32.000000 -5.791050
15.933000 -32.000000 -5.687500
15.983000 -32.000000 -5.566910
16.000000 -32.000000 -5.437500
16.000000 -32.000000 8.062500
15.983000 -32.000000 8.191900
15.933000 -32.000000 8.312500
15.853600 -32.000000 8.416100
15.750000 -32.000000 8.495500
15.000000 -32.000000 8.562500
15.629400 -32.000000 8.545500
15.500000 -32.000000 8.562500
15.875000 -32.000000 9.096000
15.926800 -32.000000 9.135700
15.966500 -32.000000 9.187500
15.991500 -32.000000 9.247800
16.000000 -32.000000 9.312500
16.000000 -32.000000 9.562500
15.983000 -32.000000 9.691900
15.933000 -32.000000 9.812500
15.853600 -32.000000 9.916100
15.750000 -32.000000 9.995500
-1.000000 -32.000000 10.062500
15.629400 -32.000000 10.045500
-16.000000 -32.000000 10.062500
15.750000 -32.000000 9.995500
15.853600 -32.000000 9.916100
15.933000 -32.000000 9.812500
15.983000 -32.000000 9.691900
16.000000 -32.000000 9.562500
16.000000 -32.000000 9.312500
15.991500 -32.000000 9.247800
15.966500 -32.000000 9.187500
15.926800 -32.000000 9.135700
15.875000 -32.000000 9.096000
15.814700 -32.000000 9.071000
15.000000 -32.000000 9.062500
15.000000 -32.000000 8.562500
15.500000 -32.000000 8.562500
15.629400 -32.000000 8.545500
15.750000 -32.000000 8.495500
15.853600 -32.000000 8.416100
15.933000 -32.000000 8.312500
15.983000 -32.000000 8.191900
16.000000 -32.000000 8.062500
16.000000 -32.000000 -5.437500
15.983000 -32.000000 -5.566910
15.933000 -32.000000 -5.687500
15.853600 -32.000000 -5.791050
15.750000 -32.000000 -5.870510
15.629400 -32.000000 -5.920460
15.500000 -32.000000 -5.937500
-16.000000 -32.000000 -9.937500
15.500000 -32.000000 -9.937500
15.500000 -32.000000 10.062500
15.750000 -32.000000 9.062500
15.500000 32.000000 -9.937500
15.500000 -32.000000 -5.937500
15.500000 -32.000000 -9.937500
15.500000 32.000000 -5.937500
15.500000 32.000000 -5.937500
15.500000 32.000000 -9.937500
15.500000 -32.000000 -5.937500
15.500000 -32.000000 -9.937500
15.629400 32.000000 -5.920460
15.500000 -32.000000 -5.937500
15.500000 32.000000 -5.937500
15.629400 -32.000000 -5.920460
15.629400 -32.000000 -5.920460
15.629400 32.000000 -5.920460
15.500000 -32.000000 -5.937500
15.500000 32.000000 -5.937500
15.750000 32.000000 -5.870510
15.750000 -32.000000 -5.870510
15.750000 -32.000000 -5.870510
15.750000 32.000000 -5.870510
15.853600 32.000000 -5.791050
15.853600 -32.000000 -5.791050
15.853600 -32.000000 -5.791050
15.853600 32.000000 -5.791050
15.933000 -32.000000 -5.687500
15.933000 32.000000 -5.687500
15.933000 32.000000 -5.687500
15.933000 -32.000000 -5.687500
15.983000 -32.000000 -5.566910
15.983000 32.000000 -5.566910
15.983000 32.000000 -5.566910
15.983000 -32.000000 -5.566910
16.000000 -32.000000 -5.437500
16.000000 32.000000 -5.437500
16.000000 32.000000 -5.437500
16.000000 -32.000000 -5.437500
16.000000 -32.000000 8.062500
16.000000 32.000000 8.062500
16.000000 32.000000 8.062500
16.000000 -32.000000 8.062500
15.983000 -32.000000 8.191900
15.983000 32.000000 8.191900
15.983000 32.000000 8.191900
15.983000 -32.000000 8.191900
15.933000 -32.000000 8.312500
15.933000 32.000000 8.312500
15.933000 32.000000 8.312500
15.933000 -32.000000 8.312500
15.853600 -32.000000 8.416100
15.853600 32.000000 8.416100
15.853600 32.000000 8.416100
15.853600 -32.000000 8.416100
15.750000 32.000000 8.495500
15.750000 -32.000000 8.495500
15.750000 32.000000 8.495500
15.750000 -32.000000 8.495500
15.629400 32.000000 8.545500
15.629400 -32.000000 8.545500
15.629400 32.000000 8.545500
15.629400 -32.000000 8.545500
15.500000 32.000000 8.562500
15.500000 -32.000000 8.562500
15.500000 32.000000 8.562500
15.500000 -32.000000 8.562500
15.000000 32.000000 8.562500
15.000000 -32.000000 8.562500
15.000000 32.000000 8.562500
15.000000 -32.000000 8.562500
15.000000 32.000000 8.562500
15.000000 -32.000000 9.062500
15.000000 -32.000000 8.562500
15.000000 32.000000 9.062500
15.000000 32.000000 9.062500
15.000000 32.000000 8.562500
15.000000 -32.000000 9.062500
15.000000 -32.000000 8.562500
-1.000000 28.687500 5.328800
-0.951900 28.687500 5.325100
-0.967600 28.687500 5.324500
-0.904900 28.687500 5.314000
-0.937500 28.687500 5.312100
-0.860200 28.687500 5.295800
-0.911600 28.687500 5.292200
-0.818900 28.687500 5.271000
-0.891700 28.687500 5.266300
-0.781800 28.687500 5.240000
-0.879300 28.687500 5.236200
-0.875000 28.687500 5.203800
-0.750000 28.687500 5.203800
-0.879300 28.687500 5.171400
-0.781800 28.687500 5.167600
-0.891700 28.687500 5.141300
-0.818900 28.687500 5.136600
-0.911600 28.687500 5.115400
-0.860200 28.687500 5.111800
-0.937500 28.687500 5.095500
-0.904900 28.687500 5.093600
-0.967600 28.687500 5.083100
-0.951900 28.687500 5.082500
-1.000000 28.687500 5.078800
-2.448900 23.611800 -9.062500
-2.448900 24.388200 -9.062500
-2.500000 24.000000 -9.062500
-2.437000 24.000000 -9.062500
-2.388000 23.628100 -9.062500
-2.299000 23.250000 -9.062500
-2.244400 23.281500 -9.062500
-2.060700 22.939300 -9.062500
-2.016100 22.983900 -9.062500
-1.750000 22.701000 -9.062500
-1.718500 22.755600 -9.062500
-1.388200 22.551100 -9.062500
-1.371900 22.612000 -9.062500
-1.000000 22.500000 -9.062500
-1.000000 22.563000 -9.062500
-0.611800 22.551100 -9.062500
-0.628100 22.612000 -9.062500
-0.281500 22.755600 -9.062500
-0.250000 22.701000 -9.062500
0.016100 22.983900 -9.062500
0.060700 22.939300 -9.062500
0.244400 23.281500 -9.062500
0.299000 23.250000 -9.062500
0.388000 23.628100 -9.062500
0.448900 23.611800 -9.062500
0.437000 24.000000 -9.062500
-2.388000 24.371900 -9.062500
-2.299000 24.750000 -9.062500
-2.244400 24.718500 -9.062500
-2.060700 25.060700 -9.062500
-2.016100 25.016100 -9.062500
-1.750000 25.299000 -9.062500
-1.718500 25.244400 -9.062500
-1.388200 25.448900 -9.062500
-1.371900 25.388000 -9.062500
-1.000000 25.500000 -9.062500
-1.000000 25.437000 -9.062500
-0.628100 25.388000 -9.062500
-0.611800 25.448900 -9.062500
-0.281500 25.244400 -9.062500
-0.250000 25.299000 -9.062500
0.016100 25.016100 -9.062500
0.060700 25.060700 -9.062500
0.244400 24.718500 -9.062500
0.299000 24.750000 -9.062500
0.388000 24.371900 -9.062500
0.448900 24.388200 -9.062500
0.500000 24.000000 -9.062500
-0.774900 23.160000 -9.937500
-0.565200 23.246900 -10.062500
-0.774900 23.160000 -10.062500
-0.565200 23.246900 -9.937500
-0.565200 23.246900 -9.937500
-0.774900 23.160000 -9.937500
-0.565200 23.246900 -10.062500
-0.774900 23.160000 -10.062500
-0.385100 23.385100 -10.062500
-0.385100 23.385100 -9.937500
-0.385100 23.385100 -9.937500
-0.385100 23.385100 -10.062500
-0.875000 23.146800 -9.937500
-0.875000 23.146800 -10.062500
-0.875000 23.146800 -9.937500
-0.875000 23.146800 -10.062500
-0.246900 23.565200 -9.937500
-0.246900 23.565200 -10.062500
-0.246900 23.565200 -10.062500
-0.246900 23.565200 -9.937500
-0.875000 23.875000 -10.062500
-0.875000 23.875000 -9.937500
-0.875000 23.875000 -9.937500
-0.875000 23.875000 -10.062500
-0.160000 23.774900 -9.937500
-0.160000 23.774900 -10.062500
-0.160000 23.774900 -10.062500
-0.160000 23.774900 -9.937500
-0.146800 23.875000 -10.062500
-0.146800 23.875000 -9.937500
-0.146800 23.875000 -9.937500
-0.146800 23.875000 -10.062500
15.000000 32.000000 8.562500
15.629400 32.000000 8.545500
15.500000 32.000000 8.562500
-1.000000 32.000000 10.062500
15.629400 32.000000 10.045500
15.500000 32.000000 10.062500
-16.000000 32.000000 10.062500
15.750000 32.000000 9.995500
15.853600 32.000000 9.916100
15.933000 32.000000 9.812500
15.983000 32.000000 9.691900
16.000000 32.000000 9.562500
16.000000 32.000000 9.312500
15.991500 32.000000 9.247800
15.966500 32.000000 9.187500
15.926800 32.000000 9.135700
15.875000 32.000000 9.096000
15.814700 32.000000 9.071000
15.750000 32.000000 9.062500
15.000000 32.000000 9.062500
15.750000 32.000000 8.495500
15.853600 32.000000 8.416100
15.933000 32.000000 8.312500
15.983000 32.000000 8.191900
16.000000 32.000000 8.062500
16.000000 32.000000 -5.437500
15.983000 32.000000 -5.566910
15.933000 32.000000 -5.687500
15.853600 32.000000 -5.791050
15.750000 32.000000 -5.870510
15.629400 32.000000 -5.920460
15.500000 32.000000 -5.937500
15.500000 32.000000 -9.937500
-16.000000 32.000000 -9.937500
-1.840000 23.774900 -10.062500
-1.753100 23.565200 -9.937500
-1.753100 23.565200 -10.062500
-1.840000 23.774900 -9.937500
-1.840000 23.774900 -9.937500
-1.840000 23.774900 -10.062500
-1.753100 23.565200 -9.937500
-1.753100 23.565200 -10.062500
-1.614900 23.385100 -9.937500
-1.614900 23.385100 -10.062500
-1.614900 23.385100 -9.937500
-1.614900 23.385100 -10.062500
-1.853200 23.875000 -10.062500
-1.853200 23.875000 -9.937500
-1.853200 23.875000 -9.937500
-1.853200 23.875000 -10.062500
-1.434800 23.246900 -10.062500
-1.434800 23.246900 -9.937500
-1.434800 23.246900 -9.937500
-1.434800 23.246900 -10.062500
-1.125000 23.875000 -10.062500
-1.125000 23.875000 -9.937500
-1.125000 23.875000 -9.937500
-1.125000 23.875000 -10.062500
-1.225100 23.160000 -10.062500
-1.225100 23.160000 -9.937500
-1.225100 23.160000 -9.937500
-1.225100 23.160000 -10.062500
-1.125000 23.146800 -10.062500
-1.125000 23.146800 -9.937500
-1.125000 23.146800 -10.062500
-1.125000 23.146800 -9.937500
-0.004300 24.000000 -9.937500
-0.038200 24.257700 -9.937500
-0.038200 23.742300 -9.937500
-0.137700 23.502200 -9.937500
-0.137700 24.497800 -9.937500
-0.146800 24.125000 -9.937500
-0.146800 23.875000 -9.937500
-0.160000 23.774900 -9.937500
-0.246900 23.565200 -9.937500
-0.295900 23.295900 -9.937500
-0.385100 23.385100 -9.937500
-0.502200 23.137700 -9.937500
-0.565200 23.246900 -9.937500
-0.742300 23.038200 -9.937500
-0.774900 23.160000 -9.937500
-0.875000 23.146800 -9.937500
-0.875000 23.875000 -9.937500
-0.875000 24.125000 -9.937500
-0.875000 24.853200 -9.937500
-1.000000 23.004300 -9.937500
-0.160000 24.225100 -9.937500
-0.246900 24.434800 -9.937500
-0.295900 24.704100 -9.937500
-0.385100 24.614900 -9.937500
-0.502200 24.862300 -9.937500
-0.565200 24.753100 -9.937500
-0.742300 24.961800 -9.937500
-0.774900 24.840000 -9.937500
-1.000000 24.995700 -9.937500
-1.125000 23.875000 -9.937500
-1.125000 24.125000 -9.937500
-1.853200 23.875000 -9.937500
-1.853200 24.125000 -9.937500
-1.000000 24.995700 -9.937500
-1.125000 23.146800 -9.937500
-1.000000 23.004300 -9.937500
-1.225100 23.160000 -9.937500
-1.257700 23.038200 -9.937500
-1.434800 23.246900 -9.937500
-1.497800 23.137700 -9.937500
-1.614900 23.385100 -9.937500
-1.704100 23.295900 -9.937500
-1.753100 23.565200 -9.937500
-1.840000 23.774900 -9.937500
-1.862300 23.502200 -9.937500
-1.125000 24.853200 -9.937500
-1.225100 24.840000 -9.937500
-1.257700 24.961800 -9.937500
-1.434800 24.753100 -9.937500
-1.497800 24.862300 -9.937500
-1.614900 24.614900 -9.937500
-1.704100 24.704100 -9.937500
-1.753100 24.434800 -9.937500
-1.840000 24.225100 -9.937500
-1.862300 24.497800 -9.937500
-1.961800 23.742300 -9.937500
-1.961800 24.257700 -9.937500
-1.995700 24.000000 -9.937500
12.500000 22.032800 9.562500
12.500000 -22.032770 9.562500
