2.158320 0.816580 -6.864240
-6.578750 3.302798 -6.391040
-6.578710 2.435690 -6.390240
-6.577670 4.757190 -6.363640
-7.960970 3.291499 -5.993450
-6.578600 0.000050 -6.388000
-6.578490 -2.454540 -6.385740
1.939520 0.000030 -6.864240
-6.577940 5.050660 -6.354740
-7.963140 4.741680 -5.968020
-7.961450 -3.676990 -5.987500
2.048460 -0.406530 -6.864240
-6.578430 -3.689470 -6.384610
2.624180 0.702190 -6.955030
2.194190 0.950450 -6.864240
2.436040 0.000030 -6.955030
-9.027530 4.715090 -4.997120
-9.022460 3.272169 -5.023080
2.158320 -0.816530 -6.864240
2.624180 -0.702140 -6.955030
2.194190 -0.950400 -6.864240
2.935730 0.522320 -7.011120
2.795790 0.000030 -7.011120
2.692560 1.448820 -6.864240
2.889940 1.646200 -6.864240
2.391570 1.147830 -6.864240
-7.983670 10.347020 -5.806490
-9.061550 10.301590 -4.832650
-9.023640 -3.655630 -5.017000
-6.578010 -5.075810 -6.351750
-6.577420 -6.988440 -6.306420
2.692560 -1.448770 -6.864240
2.889940 -1.646150 -6.864240
2.935730 -0.522260 -7.011120
4.362650 0.904660 -7.011120
4.745000 0.522320 -7.011120
4.884940 0.000030 -7.011120
4.745000 -0.522260 -7.011120
4.362650 -0.904600 -7.011120
-6.581220 8.541220 -6.248790
-6.594280 13.186950 -6.080880
-6.582940 10.373290 -6.193180
-9.548260 4.682990 -3.653950
-9.587290 10.246670 -3.478820
-9.542730 0.000040 -3.678970
-7.968830 -6.967660 -5.914350
-6.583360 -8.675150 -6.241740
-6.610080 -16.256350 -5.951040
4.542530 -1.216160 -6.955030
5.056550 -0.702140 -6.955030
5.244690 0.000030 -6.955030
5.056550 0.702190 -6.955030
4.542530 1.216210 -6.955030
4.246920 1.791930 -6.864240
4.790790 1.646200 -6.864240
-3.154540 21.587850 -5.774580
-6.622740 18.237250 -5.861960
-6.597970 14.102450 -6.044350
-9.093420 14.020850 -4.686480
-9.542050 3.248843 -3.682090
-9.621660 13.958050 -3.325930
-9.543500 -3.629850 -3.675480
-9.038510 -6.931920 -4.942400
-6.601390 -13.789850 -6.045620
-6.627190 -18.897050 -5.831720
4.790790 -1.646150 -6.864240
4.246920 -1.791880 -6.864240
4.656920 -1.682020 -6.864240
-6.600220 -19.420050 -5.808330
-1.101834 -21.569150 -5.800380
5.486540 -0.950400 -6.864240
5.289150 -1.147780 -6.864240
5.741210 0.000030 -6.864240
5.632270 -0.406530 -6.864240
5.522410 0.816580 -6.864240
5.486540 0.950450 -6.864240
5.632270 0.406580 -6.864240
4.988170 1.448820 -6.864240
6.486810 7.770680 -6.524180
6.517240 14.312350 -6.197770
2.522910 21.570450 -5.831300
-3.860780 21.600650 -5.762020
-1.124907 21.581650 -5.794850
-6.612090 16.584450 -5.936480
-6.628170 19.091950 -5.822750
-8.007740 14.072650 -5.662550
-10.015340 0.000030 -0.298700
-9.561280 -6.888730 -3.595170
-8.024290 -16.225450 -5.571500
6.464000 -5.755540 -6.630580
6.465850 -4.258090 -6.701690
5.310900 -19.985350 -5.913640
-6.513110 -19.779350 -5.793840
-3.792880 -21.601450 -5.763170
0.178914 -21.553750 -5.818090
6.473530 -3.691500 -6.717890
6.501930 -1.597570 -6.777740
6.523510 -0.005760 -6.823240
6.513660 0.695310 -6.804270
6.501540 1.558330 -6.780910
6.523430 -0.000040 -6.823090
6.487870 2.531239 -6.754580
6.468760 3.891130 -6.717770
5.408090 18.854250 -5.972340
-3.119090 22.848950 -5.441780
-4.979150 21.116550 -5.764540
2.505900 22.830750 -5.494900
-8.040550 18.205750 -5.484170
-8.044440 19.085550 -5.446100
-6.473230 19.891450 -5.789600
-8.026930 16.553450 -5.557250
-9.645470 16.345850 -3.219120
-9.116890 16.499050 -4.579720
-9.792130 16.475350 -2.150970
-9.113720 -16.171250 -4.594160
-8.046100 -18.865450 -5.454450
6.462010 -7.359250 -6.554430
6.546940 -18.292450 -5.994760
-7.976080 -19.618550 -5.435950
-6.307110 -20.237450 -5.777400
-4.785590 -21.442050 -5.752610
-3.787520 -22.862950 -5.430500
0.183340 -22.814850 -5.482330
6.488070 -2.619250 -6.748530
6.514040 -0.704180 -6.803280
7.878170 3.863770 -6.339080
6.525240 16.033150 -6.111900
4.227710 21.552050 -5.834180
4.429550 22.800150 -5.496500
-3.882250 22.861750 -5.428970
-4.847260 21.420950 -5.752420
-6.067510 20.574450 -5.767070
-7.805340 20.210950 -5.426060
-6.507990 19.794850 -5.793250
-9.646340 16.432850 -3.215220
-10.062500 16.741550 -0.190300
-9.643030 -16.105550 -3.230160
6.512830 -13.900750 -6.219570
7.887460 -7.327350 -6.186390
7.877700 -4.229930 -6.324670
6.276760 -20.161250 -5.899560
4.198470 -21.556550 -5.833970
-7.814440 -20.186550 -5.426430
-6.068870 -20.576850 -5.766930
-5.314720 -21.207550 -5.753280
-4.649940 -21.483350 -5.753230
-4.988210 -22.701950 -5.415010
7.902270 -0.005690 -6.423540
7.965070 15.998650 -5.750920
6.528120 19.414450 -5.936690
4.808100 21.402450 -5.841060
4.596070 23.804550 -4.674370
-3.081000 23.866950 -4.626530
-4.528710 21.514750 -5.754020
-5.366520 21.177450 -5.753650
2.493520 23.846750 -4.676830
-9.133000 18.150050 -4.505720
-9.137210 19.049350 -4.470270
-8.827230 20.514150 -4.501520
-6.245540 20.337750 -5.774140
-7.744680 20.361550 -5.423820
-9.802360 18.484750 -2.127430
-10.571450 0.000030 3.658100
-9.792130 -16.475250 -2.150970
-9.139470 -18.809350 -4.475650
7.988810 -18.257950 -5.634310
5.990220 -20.584150 -5.879220
6.356870 -19.997350 -5.907580
4.388570 -22.806150 -5.496380
5.114400 -21.089350 -5.856590
-9.048670 -19.745350 -4.484900
-7.465810 -20.894350 -5.416830
-5.674280 -20.965150 -5.757270
-5.948450 -22.316050 -5.408890
-5.181370 -22.644850 -5.413300
-3.773670 -23.881550 -4.615460
-5.257630 -23.683750 -4.592040
0.191745 -23.831750 -4.664370
8.965340 3.812960 -5.366420
6.554420 19.062550 -5.954760
6.229700 20.244950 -5.895500
5.152010 21.251450 -5.848000
5.252370 22.596250 -5.501370
5.617580 23.552250 -4.670370
-3.890560 23.880150 -4.613640
-4.816990 22.744950 -5.416700
-5.269710 22.615550 -5.412600
-5.637980 20.993450 -5.756700
-8.748630 20.709150 -4.505900
-7.365970 21.046050 -5.415110
-9.663100 18.082150 -3.138860
-10.071290 18.808550 -0.170100
-10.603250 17.274150 3.730900
-10.603250 -17.274050 3.730900
-9.645470 -16.345850 -3.219010
-10.062500 -16.741550 -0.190300
-9.665690 -18.335750 -3.126710
7.931580 -19.587350 -5.579690
8.989530 -7.268550 -5.211530
8.967180 -4.177630 -5.351740
7.019570 -21.419950 -5.531490
7.480390 -20.784150 -5.548120
6.530220 -19.400450 -5.937390
4.538280 -21.486750 -5.837190
5.085220 -21.284950 -5.846450
-8.839050 -20.482550 -4.500810
-7.074060 -21.419350 -5.411440
-6.060440 -20.588850 -5.766560
-6.480400 -21.970950 -5.408480
-5.497990 -23.613050 -4.588070
8.960660 -0.005560 -5.453710
9.079160 15.935650 -4.771420
7.996270 19.033850 -5.594520
5.924520 20.659950 -5.875620
6.404170 19.882150 -5.913250
5.617310 20.949150 -5.862020
5.752430 22.385450 -5.506650
4.254510 24.423650 -3.513350
5.839800 24.103150 -3.493500
-3.046800 24.467350 -3.468600
2.240040 24.445550 -3.515110
-6.024460 22.273350 -5.408680
-6.027590 20.627550 -5.765480
-9.671390 18.896750 -3.100570
-9.459600 20.145550 -3.175260
-9.285750 20.865450 -3.218080
-7.022910 21.476350 -5.410980
-8.259650 21.591850 -4.526560
-9.665680 18.335750 -3.126940
-10.061580 19.811550 -0.154500
-10.609150 19.456150 3.744500
-11.670950 13.865150 11.476800
-11.670750 -10.821350 11.477000
-10.609150 -19.456150 3.744500
-10.071290 -18.808450 -0.170100
-9.669810 -18.741050 -3.107910
-9.802360 -18.484650 -2.127430
-9.671390 -18.896650 -3.100570
9.104370 -18.194850 -4.653680
9.027950 -19.699250 -4.624600
5.361070 -21.131550 -5.853530
6.706850 -21.736150 -5.523320
7.615890 -20.530850 -5.554710
4.866940 -22.712050 -5.498540
-9.497890 -20.151150 -3.175850
-8.388120 -21.397150 -4.521920
-6.459040 -23.202550 -4.570890
-7.129520 -22.769150 -4.557230
-2.239010 -24.462450 -3.475670
-4.249280 -24.415850 -3.448380
-5.680650 -24.178950 -3.419740
2.239890 -24.450050 -3.513430
4.545430 -23.811850 -4.674560
9.496950 3.749596 -4.008520
9.479050 0.000030 -4.114880
7.402390 20.912150 -5.544790
7.697930 20.351150 -5.559410
7.927180 19.609850 -5.579090
6.442640 21.955850 -5.517700
6.244450 23.288750 -4.667250
4.698550 24.392050 -3.509580
6.047630 24.013650 -3.489150
2.487900 24.444550 -3.517290
-2.239090 24.463950 -3.475700
0.000053 24.454750 -3.495400
-3.884270 24.481150 -3.455790
-5.045320 23.736750 -4.595480
-5.608180 23.576650 -4.586210
-6.425890 22.011750 -5.408410
-9.670120 18.991050 -3.106330
-9.368740 20.643950 -3.205000
-8.815730 21.759350 -3.270670
-7.820940 22.140650 -4.539930
-9.661130 20.355750 -2.085370
-10.597650 20.526950 3.756600
-11.671250 18.326250 11.476400
-11.670850 0.000030 11.476900
-11.671350 -19.654350 11.476300
-11.671350 -18.326150 11.476400
-9.594280 -19.773950 -3.153540
8.617890 -20.924350 -4.640700
9.527550 -7.195590 -3.842740
9.626050 -16.330150 -3.364670
9.499850 -4.112430 -3.992230
5.789560 -20.798650 -5.869070
7.850880 -22.066450 -4.654080
7.451310 -22.469550 -4.658540
8.442490 -21.251750 -4.644820
5.654520 -22.432550 -5.505460
-9.381140 -20.608050 -3.202870
-7.886250 -22.068050 -4.538090
0.000025 -24.432750 -3.502120
-3.753690 -24.482650 -3.457770
-5.411710 -24.259250 -3.426370
-6.044470 -24.020750 -3.408630
0.202685 -24.430050 -3.504520
9.620150 15.858250 -3.390860
9.112090 18.975250 -4.614200
9.478950 -0.005400 -4.115040
6.916810 21.531750 -5.528580
7.114720 22.748750 -4.661640
4.244990 24.942850 -1.939470
5.198690 24.785250 -1.949130
6.111420 24.487850 -1.961740
2.203760 24.946250 -1.929160
0.000004 24.933250 -1.926010
-2.203760 24.946250 -1.929160
-4.245000 24.942950 -1.939470
-4.252150 24.435050 -3.448950
-6.554630 23.149150 -4.569050
-9.387290 21.224050 -2.061230
-7.060480 22.820650 -4.558740
-8.274040 22.497450 -3.313460
-9.925240 20.756650 -0.131700
-11.671550 21.360550 11.476200
-11.671450 20.735450 11.476200
-11.739550 13.865150 11.650000
-11.739350 -10.821350 11.650200
-11.739850 -19.654350 11.649800
-11.663250 -20.735250 11.478300
-10.597650 -20.526850 3.756600
-10.061580 -19.811450 -0.154500
-9.661140 -20.355750 -2.085370
9.653750 -18.878550 -3.230770
9.458950 -20.123850 -3.298200
9.645350 -18.117150 -3.271140
6.060400 -22.216050 -5.510970
6.632050 -23.076350 -4.664970
5.137620 -23.695950 -4.672360
-8.818100 -21.758950 -3.270660
-8.897160 -21.649150 -3.264300
-6.873970 -23.633450 -3.382110
-8.280760 -22.477050 -3.312350
-2.203760 -24.946150 -1.929160
-4.244980 -24.942850 -1.939470
-6.111420 -24.487750 -1.961740
-6.756560 -23.711050 -3.386900
-5.198680 -24.785150 -1.949130
2.203760 -24.946150 -1.929160
4.255010 -24.432050 -3.513570
10.015350 0.000030 -0.298700
9.625450 16.330550 -3.365830
8.341780 21.416750 -4.646830
8.724340 20.691450 -4.637680
9.022210 19.728550 -4.625000
7.719590 22.209050 -4.655620
6.860070 23.597750 -3.469380
6.540720 23.801250 -3.478820
-5.174370 24.319350 -3.431790
-6.046360 24.026050 -3.408840
-8.756840 21.871350 -3.277260
-8.974070 22.047950 -2.037840
-7.617860 23.100750 -3.349510
-10.453610 21.557850 3.775800
-11.628550 21.937250 11.480600
-11.739950 21.360550 11.649700
9.647550 -18.318250 -3.260480
9.584450 -19.712150 -3.276710
9.161640 -21.098750 -3.349110
9.792150 -16.475250 -2.150970
8.793990 -21.729450 -3.380480
8.273090 -22.457650 -3.415700
7.608800 -23.073450 -3.444810
8.973130 -21.471750 -3.368000
4.642000 -24.400450 -3.510180
6.121370 -23.347850 -4.667920
-9.387300 -21.224050 -2.061230
-8.346230 -22.414550 -3.308640
-7.505060 -23.216350 -3.356380
-7.621710 -23.105150 -3.349760
0.000004 -24.933250 -1.926010
-6.968180 -24.053150 -1.977240
4.245000 -24.942850 -1.939470
9.792150 16.475350 -2.150970
9.647450 18.318350 -3.260460
9.653550 18.899650 -3.231950
7.616750 23.085350 -3.445520
7.510820 23.182950 -3.450160
4.228740 25.642150 0.004800
5.224800 25.474650 -0.004100
6.968190 24.053150 -1.977240
2.157330 25.651550 0.014000
0.000004 25.640350 0.016800
-2.157330 25.651550 0.014000
-4.228740 25.642250 0.004800
-5.198680 24.785250 -1.949130
-5.804010 24.137550 -3.416510
-6.863420 23.650150 -3.383000
-9.640850 21.674350 -0.109200
-7.428050 23.275250 -3.359930
-7.748440 23.488550 -1.995320
-11.568150 22.749350 11.486900
-11.880550 21.360550 11.772300
-11.880050 13.865050 11.772400
-11.879850 -10.821350 11.772500
-11.723250 -21.983550 11.652100
-11.653950 -21.978950 11.480600
-10.453620 -21.557850 3.775800
-9.925250 -20.756550 -0.131700
9.802350 -18.484650 -2.127430
9.661150 -20.355750 -2.085370
8.326850 -22.401550 -3.413030
7.885000 -22.862850 -3.434970
6.973400 -23.557950 -3.467430
5.303300 -24.267650 -3.502090
-9.640850 -21.674250 -0.109200
-8.423540 -22.811950 -2.015760
-8.974060 -22.047950 -2.037840
-7.748420 -23.488450 -1.995320
0.000004 -25.640350 0.016800
-2.157330 -25.651450 0.014000
-4.228730 -25.642150 0.004800
-6.184370 -25.158550 -0.015800
-5.224790 -25.474650 -0.004100
2.157330 -25.651450 0.014000
4.228750 -25.642150 0.004800
10.062550 16.741550 -0.190300
10.603250 17.274150 3.730900
9.802350 18.484750 -2.127430
8.805730 21.737250 -3.381080
9.274690 20.833950 -3.335490
9.471850 20.128450 -3.298550
9.579050 19.745150 -3.278480
8.182070 22.564450 -3.420730
6.184380 25.158550 -0.015800
-5.224790 25.474650 -0.004100
-6.111440 24.487850 -1.961740
-9.208230 22.550650 -0.087300
-8.423530 22.811950 -2.015760
-10.148350 22.574150 3.795000
-11.215050 24.168050 11.499100
-11.472850 23.132150 11.490200
-11.638250 22.760550 11.655600
-11.776050 22.782550 11.774000
-11.880450 -19.654350 11.772300
9.387300 -21.224050 -2.061230
10.062550 -16.741550 -0.190300
8.974080 -22.047950 -2.037840
8.423540 -22.811950 -2.015760
7.748450 -23.488450 -1.995320
6.870920 -23.613850 -3.470060
5.198680 -24.785150 -1.949130
6.043140 -23.999450 -3.488610
-9.208220 -22.550650 -0.087300
-7.089080 -24.694750 -0.030400
5.224790 -25.474650 -0.004100
10.571450 0.000030 3.658100
10.609150 19.456150 3.744500
10.071250 18.808550 -0.170100
9.653750 18.878650 -3.230770
8.864010 21.659850 -3.377380
8.266060 22.453050 -3.415390
9.661150 20.355750 -2.085370
7.748430 23.488450 -1.995320
4.196510 27.040750 3.893300
2.064400 27.062050 3.900300
5.277370 26.853550 3.885900
7.089090 24.694750 -0.030400
0.000004 27.054650 3.902300
-2.064390 27.062050 3.900300
-4.196500 27.040750 3.893300
-5.277360 26.853550 3.885900
-6.184400 25.158550 -0.015800
-6.968190 24.053150 -1.977230
-8.628310 23.366750 -0.066600
-11.284750 24.192150 11.662200
-12.061750 21.360550 11.816500
-11.951850 22.810650 11.816500
-12.061150 13.865050 11.816500
-12.060850 -10.821350 11.816500
-11.863150 -21.992750 11.773000
-11.481550 -23.135750 11.490200
-10.148360 -22.574050 3.795000
10.061550 -19.811450 -0.154500
9.925250 -20.756650 -0.131700
10.071250 -18.808450 -0.170100
6.968200 -24.053150 -1.977230
6.403140 -23.868950 -3.482050
6.111450 -24.487750 -1.961740
-9.677130 -23.555250 3.813900
-8.628320 -23.366650 -0.066600
-7.914580 -24.090750 -0.047300
0.000004 -27.054550 3.902300
2.064400 -27.062050 3.900300
-2.064400 -27.062050 3.900300
-4.196500 -27.040750 3.893300
-6.330770 -26.499850 3.876000
-5.277360 -26.853450 3.885900
4.196510 -27.040750 3.893300
5.277370 -26.853450 3.885900
11.670650 8.110210 11.477200
11.671350 18.326250 11.476400
10.061550 19.811550 -0.154500
8.974070 22.047950 -2.037840
8.423550 22.812050 -2.015760
9.387300 21.224050 -2.061230
6.330780 26.499850 3.876000
-6.330790 26.499850 3.876000
-7.089090 24.694750 -0.030400
-9.677130 23.555350 3.813900
-7.914590 24.090750 -0.047300
-11.138850 24.342450 11.500600
-11.415450 24.237350 11.775800
-11.580250 24.294250 11.816500
-12.061650 -19.654350 11.816500
-11.518250 -23.377350 11.658400
-11.447950 -23.360750 11.492100
10.609150 -19.456150 3.744500
9.640850 -21.674250 -0.109200
10.603250 -17.274050 3.730900
9.208240 -22.550650 -0.087300
8.628320 -23.366650 -0.066600
7.914600 -24.090750 -0.047300
6.184410 -25.158550 -0.015800
-9.038580 -24.475450 3.831900
0.000004 -29.840750 11.557300
-7.331500 -25.977650 3.863500
6.330800 -26.499750 3.876000
11.670550 0.000030 11.477300
11.671450 20.735450 11.476200
11.671550 21.106850 11.476200
10.597650 20.526950 3.756600
7.914580 24.090750 -0.047300
4.691470 29.719450 11.553700
0.908940 29.840850 11.557200
6.012790 29.379850 11.549200
7.331510 25.977750 3.863500
-1.284841 29.840950 11.557200
-3.763180 29.826750 11.555700
-5.132660 29.631250 11.552400
-6.538670 29.178050 11.546800
-7.331510 25.977750 3.863500
-10.671150 25.412450 11.510100
-9.038580 24.475450 3.831900
-10.738050 25.448550 11.668100
-12.042650 -22.004650 11.816500
-11.653550 -23.409350 11.774800
-10.985450 -24.761850 11.504300
-11.125050 -24.339150 11.500600
10.597650 -20.526850 3.756600
10.453650 -21.557850 3.775800
11.670950 -13.233050 11.476800
7.089100 -24.694750 -0.030400
-10.348510 -25.961450 11.515100
-8.247610 -25.294750 3.848700
-1.721680 -29.841050 11.557100
1.881010 -29.841250 11.556800
-3.274260 -29.841550 11.556400
-4.652850 -29.725950 11.553800
-7.214090 -28.856150 11.543300
-5.965180 -29.396050 11.549400
4.680230 -29.721350 11.553700
6.107830 -29.346250 11.548800
11.739250 8.110210 11.650300
11.670450 -4.575890 11.477300
11.739950 21.106850 11.649700
10.453650 21.557850 3.775800
9.925250 20.756650 -0.131700
8.628330 23.366750 -0.066600
9.208230 22.550650 -0.087300
9.640850 21.674350 -0.109200
5.375130 29.543750 11.551400
4.197540 29.789550 11.554900
2.740830 29.841450 11.556700
4.133660 29.792350 11.555000
1.881010 29.841150 11.556900
0.000004 29.840950 11.557200
6.609710 29.117850 11.546200
7.675680 28.591250 11.540500
-1.880980 29.837550 11.556800
-4.130660 29.774350 11.554800
-5.376290 29.552750 11.551400
-6.617560 29.136850 11.546400
-7.744640 28.548150 11.540000
-8.247620 25.294750 3.848700
-10.594450 25.528950 11.511200
-10.858650 25.513650 11.777500
-11.009050 25.594850 11.816500
-11.054150 -24.791650 11.665000
-10.581250 -25.523050 11.511200
11.671450 -20.735450 11.476200
10.148350 -22.574050 3.795000
11.671350 -18.326150 11.476400
11.671250 -17.710050 11.476500
9.677150 -23.555250 3.813900
9.038580 -24.475450 3.831900
8.247620 -25.294750 3.848700
7.331520 -25.977650 3.863500
-9.449660 -27.128550 11.526000
-9.824940 -26.641250 11.521400
-1.881010 -29.841050 11.557000
0.000004 -29.924350 11.692900
-1.721640 -29.924650 11.692800
4.131440 -29.768550 11.554800
-4.131590 -29.769650 11.554800
-5.375440 -29.544350 11.551400
-7.793560 -28.478850 11.539400
-6.609700 -29.117450 11.546200
5.373790 -29.539150 11.551300
6.609670 -29.118550 11.546200
7.346790 -28.783950 11.542500
11.739150 -4.575890 11.650400
11.627550 21.937750 11.481500
11.593650 22.576450 11.485500
8.247610 25.294750 3.848700
6.039650 29.457950 11.688700
4.705510 29.801450 11.691000
2.740790 29.924950 11.692600
4.206740 29.872350 11.691600
0.908920 29.924550 11.692900
-1.284814 29.924550 11.692800
7.250770 28.836550 11.543100
7.804370 28.496650 11.539500
-3.768090 29.910050 11.692100
-5.151010 29.712250 11.690400
-6.570590 29.253850 11.687500
-7.807200 28.500650 11.539500
-9.846460 26.664450 11.521600
-8.917240 27.657450 11.531100
-10.013680 26.797750 11.779200
-11.825250 -23.450050 11.816500
-11.180550 -24.846350 11.776600
11.489950 -23.137150 11.490200
11.671450 -20.867850 11.476200
11.477150 -23.232250 11.491000
11.739950 -20.867850 11.649700
11.739750 -17.710050 11.649900
11.739550 -13.233050 11.650100
-10.413300 -26.003050 11.670800
-9.507680 -27.182150 11.676500
-8.449970 -28.051450 11.535000
-8.887730 -27.647250 11.531000
-3.274330 -29.925050 11.692500
-5.991590 -29.474350 11.688800
-4.666510 -29.808050 11.691100
-7.252400 -28.928350 11.685600
4.694170 -29.803350 11.691000
6.135620 -29.423950 11.688500
7.386340 -28.855350 11.685200
11.879650 -4.575880 11.772500
11.879750 8.110200 11.772500
11.663650 22.586150 11.654800
11.298550 23.911750 11.496800
11.470850 23.132350 11.490200
10.148350 22.574150 3.795000
9.038590 24.475450 3.831900
9.677150 23.555350 3.813900
8.775580 27.783050 11.532300
7.289420 28.908550 11.685500
7.718270 28.660450 11.684200
-7.787860 28.616950 11.683900
-8.905450 27.666350 11.531200
-9.907610 26.713250 11.674200
-10.144560 26.902150 11.816500
11.660350 -21.869650 11.479700
11.044450 -24.621650 11.503000
11.131550 -24.341750 11.500600
11.729550 -21.873250 11.651700
10.429050 -25.832950 11.514000
9.551150 -27.016150 11.524900
8.569040 -27.956450 11.534100
-8.499480 -28.114850 11.681300
0.000004 -30.054850 11.784300
-1.721590 -30.055150 11.784200
7.794330 -28.480950 11.539400
11.880050 -13.233050 11.772400
11.880550 21.106850 11.772300
11.368450 23.933450 11.661000
9.720450 26.819350 11.523000
8.897450 27.658750 11.531100
6.082520 29.582550 11.783100
4.727640 29.930650 11.783800
4.221180 30.002450 11.783900
2.740720 30.055550 11.784200
0.908890 30.055050 11.784300
7.352190 29.025450 11.782300
8.827920 27.843650 11.679900
-1.284774 30.055050 11.784300
-3.775790 30.040550 11.784100
-5.180030 29.840250 11.783600
-6.621850 29.375650 11.782800
-8.970790 27.716650 11.679300
-9.171180 27.938250 11.816500
-9.060920 27.816350 11.780500
-11.339050 -24.914950 11.816500
-10.528110 -26.076850 11.778200
11.547450 -23.247750 11.657800
11.113350 -24.650050 11.664300
10.585250 -25.525650 11.511200
11.869550 -21.880650 11.772900
11.880450 -20.867850 11.772300
11.880250 -17.710050 11.772400
9.827450 -26.643850 11.521500
8.889390 -27.649750 11.531100
-3.274440 -30.055750 11.784200
-4.688040 -29.937350 11.783800
-6.033700 -29.599150 11.783200
-8.581830 -28.220450 11.781100
-7.314570 -29.045550 11.782300
4.716120 -29.932550 11.783800
6.180000 -29.548150 11.783100
8.619590 -28.018850 11.680800
12.060550 -4.575880 11.816500
12.061050 -13.233050 11.816500
12.061450 -17.709950 11.816500
12.060650 8.110190 11.816500
11.802050 22.605250 11.773800
11.125150 24.337250 11.500600
10.740850 25.280050 11.508900
10.023350 26.433650 11.519500
9.846950 26.658250 11.521500
9.780650 26.869650 11.675000
7.787960 28.773850 11.781900
8.915660 27.945250 11.780700
-7.858670 28.729750 11.781800
10.494450 -25.873250 11.670200
11.683350 -23.277650 11.774600
9.609950 -27.068550 11.676000
-9.606920 -27.273750 11.779800
0.000004 -30.210950 11.816500
-1.721530 -30.211250 11.816500
-3.274560 -30.212050 11.816500
7.450670 -28.971550 11.782200
12.061750 21.106750 11.816500
10.808150 25.314850 11.667500
10.588250 25.525450 11.511200
6.134130 29.732550 11.816500
7.428160 29.166950 11.816500
4.754190 30.085550 11.816500
2.740640 30.211750 11.816500
0.908860 30.211050 11.816500
7.872500 28.911350 11.816500
9.884550 26.956650 11.779400
-1.284725 30.211150 11.816500
-3.785000 30.196850 11.816500
-5.214880 29.993950 11.816500
-6.683700 29.522550 11.816500
-7.944610 28.866550 11.816500
-10.670650 -26.168350 11.816500
11.240850 -24.702550 11.776400
12.049450 -21.890250 11.816500
11.855950 -23.315750 11.816500
12.061750 -20.867850 11.816500
-4.713860 -30.092350 11.816500
-6.084390 -29.749450 11.816500
-7.389820 -29.187350 11.816500
-8.682220 -28.349050 11.816500
-9.728890 -27.386350 11.816500
4.742460 -30.087550 11.816500
6.233460 -29.697650 11.816500
8.703900 -28.123050 11.781000
11.978850 22.629750 11.816500
11.500850 23.974450 11.775500
10.085850 26.480050 11.673100
4.238490 30.158350 11.816500
9.022890 28.069350 11.816500
10.012550 27.063750 11.816500
10.610650 -25.945050 11.778000
11.400950 -24.768350 11.816500
9.710950 -27.158450 11.779600
7.528580 -29.112150 11.816500
10.930050 25.377850 11.777300
10.194950 26.561150 11.778800
10.329850 26.661350 11.816500
10.755150 -26.034250 11.816500
8.806770 -28.250050 11.816500
11.668050 24.026250 11.816500
9.835250 -27.269150 11.816500
11.082250 25.456550 11.816500
8.034730 31.403250 11.711000
8.159830 31.662950 11.422600
5.767820 32.499950 11.422600
6.756550 32.265150 11.028700
5.703660 32.218850 11.711000
10.125850 30.089250 11.711000
8.205630 31.758050 11.028700
5.791310 32.602850 11.028700
7.863830 31.048350 11.816500
9.880250 29.781350 11.816500
10.305650 30.314750 11.422600
9.939150 30.668850 11.028700
6.779320 32.330250 10.241000
5.616020 31.834850 11.816500
-1.721530 -30.211250 11.816500
0.000004 -30.210950 11.816500
-3.274560 -30.212050 11.816500
-5.616010 31.834850 11.816500
-3.249530 32.101550 11.816500
-7.863820 31.048350 11.816500
-9.880250 29.781350 11.816500
-3.785000 30.196850 11.816500
-1.284725 30.211150 11.816500
2.740640 30.211750 11.816500
-5.214880 29.993950 11.816500
-6.683700 29.522550 11.816500
-11.564150 28.097350 11.816500
-7.944610 28.866550 11.816500
-9.171180 27.938250 11.816500
-12.831150 26.080950 11.816500
-10.144560 26.902150 11.816500
-11.009050 25.594850 11.816500
-13.617750 23.833150 11.816500
-11.580250 24.294250 11.816500
-11.951850 22.810650 11.816500
-13.884350 21.466650 11.816500
-12.061750 21.360550 11.816500
-13.884350 -21.466650 11.816500
-12.061150 13.865050 11.816500
-12.060850 -10.821350 11.816500
-12.061650 -19.654350 11.816500
-12.042650 -22.004650 11.816500
-13.617750 -23.833050 11.816500
-11.825250 -23.450050 11.816500
-11.339050 -24.914950 11.816500
-12.831150 -26.080850 11.816500
-10.670650 -26.168350 11.816500
-11.564150 -28.097350 11.816500
-9.728890 -27.386350 11.816500
-8.682220 -28.349050 11.816500
-9.880250 -29.781250 11.816500
-7.389820 -29.187350 11.816500
-6.084390 -29.749450 11.816500
-4.713860 -30.092350 11.816500
-7.863820 -31.048250 11.816500
4.238490 30.158350 11.816500
4.754190 30.085550 11.816500
6.134130 29.732550 11.816500
11.564150 28.097350 11.816500
7.428160 29.166950 11.816500
7.872500 28.911350 11.816500
9.022890 28.069350 11.816500
12.831250 26.080950 11.816500
10.012550 27.063750 11.816500
10.329850 26.661350 11.816500
11.082250 25.456550 11.816500
13.617750 23.833150 11.816500
11.668050 24.026250 11.816500
11.978850 22.629750 11.816500
13.884350 21.466650 11.816500
12.061750 21.106750 11.816500
13.884350 -21.466650 11.816500
12.060650 8.110190 11.816500
12.060550 -4.575880 11.816500
12.061050 -13.233050 11.816500
12.061450 -17.709950 11.816500
12.061750 -20.867850 11.816500
12.049450 -21.890250 11.816500
13.617750 -23.833050 11.816500
11.855950 -23.315750 11.816500
11.400950 -24.768350 11.816500
12.831250 -26.080850 11.816500
10.755150 -26.034250 11.816500
9.835250 -27.269150 11.816500
11.564150 -28.097350 11.816500
8.806770 -28.250050 11.816500
9.880250 -29.781250 11.816500
7.528580 -29.112150 11.816500
6.233460 -29.697650 11.816500
4.742460 -30.087550 11.816500
7.863830 -31.048250 11.816500
-5.616010 -31.834850 11.816500
5.616020 -31.834850 11.816500
-3.249530 -32.101450 11.816500
0.908860 30.211050 11.816500
11.872150 28.342950 11.711000
12.097550 28.522750 11.422600
9.963550 30.707750 10.241000
-3.249530 32.889250 11.028700
-3.249530 32.783750 11.422600
-3.249530 32.495350 11.711000
-5.703660 32.218850 11.711000
-8.034720 31.403250 11.711000
-10.125830 30.089250 11.711000
-11.872150 28.342950 11.711000
-13.186050 26.251850 11.711000
-14.001750 23.920750 11.711000
-14.278250 21.466650 11.711000
-14.278250 -21.466650 11.711000
-14.001750 -23.920750 11.711000
-13.186050 -26.251750 11.711000
-11.872150 -28.342950 11.711000
-10.125830 -30.089250 11.711000
-8.034720 -31.403150 11.711000
-5.703660 -32.218850 11.711000
-3.249530 -32.495350 11.711000
5.703660 -32.218850 11.711000
8.034730 -31.403150 11.711000
10.125850 -30.089250 11.711000
11.872150 -28.342950 11.711000
13.186050 -26.251750 11.711000
14.001750 -23.920750 11.711000
14.278250 -21.466650 11.711000
14.278250 21.466650 11.711000
14.001750 23.920750 11.711000
13.186050 26.251850 11.711000
10.371450 30.397250 11.028700
12.180150 28.588550 11.028700
13.445850 26.376950 11.422600
-3.249530 32.889250 10.241000
6.779320 32.330250 10.241000
6.694120 32.067950 10.241000
9.963550 30.707750 10.241000
9.801550 30.484650 10.241000
12.490650 28.180750 10.241000
12.267550 28.018650 10.241000
14.113050 24.996450 10.241000
13.850850 24.911250 10.241000
14.672150 21.466650 10.241000
14.396450 21.466650 10.241000
14.672150 -21.466650 10.241000
14.396450 -21.466650 10.241000
14.113050 -24.996350 10.241000
13.850850 -24.911150 10.241000
12.267550 -28.018550 10.241000
12.490650 -28.180650 10.241000
9.801550 -30.484650 10.241000
9.963550 -30.707650 10.241000
6.694120 -32.067950 10.241000
6.779320 -32.330150 10.241000
-3.249530 -32.613550 10.241000
-3.249530 32.613550 10.241000
-6.779320 32.330250 10.241000
-6.694110 32.067950 10.241000
-9.963580 30.707750 10.241000
-9.801510 30.484650 10.241000
-12.490650 28.180750 10.241000
-12.267550 28.018650 10.241000
-14.113050 24.996450 10.241000
-13.850850 24.911250 10.241000
-14.672150 21.466650 10.241000
-14.396450 21.466650 10.241000
-14.396450 -21.466650 10.241000
-14.672150 -21.466650 10.241000
-13.850850 -24.911150 10.241000
-14.113050 -24.996350 10.241000
-12.267550 -28.018550 10.241000
-12.490650 -28.180650 10.241000
-9.801510 -30.484650 10.241000
-9.963580 -30.707650 10.241000
-6.694110 -32.067950 10.241000
-6.779320 -32.330150 10.241000
-3.249530 -32.889250 10.241000
-3.249530 32.889250 10.241000
-5.767820 32.499950 11.422600
-5.791300 32.602850 11.028700
-10.305610 30.314750 11.422600
-12.097550 28.522750 11.422600
-13.445850 26.376950 11.422600
-14.282850 23.984950 11.422600
-14.566650 21.466650 11.422600
-14.566650 -21.466650 11.422600
-14.282850 -23.984850 11.422600
-13.445850 -26.376950 11.422600
-12.097550 -28.522650 11.422600
-10.305610 -30.314650 11.422600
-8.159830 -31.662950 11.422600
-3.249530 -32.783650 11.422600
5.767820 -32.499950 11.422600
10.305650 -30.314650 11.422600
12.097550 -28.522650 11.422600
13.445850 -26.376950 11.422600
14.282850 -23.984850 11.422600
14.566650 -21.466650 11.422600
14.566650 21.466650 11.422600
14.282850 23.984950 11.422600
13.540950 26.422750 11.028700
12.490650 28.180750 10.241000
-14.385750 24.008450 11.028700
-14.113050 24.996450 10.241000
-14.672150 21.466650 10.241000
-13.540950 26.422750 11.028700
-12.490650 28.180750 10.241000
-12.180050 28.588550 11.028700
-9.963580 30.707750 10.241000
-6.779320 32.330250 10.241000
-8.205620 31.758050 11.028700
14.113050 24.996450 10.241000
14.385750 24.008450 11.028700
14.672150 21.466650 10.241000
14.672150 21.466650 11.028700
14.672150 -21.466650 10.241000
14.672150 -21.466650 11.028700
14.385750 -24.008350 11.028700
14.113050 -24.996350 10.241000
13.540950 -26.422650 11.028700
12.490650 -28.180650 10.241000
12.180150 -28.588450 11.028700
9.963550 -30.707650 10.241000
8.205630 -31.758050 11.028700
6.779320 -32.330150 10.241000
5.791310 -32.602850 11.028700
-3.249530 -32.889250 11.028700
-3.249530 -32.889250 10.241000
-5.791300 -32.602850 11.028700
-6.779320 -32.330150 10.241000
-8.205620 -31.758050 11.028700
-9.963580 -30.707650 10.241000
-10.371420 -30.397150 11.028700
-12.490650 -28.180650 10.241000
-13.540950 -26.422650 11.028700
-14.113050 -24.996350 10.241000
-14.385750 -24.008350 11.028700
-14.672150 -21.466650 10.241000
-14.672150 -21.466650 11.028700
-14.672150 21.466650 11.028700
-6.756540 32.265150 11.028700
-8.159830 31.662950 11.422600
-10.371420 30.397250 11.028700
-14.048050 24.973650 11.028700
-14.048050 -24.973650 11.028700
-12.180050 -28.588450 11.028700
-5.767820 -32.499950 11.422600
8.159830 -31.662950 11.422600
10.371450 -30.397150 11.028700
14.048050 -24.973650 11.028700
14.048050 24.973650 11.028700
-9.939130 30.668850 11.028700
6.756550 -32.265050 11.028700
9.939150 -30.668750 11.028700
-6.756540 -32.265050 11.028700
-9.939130 -30.668750 11.028700
6.255850 24.691450 -2.757870
5.252660 24.287450 -5.720970
5.293550 25.001650 -2.750830
6.366710 25.675850 0.132800
6.144990 23.996750 -5.727020
4.310220 24.443850 -5.715840
7.342700 25.177950 0.126300
5.334430 26.014050 0.138500
7.160210 24.237150 -2.765860
6.036550 23.689050 -8.766690
4.333480 24.130250 -8.761120
4.288080 25.165450 -2.744860
7.399910 29.318750 11.540800
5.980620 29.913550 11.540800
6.977720 23.576450 -5.733900
2.349110 24.149150 -8.757540
2.280990 24.447750 -5.708640
8.633100 28.535050 11.540800
6.792000 29.573550 11.540800
8.234990 24.527950 0.119100
5.489830 30.027450 11.540800
4.557470 30.243850 11.540800
4.265950 26.192550 0.143400
7.985060 23.646150 -2.774730
7.489290 22.780850 -8.773900
4.899420 23.800850 -11.816500
2.418700 23.928450 -11.816500
2.213170 25.167950 -2.736490
7.735130 23.033650 -5.741520
6.018880 23.416450 -11.816500
4.358900 23.860450 -11.816500
0.000004 23.928450 -11.816500
0.000004 24.142450 -8.756270
0.000004 24.435350 -5.706100
9.200020 28.023250 11.540800
9.008800 23.746550 0.111300
4.177240 30.276750 11.540800
2.145350 26.203750 0.150200
8.701670 22.935850 -2.784370
8.394530 22.382750 -5.749810
7.007410 22.807350 -11.816500
4.358900 23.860450 -11.816500
2.418700 23.928450 -11.816500
0.000004 23.928450 -11.816500
-2.418700 23.928450 -11.816500
-3.741890 23.928450 -11.816500
-4.299030 23.899150 -11.816500
-5.334750 23.684350 -11.816500
4.899420 23.800850 -11.816500
6.018880 23.416450 -11.816500
2.195100 23.454550 -11.816500
2.419450 23.454550 -11.816500
4.306760 23.405250 -11.816500
4.500570 23.394550 -11.816500
7.007410 22.807350 -11.816500
5.513070 23.118950 -11.816500
5.738460 23.009350 -11.816500
6.188330 22.790650 -11.816500
7.245140 22.575350 -11.816500
6.941290 22.228650 -11.816500
7.858250 21.976850 -11.816500
7.050710 22.146950 -11.816500
7.141130 22.060150 -11.816500
7.818950 21.223550 -11.816500
8.252890 21.364650 -11.816500
8.508550 20.968050 -11.816500
8.090730 20.741050 -11.816500
8.914790 19.842250 -11.816500
8.453450 19.728150 -11.816500
9.059250 18.637050 -11.816500
8.550310 19.181850 -11.816500
8.574960 18.079850 -11.816500
9.059320 18.611050 -11.816500
9.059320 18.079850 -11.816500
9.059320 16.081350 -11.816500
8.584290 17.662250 -11.816500
8.584510 16.165650 -11.816500
8.584570 15.755350 -11.816500
9.059320 15.755350 -11.816500
-2.666310 23.454550 -11.816500
-5.931040 23.431350 -11.816500
0.000004 23.454550 -11.816500
-2.419450 23.454550 -11.816500
-4.243980 23.428350 -11.816500
-6.283440 23.281850 -11.816500
-4.307140 23.418050 -11.816500
-4.791170 23.339350 -11.816500
-5.809100 22.990950 -11.816500
-7.255330 22.602250 -11.816500
-6.294800 22.726350 -11.816500
-6.935600 22.221950 -11.816500
-8.044920 21.734550 -11.816500
-7.141070 22.060250 -11.816500
-7.529670 21.627750 -11.816500
-8.615060 20.739150 -11.816500
-7.865080 21.150150 -11.816500
-8.324060 20.176850 -11.816500
-8.897270 19.873150 -11.816500
-8.504340 19.485950 -11.816500
-8.932630 19.764650 -11.816500
-9.059310 18.611050 -11.816500
-8.584170 18.410050 -11.816500
-9.059310 17.195650 -11.816500
-8.584360 17.185950 -11.816500
-9.059310 16.165350 -11.816500
-8.584560 15.778950 -11.816500
-9.059310 15.755350 -11.816500
-8.584560 15.755350 -11.816500
0.000004 25.154450 -2.733530
9.775150 27.503950 11.540800
8.593750 21.482450 -8.782450
7.245140 22.575350 -11.816500
7.858250 21.976850 -11.816500
8.252890 21.364650 -11.816500
8.508550 20.968050 -11.816500
9.249500 19.896950 -8.791980
8.914790 19.842250 -11.816500
9.394340 18.065250 -8.802180
9.059250 18.637050 -11.816500
9.059320 18.611050 -11.816500
9.059320 18.079850 -11.816500
9.381790 16.143250 -8.812700
9.059320 16.081350 -11.816500
9.159920 15.574150 -10.788950
9.059320 15.755350 -11.816500
9.059320 15.755350 -11.816500
8.684800 15.574150 -10.788960
8.584570 15.755350 -11.816500
9.159920 15.574150 -10.788950
8.684800 15.574150 -10.788960
8.584510 16.165650 -11.816500
8.584570 15.755350 -11.816500
8.895800 18.069050 -8.989520
8.584290 17.662250 -11.816500
8.574960 18.079850 -11.816500
8.763620 19.786050 -8.980820
8.550310 19.181850 -11.816500
8.453450 19.728150 -11.816500
8.166700 21.228550 -8.976120
8.090730 20.741050 -11.816500
7.818950 21.223550 -11.816500
7.162930 22.409550 -8.974170
7.141130 22.060150 -11.816500
7.050710 22.146950 -11.816500
6.941290 22.228650 -11.816500
5.841360 23.237650 -8.973380
6.188330 22.790650 -11.816500
5.738460 23.009350 -11.816500
5.513070 23.118950 -11.816500
4.287300 23.642150 -8.971880
4.500570 23.394550 -11.816500
4.306760 23.405250 -11.816500
2.357220 23.659850 -8.970670
2.419450 23.454550 -11.816500
2.195100 23.454550 -11.816500
0.000004 23.653650 -8.970610
0.000004 23.454550 -11.816500
0.000004 23.454550 -11.816500
-2.419450 23.454550 -11.816500
-2.357220 23.659850 -8.970670
-2.666310 23.454550 -11.816500
-4.287320 23.642150 -8.971880
-4.243980 23.428350 -11.816500
-4.307140 23.418050 -11.816500
-4.791170 23.339350 -11.816500
-5.841390 23.237650 -8.973380
-5.809100 22.990950 -11.816500
-6.294800 22.726350 -11.816500
-7.162960 22.409650 -8.974170
-6.935600 22.221950 -11.816500
-7.141070 22.060250 -11.816500
-8.166700 21.228550 -8.976120
-7.529670 21.627750 -11.816500
-7.865080 21.150150 -11.816500
-8.763600 19.786050 -8.980820
-8.324060 20.176850 -11.816500
-8.504340 19.485950 -11.816500
-8.895790 18.069050 -8.989520
-8.584170 18.410050 -11.816500
-8.584360 17.185950 -11.816500
-8.883660 16.147650 -9.000010
-8.584560 15.778950 -11.816500
-8.684800 15.574150 -10.788960
-8.584560 15.755350 -11.816500
-9.059310 15.755350 -11.816500
-8.684800 15.574150 -10.788960
-9.159910 15.574150 -10.788950
-8.584560 15.755350 -11.816500
-9.159910 15.574150 -10.788950
-9.059310 16.165350 -11.816500
-9.059310 15.755350 -11.816500
-9.381780 16.143250 -8.812700
-9.059310 17.195650 -11.816500
-9.394330 18.065250 -8.802180
-9.059310 18.611050 -11.816500
-9.249490 19.896950 -8.791980
-8.932630 19.764650 -11.816500
-8.897270 19.873150 -11.816500
-8.593750 21.482450 -8.782450
-8.615060 20.739150 -11.816500
-8.044920 21.734550 -11.816500
-7.489310 22.780850 -8.773900
-7.255330 22.602250 -11.816500
-6.036550 23.689050 -8.766690
-6.283440 23.281850 -11.816500
-5.931040 23.431350 -11.816500
-5.334750 23.684350 -11.816500
-4.299030 23.899150 -11.816500
-4.333480 24.130250 -8.761120
-3.741890 23.928450 -11.816500
-2.349100 24.149150 -8.757540
-2.418700 23.928450 -11.816500
-2.280990 24.447750 -5.708640
10.679550 26.355750 11.540800
9.638250 22.864950 0.102900
1.877410 30.337850 11.540800
0.000004 26.192850 0.152600
9.288050 22.131450 -2.794680
8.937860 21.643250 -5.758680
9.159920 15.574150 -10.788950
8.792950 15.393150 -9.762190
8.684800 15.574150 -10.788960
9.268480 15.393150 -9.762190
8.883670 16.147650 -9.000010
-9.159910 15.574150 -10.788950
-8.792940 15.393150 -9.762190
-9.268480 15.393150 -9.762190
-8.684800 15.574150 -10.788960
-2.213160 25.167950 -2.736490
1.781740 30.338050 11.540800
9.352940 20.835950 -5.768050
9.773450 19.055850 -5.787950
9.769850 16.160550 -5.819460
9.268480 15.393150 -9.762190
9.284630 15.363150 -9.615750
8.792950 15.393150 -9.762190
9.195100 16.141150 -6.545240
9.226110 18.679250 -6.418350
8.925130 20.395750 -6.335550
8.066140 21.911850 -6.267660
5.937820 23.467150 -6.202200
5.728530 23.569850 -6.197970
2.297840 23.906050 -6.177800
-1.205598 23.894450 -6.157300
-3.107880 23.917350 -6.131890
-4.355980 23.898350 -6.113100
-7.144110 22.820550 -6.109860
-7.713590 22.329650 -6.119550
-8.765880 20.838950 -6.160760
-9.228200 19.140150 -6.222560
-9.222180 16.145050 -6.345940
-8.792940 15.393150 -9.762190
-9.268480 15.393150 -9.762190
-8.877400 15.140550 -9.005470
-9.354680 15.136350 -8.992880
-9.782690 18.097350 -5.798320
-9.773420 19.055850 -5.787950
-9.352930 20.835950 -5.768050
-8.394500 22.382750 -5.749810
-6.977720 23.576450 -5.733900
-5.252650 24.287450 -5.720970
-4.310210 24.443850 -5.715840
11.413850 25.008050 11.540800
10.109050 21.916150 0.094100
0.000004 30.337850 11.540800
-2.145340 26.203750 0.150200
9.731050 21.260050 -2.805580
9.633850 19.971650 -5.777830
9.782650 18.097350 -5.798320
9.381080 15.005250 -8.762790
9.284630 15.363150 -9.615750
8.809010 15.363250 -9.615890
8.809010 15.363250 -9.615890
8.905080 15.005350 -8.762910
9.218700 18.072850 -6.448670
9.105200 19.774350 -6.364730
8.464780 21.339150 -6.292840
8.438230 21.393550 -6.290380
8.398740 21.448550 -6.287970
7.376880 22.594650 -6.238500
6.761220 23.063050 -6.218830
5.107290 23.758250 -6.190280
0.070383 23.889350 -6.169680
-2.297160 23.907550 -6.142720
-1.238928 23.894850 -6.156850
-4.271450 23.899650 -6.114370
-5.494670 23.663250 -6.104020
-6.492280 23.209150 -6.105440
-6.168100 23.402450 -6.103240
-7.389020 22.609450 -6.114020
-8.418740 21.462550 -6.141810
-8.481230 21.350350 -6.145220
-9.124540 19.793650 -6.197110
-9.237240 17.540650 -6.290530
-9.234580 18.011850 -6.270500
-9.234200 18.078050 -6.267690
-8.878800 15.136350 -8.992880
-8.877400 15.140550 -9.005470
-9.354680 15.136350 -8.992880
-8.878800 15.136350 -8.992880
-9.769820 16.160550 -5.819460
-9.633890 19.971650 -5.777830
-8.937850 21.643250 -5.758680
-7.735140 23.033750 -5.741520
-6.144990 23.996750 -5.727020
-4.288070 25.165450 -2.744860
-0.375237 30.337850 11.540800
10.026550 20.337750 -2.816960
10.171250 19.374850 -2.828720
10.181750 18.382450 -2.840770
10.170950 16.390950 -2.865360
9.391780 14.943750 -8.670120
9.374730 15.030150 -8.818770
9.297050 15.334650 -9.503880
9.297050 15.334650 -9.503880
8.821380 15.334750 -9.504030
8.877660 15.113250 -9.005700
8.915740 14.943850 -8.670220
9.218700 18.072850 -6.448670
4.224420 1.822697 -7.336250
9.226110 18.679250 -6.418350
9.195100 16.141150 -6.545240
8.925130 20.395750 -6.335550
9.105200 19.774350 -6.364730
8.464780 21.339150 -6.292840
8.398740 21.448550 -6.287970
8.438230 21.393550 -6.290380
8.066140 21.911850 -6.267660
7.376880 22.594650 -6.238500
7.265550 22.704950 -6.233790
5.937820 23.467150 -6.202200
5.728530 23.569850 -6.197970
6.761220 23.063050 -6.218830
4.268420 23.870250 -6.185650
5.107290 23.758250 -6.190280
4.268420 23.870250 -6.185650
2.297840 23.906050 -6.177800
0.070383 23.889350 -6.169680
-1.238928 23.894850 -6.156850
-1.205598 23.894450 -6.157300
-2.297160 23.907550 -6.142720
-4.271450 23.899650 -6.114370
-3.107880 23.917350 -6.131890
-5.494670 23.663250 -6.104020
-4.355980 23.898350 -6.113100
-5.946490 23.488250 -6.103500
-6.492280 23.209150 -6.105440
-6.168100 23.402450 -6.103240
-5.946490 23.488250 -6.103500
-7.144110 22.820550 -6.109860
-7.389020 22.609450 -6.114020
-7.713590 22.329650 -6.119550
-8.418740 21.462550 -6.141810
-9.124540 19.793650 -6.197110
-8.765880 20.838950 -6.160760
-8.481230 21.350350 -6.145220
-9.228200 19.140150 -6.222560
2.877580 1.667630 -7.336250
-9.234200 18.078050 -6.267690
2.738170 1.528220 -7.336250
-9.234580 18.011850 -6.270500
-9.222180 16.145050 -6.345940
-9.237240 17.540650 -6.290530
-8.890850 15.079750 -8.887180
-9.366780 15.079750 -8.887150
-8.890850 15.079750 -8.887180
-9.366780 15.079750 -8.887150
-10.171240 19.374850 -2.828720
-10.181720 18.382450 -2.840770
-9.398640 14.866250 -8.612480
-10.026590 20.337750 -2.816960
-9.288050 22.131450 -2.794680
-9.731000 21.260050 -2.805580
-7.985070 23.646150 -2.774730
-8.701640 22.935850 -2.784370
-7.160210 24.237150 -2.765860
-6.255840 24.691350 -2.757870
-5.293540 25.001650 -2.750830
11.577050 24.530850 11.540800
10.419250 20.922050 0.084800
-1.877400 30.336850 11.540800
-4.265940 26.192550 0.143400
10.113450 0.000030 -2.997200
9.399640 14.880550 -8.602780
9.460650 14.389550 -8.079470
9.391780 14.943750 -8.670120
8.915740 14.943850 -8.670220
9.381080 15.005250 -8.762790
8.905080 15.005350 -8.762910
9.374730 15.030150 -8.818770
8.877660 15.113250 -9.005700
8.821380 15.334750 -9.504030
8.923570 14.880550 -8.602790
9.195100 16.141150 -6.545240
9.171710 14.226450 -6.640960
7.265550 22.704950 -6.233790
-8.922580 14.866250 -8.612480
-8.964740 14.582750 -8.247640
-9.374700 15.026650 -8.818830
-9.374700 15.026650 -8.818830
-10.170980 16.390950 -2.865360
-9.440980 14.582750 -8.247620
11.886850 23.625250 11.540800
-1.877400 30.336850 11.540800
-3.483700 30.335750 11.540800
10.569050 19.897850 0.075300
10.580750 18.856850 0.065500
10.572150 16.781050 0.045500
10.525950 0.000030 -0.061600
9.700850 0.000030 -5.932820
9.468550 14.301250 -8.012360
9.460650 14.389550 -8.079470
8.923570 14.880550 -8.602790
9.399640 14.880550 -8.602780
8.984360 14.389650 -8.079540
9.016340 13.901650 -7.803120
9.171710 14.226450 -6.640960
9.148610 12.255530 -6.735590
4.612720 1.718650 -7.336250
4.803150 1.667630 -7.336250
4.614480 1.340830 -7.405250
2.453910 1.243960 -7.336250
2.499560 0.774140 -7.405250
2.172760 0.962820 -7.336250
-9.181230 12.348230 -6.496680
-8.974380 14.492350 -8.164980
-8.922580 14.866250 -8.612480
-8.964740 14.582750 -8.247640
-9.398640 14.866250 -8.612480
-10.419280 20.922050 0.084800
-10.569050 19.897850 0.075300
-10.580750 18.856850 0.065500
-9.700820 0.000030 -5.932820
-9.450660 14.492250 -8.164930
-9.440980 14.582750 -8.247620
-10.109070 21.916150 0.094100
-9.008780 23.746550 0.111300
-9.638240 22.864950 0.102900
-7.342700 25.177950 0.126300
-8.235000 24.528050 0.119100
-6.366700 25.675750 0.132800
-5.334420 26.014050 0.138500
12.133050 22.107350 11.540800
11.946650 23.256050 11.540800
-4.175240 30.261250 11.540800
10.170950 -16.390950 -2.865360
9.769850 -16.160450 -5.819460
9.484450 0.991310 -7.483780
9.492850 13.901650 -7.803120
9.512050 13.584750 -7.637200
9.468550 14.301250 -8.012360
8.984360 14.389650 -8.079540
8.992200 14.301250 -8.012400
9.035480 13.584750 -7.637220
9.050060 12.677830 -7.483780
9.148610 12.255530 -6.735590
9.117830 9.628730 -6.861720
9.117830 9.628730 -6.861720
4.942560 1.528220 -7.336250
5.507970 0.962820 -7.336250
5.181170 0.774140 -7.405250
4.362650 0.904660 -7.483780
2.935730 0.522320 -7.483780
2.069860 0.578760 -7.336250
2.292140 0.000030 -7.405250
1.965810 0.190460 -7.336250
1.914790 0.000030 -7.336250
-9.149610 8.967980 -6.609910
-9.181230 12.348230 -6.496680
-9.030660 13.699250 -7.679980
-9.018070 13.907450 -7.789200
-9.025210 13.811950 -7.727820
-8.974380 14.492350 -8.164980
-10.572150 16.781050 0.045500
-9.494670 5.843330 -7.483780
-10.113400 0.000030 -2.997200
-9.450660 14.492250 -8.164930
-9.494560 13.907450 -7.789210
-9.501740 13.811850 -7.727790
-4.942950 30.178450 11.540800
12.134250 21.991550 11.540800
12.157450 19.859350 11.540800
12.156650 0.000030 11.540800
10.572150 -16.780950 0.045500
9.494650 -5.843270 -7.483780
9.526750 12.677830 -7.483780
9.515950 13.477250 -7.602210
9.512050 13.584750 -7.637200
9.016340 13.901650 -7.803120
9.492850 13.901650 -7.803120
8.992200 14.301250 -8.012400
9.035480 13.584750 -7.637220
9.039350 13.477250 -7.602220
9.098420 7.627860 -6.946590
9.073200 5.029930 -7.056780
9.098420 7.627860 -6.946590
5.610870 0.578760 -7.336250
5.388590 0.000030 -7.405250
5.714920 0.190460 -7.336250
5.765940 0.000030 -7.336250
4.745000 0.522320 -7.483780
9.071320 4.749380 -7.065630
4.884940 0.000030 -7.483780
2.795790 0.000030 -7.483780
4.745000 -0.522260 -7.483780
2.935730 -0.522260 -7.483780
4.362650 -0.904600 -7.483780
-9.175800 11.766960 -6.516160
2.499560 -0.774090 -7.405250
1.965810 -0.190400 -7.336250
2.172760 -0.962760 -7.336250
-9.109840 1.369800 -6.750430
-9.110350 2.204771 -6.748680
-9.125000 5.586900 -6.697280
-9.050100 12.912950 -7.493830
-9.025210 13.811950 -7.727820
-9.494560 13.907450 -7.789210
-9.018070 13.907450 -7.789200
-11.959850 23.256850 11.540800
-11.998450 23.122250 11.540800
-12.154450 21.681250 11.540800
-12.157350 18.489550 11.540800
-9.484480 -0.991260 -7.483780
-9.526750 12.677830 -7.483780
-10.170980 -16.390950 -2.865360
-9.507220 13.699150 -7.679930
-9.501740 13.811850 -7.727790
-11.560050 24.652750 11.540800
-10.030950 27.216650 11.540800
-10.922950 25.967150 11.540800
-7.739860 29.130450 11.540800
-8.994740 28.246350 11.540800
-6.421810 29.759350 11.540800
-5.487520 30.024150 11.540800
12.147650 20.756650 11.540800
12.156850 10.309430 11.540800
12.147650 20.756650 11.540800
12.156550 -1.457750 11.540800
10.580750 -18.856750 0.065500
12.157050 -13.224950 11.540800
10.181750 -18.382350 -2.840770
9.526750 -12.677750 -7.483780
9.484450 0.991310 -7.483780
9.050060 12.677830 -7.483780
9.526750 12.677830 -7.483780
9.007390 0.521110 -7.483780
9.494650 -5.843270 -7.483780
9.008280 0.000030 -7.483780
9.018680 -6.078370 -7.483780
9.526750 -12.677750 -7.483780
9.050060 -12.677750 -7.483780
9.039350 13.477250 -7.602220
9.515950 13.477250 -7.602210
9.073200 5.029930 -7.056780
9.071320 4.749380 -7.065630
9.059790 3.031802 -7.119820
9.055430 1.750890 -7.140830
9.050650 0.075940 -7.164080
5.714920 -0.190400 -7.336250
5.181170 -0.774090 -7.405250
5.610870 -0.578710 -7.336250
5.507970 -0.962760 -7.336250
9.059790 3.031802 -7.119820
9.058560 2.848849 -7.125590
4.614480 -1.340780 -7.405250
-9.175800 11.766960 -6.516160
-9.149610 8.967980 -6.609910
-9.018670 6.078420 -7.483780
-9.050050 12.677830 -7.483780
-9.118270 -4.223340 -6.721000
-9.109010 0.000020 -6.753290
2.453910 -1.243910 -7.336250
2.738170 -1.528170 -7.336250
2.877580 -1.667570 -7.336250
-9.119190 4.245200 -6.717670
-9.119190 4.245200 -6.717670
-9.125000 5.586900 -6.697280
-9.050400 12.795500 -7.486300
-9.050100 12.912950 -7.493830
-9.507220 13.699150 -7.679930
-9.030660 13.699250 -7.679980
-11.593150 24.536850 11.540800
-12.121050 21.989450 11.540800
-12.157450 20.155650 11.540800
-12.157350 18.343750 11.540800
-10.525980 0.000030 -0.061600
-9.018670 6.078420 -7.483780
-9.526750 12.677830 -7.483780
-9.050050 12.677830 -7.483780
-9.494670 5.843330 -7.483780
-9.008280 0.000030 -7.483780
-9.484480 -0.991260 -7.483780
-9.007380 -0.521050 -7.483780
-9.050050 -12.677750 -7.483780
-9.526750 -12.677750 -7.483780
-9.769820 -16.160450 -5.819460
-9.527090 12.795390 -7.486290
-10.572150 -16.780950 0.045500
-9.526780 12.912850 -7.493820
-9.208460 28.034050 11.540800
-10.205350 26.972350 11.540800
-8.049540 28.912250 11.540800
-8.049540 28.912250 11.540800
12.156750 -7.341350 11.540800
12.157450 -20.228850 11.540800
12.157150 -15.923850 11.540800
9.782650 -18.097350 -5.798320
9.527050 -12.795350 -7.486290
9.052030 0.559280 -7.157370
9.007390 0.521110 -7.483780
9.008280 0.000030 -7.483780
9.527050 -12.795350 -7.486290
9.093670 -7.289450 -6.965550
9.018680 -6.078370 -7.483780
9.050060 -12.677750 -7.483780
9.060610 -3.073600 -7.116050
9.052030 0.559280 -7.157370
9.050800 0.000030 -7.163330
9.051920 -0.557600 -7.157870
9.054970 -2.079250 -7.142960
5.226820 -1.243910 -7.336250
4.942560 -1.528170 -7.336250
4.803150 -1.667570 -7.336250
9.058560 2.848849 -7.125590
4.224420 -1.822640 -7.336250
4.612720 -1.718600 -7.336250
-9.119370 -4.560060 -6.717160
-9.108300 -1.177770 -6.755760
-9.246360 -18.017850 -6.270030
-9.175440 -11.746550 -6.517470
-9.138540 -7.520050 -6.649280
-9.008280 0.000030 -7.483780
-9.109840 1.369800 -6.750430
-9.108300 -1.177770 -6.755760
-9.110350 2.204771 -6.748680
-9.109010 0.000020 -6.753290
-9.119190 4.245200 -6.717670
-9.050400 12.795500 -7.486300
-9.526780 12.912850 -7.493820
-9.527090 12.795390 -7.486290
-9.007380 -0.521050 -7.483780
-9.138540 -7.520050 -6.649280
-9.050050 -12.677750 -7.483780
-9.039340 -13.477150 -7.602220
-9.526750 -12.677750 -7.483780
-9.782690 -18.097350 -5.798320
-10.181720 -18.382350 -2.840770
12.148450 -21.850550 11.540800
12.157350 -18.258250 11.540800
12.157350 -18.343650 11.540800
10.569050 -19.897750 0.075300
12.157350 -18.258250 11.540800
12.157150 -15.923850 11.540800
10.171250 -19.374750 -2.828720
9.381790 -16.143150 -8.812700
9.526750 -12.912850 -7.493820
9.055430 1.750890 -7.140830
9.050650 0.075940 -7.164080
9.050410 -12.795450 -7.486300
9.127930 -10.531950 -6.819550
9.090600 -6.997960 -6.978680
9.067190 -4.233420 -7.084660
9.054970 -2.079250 -7.142960
9.050800 0.000030 -7.163330
9.051920 -0.557600 -7.157870
9.067190 -4.233420 -7.084660
9.060610 -3.073600 -7.116050
9.090600 -6.997960 -6.978680
9.127930 -10.531950 -6.819550
9.146560 -12.105950 -6.743530
9.169740 -14.065350 -6.648890
8.138770 -21.820450 -6.271630
-2.297050 -23.913550 -6.140210
-7.522650 -22.510050 -6.115680
2.297840 -23.906950 -6.178030
-9.118270 -4.223340 -6.721000
-9.119370 -4.560060 -6.717160
-9.249580 -18.692450 -6.241220
-9.236380 -17.464250 -6.293760
-9.177600 -11.986550 -6.509770
-9.141270 -7.941650 -6.639620
-12.156650 6.163200 11.540800
-12.156550 0.000030 11.540800
-9.141270 -7.941650 -6.639620
-9.220450 -16.030350 -6.353510
-9.039340 -13.477150 -7.602220
-9.515950 -13.477150 -7.602210
-9.515950 -13.477150 -7.602210
-9.394330 -18.065150 -8.802180
-10.580750 -18.856750 0.065500
9.773450 -19.055750 -5.787950
9.394340 -18.065150 -8.802180
9.398650 -14.866250 -8.612480
9.507250 -13.699150 -7.679930
9.526750 -12.912850 -7.493820
9.146560 -12.105950 -6.743530
9.050410 -12.795450 -7.486300
9.093670 -7.289450 -6.965550
9.071890 -4.788510 -7.063380
9.071890 -4.788510 -7.063380
9.195300 -16.141050 -6.545240
9.223270 -18.412250 -6.431830
9.219090 -18.072750 -6.448780
8.463550 -21.337250 -6.292930
8.395210 -21.438850 -6.288450
7.359640 -22.627950 -6.237030
-1.255364 -23.903150 -6.153050
0.000013 -23.890650 -6.168530
-3.558500 -23.926050 -6.124670
-8.275320 -21.671750 -6.135960
-7.392800 -22.613350 -6.113810
0.139965 -23.889250 -6.170250
-9.127190 -19.781850 -6.197550
-9.249580 -18.692450 -6.241220
-8.895790 -18.069050 -8.989520
-9.246360 -18.017850 -6.270030
-9.236380 -17.464250 -6.293760
-9.220450 -16.030350 -6.353510
-9.221730 -16.145050 -6.348730
-9.177600 -11.986550 -6.509770
-9.175440 -11.746550 -6.517470
-9.175440 -11.746550 -6.517470
-12.157050 -14.052650 11.540800
-9.035470 -13.584750 -7.637220
-9.512050 -13.584650 -7.637200
-9.035470 -13.584750 -7.637220
-9.512050 -13.584650 -7.637200
-9.381780 -16.143150 -8.812700
-9.773420 -19.055750 -5.787950
-12.157450 -20.756750 11.540800
-10.171240 -19.374750 -2.828720
12.132950 -21.990650 11.540800
10.419250 -20.922050 0.084800
10.026550 -20.337750 -2.816960
9.059320 -17.195550 -11.816500
9.366780 -15.079650 -8.887150
9.440950 -14.582650 -8.247620
9.501750 -13.811750 -7.727790
9.507250 -13.699150 -7.679930
9.050100 -12.912850 -7.493830
9.050100 -12.912850 -7.493830
9.169740 -14.065350 -6.648890
9.083260 -19.822650 -6.362550
9.195300 -16.141050 -6.545240
9.018080 -13.907350 -7.789200
9.219090 -18.072750 -6.448780
8.883670 -16.147550 -9.000010
9.223270 -18.412250 -6.431830
8.895800 -18.069050 -8.989520
8.736470 -20.771050 -6.318770
8.166710 -21.228550 -8.976120
8.395210 -21.438850 -6.288450
8.463550 -21.337250 -6.292930
8.138770 -21.820450 -6.271630
7.359640 -22.627950 -6.237030
7.162960 -22.409550 -8.974170
6.739110 -23.076850 -6.218250
0.000013 -23.890650 -6.168530
0.000004 -23.653550 -8.970610
-1.255364 -23.903150 -6.153050
-2.357220 -23.659750 -8.970670
-2.297050 -23.913550 -6.140210
-3.558500 -23.926050 -6.124670
-5.949090 -23.494850 -6.103210
-7.522650 -22.510050 -6.115680
-7.162920 -22.409550 -8.974170
-8.275320 -21.671750 -6.135960
-8.478560 -21.348150 -6.145350
-7.392800 -22.613350 -6.113810
-6.490760 -23.205450 -6.105600
5.002120 -23.782650 -6.189280
2.357230 -23.659750 -8.970670
2.297840 -23.906950 -6.178030
0.139965 -23.889250 -6.170250
-9.127190 -19.781850 -6.197550
-8.763610 -19.785950 -8.980820
-9.052170 -20.076050 -6.186750
-8.883660 -16.147650 -9.000010
-9.221730 -16.145050 -6.348730
-8.923560 -14.880550 -8.602790
-9.220450 -16.030350 -6.353510
-9.016330 -13.901550 -7.803120
-9.016330 -13.901550 -7.803120
-9.492820 -13.901550 -7.803120
-9.468560 -14.301150 -8.012360
-9.381070 -15.005250 -8.762790
-9.059310 -18.079850 -11.816500
-9.249490 -19.896950 -8.791980
-12.157450 -20.986450 11.540800
-10.569050 -19.897750 0.075300
12.022450 -22.991650 11.540800
9.633850 -19.971650 -5.777830
9.249500 -19.896950 -8.791980
9.059320 -16.165250 -11.816500
9.059320 -18.610950 -11.816500
9.354690 -15.136250 -8.992880
9.398650 -14.866250 -8.612480
9.366780 -15.079650 -8.887150
8.922590 -14.866250 -8.612480
9.450650 -14.492250 -8.164930
9.440950 -14.582650 -8.247620
8.964740 -14.582650 -8.247640
9.494550 -13.907350 -7.789210
9.501750 -13.811750 -7.727790
9.030660 -13.699250 -7.679980
9.030660 -13.699250 -7.679980
9.149410 -19.552250 -6.375370
8.974380 -14.492250 -8.164980
9.025210 -13.811850 -7.727820
8.878810 -15.136250 -8.992880
9.149410 -19.552250 -6.375370
8.545500 -21.215250 -6.298300
8.545500 -21.215250 -6.298300
6.739110 -23.076850 -6.218250
5.937470 -23.466050 -6.202240
-4.287290 -23.642150 -8.971880
-6.007150 -23.473950 -6.103080
-4.246200 -23.908550 -6.114440
-8.166690 -21.228550 -8.976120
-8.632740 -21.102650 -6.152480
-8.478560 -21.348150 -6.145350
-7.011680 -22.916250 -6.108320
-7.011680 -22.916250 -6.108320
5.002120 -23.782650 -6.189280
4.287330 -23.642150 -8.971880
-9.052170 -20.076050 -6.186750
-8.574950 -18.079750 -11.816500
-8.584500 -16.165550 -11.816500
-8.905070 -15.005350 -8.762910
-8.984350 -14.389550 -8.079540
-8.915730 -14.943750 -8.670220
-8.992190 -14.301250 -8.012400
-9.016330 -13.901550 -7.803120
-9.492820 -13.901550 -7.803120
-9.460690 -14.389550 -8.079470
-8.992190 -14.301250 -8.012400
-9.468560 -14.301150 -8.012360
-9.391770 -14.943750 -8.670120
-9.297040 -15.334650 -9.503880
-9.059310 -16.081350 -11.816500
-9.059310 -18.610950 -11.816500
-8.914780 -19.842250 -11.816500
-9.633890 -19.971650 -5.777830
-10.026590 -20.337750 -2.816960
11.650950 -24.406650 11.540800
11.953250 -23.255350 11.540800
10.109050 -21.916150 0.094100
9.731050 -21.259950 -2.805580
9.059320 -16.165250 -11.816500
8.584570 -15.755350 -11.816500
9.059320 -15.755350 -11.816500
8.584560 -15.778950 -11.816500
8.584510 -16.165550 -11.816500
9.059320 -17.195550 -11.816500
8.584180 -18.432150 -11.816500
9.059320 -18.610950 -11.816500
8.499270 -19.513050 -11.816500
8.932640 -19.764650 -11.816500
8.435350 -19.761550 -11.816500
8.343380 -20.119050 -11.816500
8.897280 -19.873150 -11.816500
8.615070 -20.739150 -11.816500
7.896500 -21.098350 -11.816500
8.044930 -21.734550 -11.816500
7.529680 -21.627750 -11.816500
7.141070 -22.060150 -11.816500
7.255330 -22.602250 -11.816500
6.935610 -22.221950 -11.816500
6.294810 -22.726350 -11.816500
6.283440 -23.281750 -11.816500
5.809100 -22.990950 -11.816500
4.681720 -23.362250 -11.816500
5.931050 -23.431250 -11.816500
4.305370 -23.390750 -11.816500
5.334750 -23.684250 -11.816500
2.419460 -23.454450 -11.816500
0.000004 -23.454550 -11.816500
-8.584500 -16.165550 -11.816500
-9.059310 -15.755350 -11.816500
-8.584560 -15.755350 -11.816500
-9.059310 -16.081350 -11.816500
-9.059310 -18.079850 -11.816500
-8.584290 -17.662250 -11.816500
-8.574950 -18.079750 -11.816500
-8.550310 -19.181850 -11.816500
-9.059310 -18.610950 -11.816500
-9.059250 -18.636950 -11.816500
-8.914780 -19.842250 -11.816500
-8.453450 -19.728050 -11.816500
-8.090720 -20.740950 -11.816500
-8.508540 -20.967950 -11.816500
-7.818940 -21.223450 -11.816500
-8.252890 -21.364550 -11.816500
-7.141130 -22.060050 -11.816500
-7.858240 -21.976850 -11.816500
-7.245130 -22.575250 -11.816500
-7.050700 -22.146950 -11.816500
-6.941280 -22.228650 -11.816500
-6.188320 -22.790650 -11.816500
-7.007400 -22.807250 -11.816500
-5.702930 -23.039550 -11.816500
-6.018870 -23.416350 -11.816500
-4.677920 -23.362950 -11.816500
-4.392570 -23.410450 -11.816500
-4.307350 -23.413650 -11.816500
-3.249240 -23.454450 -11.816500
-4.899410 -23.800850 -11.816500
-1.791140 -23.454550 -11.816500
4.299040 -23.899050 -11.816500
-4.358890 -23.860350 -11.816500
-3.741890 -23.928350 -11.816500
2.418700 -23.928350 -11.816500
0.000004 -23.928350 -11.816500
-2.418690 -23.928350 -11.816500
9.159920 -15.574150 -10.788950
9.268480 -15.393050 -9.762190
8.890850 -15.079750 -8.887180
9.354690 -15.136250 -8.992880
8.878810 -15.136250 -8.992880
8.974380 -14.492250 -8.164980
9.450650 -14.492250 -8.164930
9.018080 -13.907350 -7.789200
9.494550 -13.907350 -7.789210
9.025210 -13.811850 -7.727820
8.990440 -20.202250 -6.344550
8.990440 -20.202250 -6.344550
8.763610 -19.786050 -8.980820
9.083260 -19.822650 -6.362550
8.964740 -14.582650 -8.247640
8.584510 -16.165550 -11.816500
8.877400 -15.140550 -9.005470
8.792950 -15.393050 -9.762190
8.890850 -15.079750 -8.887180
7.141070 -22.060150 -11.816500
5.841400 -23.237550 -8.973380
5.937470 -23.466050 -6.202240
5.709910 -23.576550 -6.197690
-1.791140 -23.454550 -11.816500
-4.307350 -23.413650 -11.816500
-4.246200 -23.908550 -6.114440
-5.841350 -23.237650 -8.973380
-6.007150 -23.473950 -6.103080
-5.949090 -23.494850 -6.103210
-5.402180 -23.691450 -6.104410
-7.818940 -21.223450 -11.816500
-8.632740 -21.102650 -6.152480
-6.490760 -23.205450 -6.105600
5.709910 -23.576550 -6.197690
2.419460 -23.454450 -11.816500
-8.584290 -17.662250 -11.816500
-8.550310 -19.181850 -11.816500
-8.684800 -15.574150 -10.788960
-8.877650 -15.113250 -9.005700
-8.821380 -15.334650 -9.504030
-8.923560 -14.880550 -8.602790
-9.460690 -14.389550 -8.079470
-8.984350 -14.389550 -8.079540
-8.915730 -14.943750 -8.670220
-9.399630 -14.880550 -8.602780
-9.399630 -14.880550 -8.602780
-8.905070 -15.005350 -8.762910
-9.381070 -15.005250 -8.762790
-9.391770 -14.943750 -8.670120
-8.877650 -15.113250 -9.005700
-9.297040 -15.334650 -9.503880
-9.284620 -15.363150 -9.615750
-9.159910 -15.574150 -10.788950
-9.059250 -18.636950 -11.816500
-8.508540 -20.967950 -11.816500
-9.352930 -20.835850 -5.768050
-12.095850 -22.493450 11.540800
-10.419290 -20.922050 0.084800
9.352940 -20.835850 -5.768050
8.932640 -19.764650 -11.816500
-2.418690 -23.928350 -11.816500
-4.333470 -24.130150 -8.761120
-3.741890 -23.928350 -11.816500
-4.358890 -23.860350 -11.816500
-4.899410 -23.800850 -11.816500
-6.036540 -23.688950 -8.766690
-6.018870 -23.416350 -11.816500
-7.489290 -22.780850 -8.773900
-7.007400 -22.807250 -11.816500
-7.245130 -22.575250 -11.816500
-8.593740 -21.482350 -8.782450
-7.858240 -21.976850 -11.816500
-8.252890 -21.364550 -11.816500
-9.059310 -15.755350 -11.816500
-8.684800 -15.574150 -10.788960
-9.059310 -15.755350 -11.816500
-9.159910 -15.574150 -10.788950
-8.584560 -15.755350 -11.816500
-8.584560 -15.755350 -11.816500
-8.453450 -19.728050 -11.816500
-8.090720 -20.740950 -11.816500
-7.141130 -22.060050 -11.816500
-7.050700 -22.146950 -11.816500
-6.941280 -22.228650 -11.816500
-6.188320 -22.790650 -11.816500
-5.702930 -23.039550 -11.816500
-4.677920 -23.362950 -11.816500
-4.392570 -23.410450 -11.816500
-3.249240 -23.454450 -11.816500
0.000004 -23.454550 -11.816500
4.305370 -23.390750 -11.816500
4.681720 -23.362250 -11.816500
5.809100 -22.990950 -11.816500
6.294810 -22.726350 -11.816500
6.935610 -22.221950 -11.816500
7.529680 -21.627750 -11.816500
7.896500 -21.098350 -11.816500
8.343380 -20.119050 -11.816500
8.435350 -19.761550 -11.816500
8.499270 -19.513050 -11.816500
8.584180 -18.432150 -11.816500
8.584560 -15.778950 -11.816500
8.684800 -15.574150 -10.788960
8.584570 -15.755350 -11.816500
8.684800 -15.574150 -10.788960
9.059320 -15.755350 -11.816500
8.584570 -15.755350 -11.816500
9.159920 -15.574150 -10.788950
9.059320 -15.755350 -11.816500
8.897280 -19.873150 -11.816500
8.593750 -21.482350 -8.782450
8.615070 -20.739150 -11.816500
8.044930 -21.734550 -11.816500
7.489320 -22.780850 -8.773900
7.255330 -22.602250 -11.816500
6.036560 -23.688950 -8.766690
6.283440 -23.281750 -11.816500
5.931050 -23.431250 -11.816500
5.334750 -23.684250 -11.816500
4.333490 -24.130150 -8.761120
4.299040 -23.899050 -11.816500
2.349110 -24.149050 -8.757540
2.418700 -23.928350 -11.816500
0.000004 -24.142350 -8.756270
0.000004 -23.928350 -11.816500
-2.349100 -24.149050 -8.757540
8.877400 -15.140550 -9.005470
9.268480 -15.393050 -9.762190
8.792950 -15.393050 -9.762190
8.922590 -14.866250 -8.612480
-5.402180 -23.691450 -6.104410
-8.792940 -15.393050 -9.762190
-8.809010 -15.363150 -9.615890
-8.821380 -15.334650 -9.504030
-8.809010 -15.363150 -9.615890
-9.284620 -15.363150 -9.615750
-9.268480 -15.393050 -9.762190
-9.731000 -21.259950 -2.805580
11.593250 -24.535350 11.540800
9.638250 -22.864850 0.102900
9.288050 -22.131450 -2.794680
-8.792940 -15.393050 -9.762190
-9.159910 -15.574150 -10.788950
-9.268480 -15.393050 -9.762190
-8.684800 -15.574150 -10.788960
9.159920 -15.574150 -10.788950
8.684800 -15.574150 -10.788960
-8.937850 -21.643150 -5.758680
-11.800050 -23.943650 11.540800
-11.940750 -23.253850 11.540800
-10.109070 -21.916150 0.094100
8.937860 -21.643150 -5.758680
-4.310210 -24.443850 -5.715840
-5.252660 -24.287450 -5.720970
-6.977710 -23.576350 -5.733900
-8.394520 -22.382650 -5.749810
8.394510 -22.382650 -5.749810
6.977720 -23.576350 -5.733900
5.252660 -24.287450 -5.720970
2.280990 -24.447750 -5.708640
0.000004 -24.435250 -5.706100
-2.280980 -24.447750 -5.708640
-9.288040 -22.131450 -2.794680
11.057650 -25.731050 11.540800
9.008790 -23.746550 0.111300
8.701650 -22.935750 -2.784370
-6.144980 -23.996750 -5.727020
-7.735120 -23.033650 -5.741520
7.735150 -23.033650 -5.741520
6.144990 -23.996750 -5.727020
4.310220 -24.443850 -5.715840
-11.241850 -25.377850 11.540800
-11.572750 -24.527850 11.540800
-9.638240 -22.864850 0.102900
10.833250 -26.115550 11.540800
-5.293540 -25.001550 -2.750830
-4.288070 -25.165450 -2.744860
-6.255840 -24.691350 -2.757870
-7.160200 -24.237050 -2.765860
-7.985050 -23.646150 -2.774730
-8.701660 -22.935750 -2.784370
7.985080 -23.646150 -2.774730
7.160220 -24.237050 -2.765860
6.255850 -24.691350 -2.757870
5.293550 -25.001550 -2.750830
4.288080 -25.165450 -2.744860
0.000004 -25.154450 -2.733530
2.213170 -25.167950 -2.736490
-2.213160 -25.167950 -2.736490
10.202950 -26.970150 11.540800
8.235010 -24.527950 0.119100
-10.999250 -25.781950 11.540800
-9.008800 -23.746550 0.111300
9.963450 -27.294850 11.540800
-6.366700 -25.675750 0.132800
-5.334420 -26.014050 0.138500
-4.265940 -26.192550 0.143400
-7.342700 -25.177850 0.126300
-8.234990 -24.527950 0.119100
7.342710 -25.177850 0.126300
6.366710 -25.675750 0.132800
5.334430 -26.014050 0.138500
4.265940 -26.192550 0.143400
2.145350 -26.203650 0.150200
-2.145340 -26.203650 0.150200
0.000004 -26.192750 0.152600
-10.999250 -25.781950 11.540800
-10.490270 -26.629950 11.540800
9.205980 -28.031050 11.540800
-9.493230 -27.793350 11.540800
8.923110 -28.305950 11.540800
-7.040590 -29.497250 11.540800
-5.671060 -30.006550 11.540800
-5.056660 -30.155750 11.540800
-2.066460 -30.338050 11.540800
-8.368040 -28.728150 11.540800
7.335160 -29.352350 11.540800
5.910570 -29.935650 11.540800
4.474240 -30.255550 11.540800
2.954470 -30.338350 11.540800
1.877410 -30.338150 11.540800
-1.877400 -30.338050 11.540800
8.574520 -28.579050 11.540800
-6.798550 -29.587250 11.540800
-8.051600 -28.911450 11.540800
-5.494860 -30.049350 11.540800
-4.175070 -30.263150 11.540800
-3.613250 -30.331550 11.540800
8.048180 -28.907450 11.540800
5.490480 -30.029250 11.540800
4.177430 -30.271750 11.540800
0.000004 -30.337850 11.540800
-0.318755 -30.337750 11.540800
-4.175070 -30.263150 11.540800
-5.714690 32.267250 11.284800
-6.671890 32.004450 11.028700
-5.729950 32.334050 11.028700
-8.056230 31.447850 11.284800
-8.085990 31.509650 11.028700
-6.694110 32.067950 10.241000
-3.249530 32.613550 11.028700
-5.672980 32.084450 11.472200
-7.974910 31.278950 11.472200
-9.777660 30.446750 11.028700
-3.249530 32.613550 10.241000
-3.249530 32.544950 11.284800
-5.616010 31.834850 11.540800
-7.863820 31.048350 11.540800
-10.156740 30.128050 11.284800
-10.039880 29.981450 11.472200
-9.801510 30.484650 10.241000
0.000004 -30.337850 11.540800
-1.877400 -30.338050 11.540800
-0.318755 -30.337750 11.540800
1.877410 -30.338150 11.540800
-2.066460 -30.338050 11.540800
5.616020 31.834850 11.540800
-3.249530 32.101550 11.540800
7.863830 31.048350 11.540800
4.557470 30.243850 11.540800
9.880250 29.781350 11.540800
1.781740 30.338050 11.540800
1.877410 30.337850 11.540800
4.177240 30.276750 11.540800
5.489830 30.027450 11.540800
5.980620 29.913550 11.540800
6.792000 29.573550 11.540800
11.564150 28.097350 11.540800
7.399910 29.318750 11.540800
8.633100 28.535050 11.540800
9.200020 28.023250 11.540800
12.831250 26.080950 11.540800
9.775150 27.503950 11.540800
10.679550 26.355750 11.540800
11.413850 25.008050 11.540800
13.617750 23.833150 11.540800
11.577050 24.530850 11.540800
11.886850 23.625250 11.540800
13.884350 21.466650 11.540800
11.946650 23.256050 11.540800
12.133050 22.107350 11.540800
12.134250 21.991550 11.540800
12.147650 20.756650 11.540800
13.884350 -21.466650 11.540800
12.157450 19.859350 11.540800
12.156850 10.309430 11.540800
12.156650 0.000030 11.540800
12.156550 -1.457750 11.540800
12.156750 -7.341350 11.540800
12.157050 -13.224950 11.540800
12.157150 -15.923850 11.540800
12.157350 -18.258250 11.540800
12.157350 -18.343650 11.540800
12.157450 -20.228850 11.540800
12.148450 -21.850550 11.540800
13.617750 -23.833050 11.540800
12.132950 -21.990650 11.540800
12.022450 -22.991650 11.540800
11.953250 -23.255350 11.540800
11.650950 -24.406650 11.540800
12.831250 -26.080850 11.540800
11.593250 -24.535350 11.540800
11.057650 -25.731050 11.540800
10.833250 -26.115550 11.540800
11.564150 -28.097350 11.540800
10.202950 -26.970150 11.540800
9.963450 -27.294850 11.540800
9.205980 -28.031050 11.540800
8.923110 -28.305950 11.540800
9.880250 -29.781250 11.540800
8.574520 -28.579050 11.540800
8.048180 -28.907450 11.540800
7.335160 -29.352350 11.540800
5.910570 -29.935650 11.540800
7.863830 -31.048250 11.540800
5.490480 -30.029250 11.540800
4.474240 -30.255550 11.540800
4.177430 -30.271750 11.540800
2.954470 -30.338350 11.540800
-3.483700 30.335750 11.540800
-9.880250 29.781350 11.540800
-1.877400 30.336850 11.540800
-0.375237 30.337850 11.540800
0.000004 30.337850 11.540800
-4.175240 30.261250 11.540800
-4.942950 30.178450 11.540800
-5.487520 30.024150 11.540800
-6.421810 29.759350 11.540800
-11.564150 28.097350 11.540800
-7.739860 29.130450 11.540800
-8.049540 28.912250 11.540800
-8.994740 28.246350 11.540800
-9.208460 28.034050 11.540800
-12.831150 26.080950 11.540800
-10.030950 27.216650 11.540800
-10.205350 26.972350 11.540800
-10.922950 25.967150 11.540800
-13.617750 23.833150 11.540800
-11.560050 24.652750 11.540800
-11.593150 24.536850 11.540800
-11.959850 23.256850 11.540800
-13.884350 21.466650 11.540800
-11.998450 23.122250 11.540800
-12.121050 21.989450 11.540800
-12.154450 21.681250 11.540800
-12.157450 20.155650 11.540800
-13.884350 -21.466650 11.540800
-12.157350 18.489550 11.540800
-12.157350 18.343750 11.540800
-12.156650 6.163200 11.540800
-12.156550 0.000030 11.540800
-12.157050 -14.052650 11.540800
-12.157450 -20.756750 11.540800
-12.157450 -20.986450 11.540800
-12.095850 -22.493450 11.540800
-13.617750 -23.833050 11.540800
-11.940750 -23.253850 11.540800
-11.800050 -23.943650 11.540800
-12.831150 -26.080850 11.540800
-11.572750 -24.527850 11.540800
-11.241850 -25.377850 11.540800
-10.999250 -25.781950 11.540800
-10.490270 -26.629950 11.540800
-11.564150 -28.097350 11.540800
-9.493230 -27.793350 11.540800
-8.368040 -28.728150 11.540800
-9.880250 -29.781250 11.540800
-8.051600 -28.911450 11.540800
-7.040590 -29.497250 11.540800
-6.798550 -29.587250 11.540800
-5.671060 -30.006550 11.540800
-7.863820 -31.048250 11.540800
-5.494860 -30.049350 11.540800
-5.056660 -30.155750 11.540800
-4.175070 -30.263150 11.540800
-3.613250 -30.331550 11.540800
5.616020 -31.834850 11.540800
-5.616010 -31.834850 11.540800
-3.249530 -32.101450 11.540800
-3.249530 32.357550 11.472200
-11.910850 28.373850 11.284800
-11.764350 28.257050 11.472200
-10.199510 30.181650 11.028700
5.729960 32.334050 11.028700
14.140450 -21.466650 11.472200
14.140450 21.466650 11.472200
13.867350 -23.890050 11.472200
13.061850 -26.191950 11.472200
11.764350 -28.256950 11.472200
10.039850 -29.981450 11.472200
7.974910 -31.278950 11.472200
5.672990 -32.084450 11.472200
-3.249530 -32.357450 11.472200
-5.672980 -32.084450 11.472200
-7.974910 -31.278950 11.472200
-10.039880 -29.981450 11.472200
-11.764350 -28.256950 11.472200
-13.061850 -26.191950 11.472200
-13.867350 -23.890050 11.472200
-14.140450 -21.466650 11.472200
-14.140450 21.466650 11.472200
-13.867350 23.890150 11.472200
-13.061850 26.192050 11.472200
5.672990 32.084450 11.472200
7.974910 31.278950 11.472200
10.039850 29.981450 11.472200
11.764350 28.257050 11.472200
13.061850 26.192050 11.472200
13.867350 23.890150 11.472200
-11.964550 28.416650 11.028700
-12.267550 28.018650 10.241000
6.694120 32.067950 10.241000
5.714690 32.267250 11.284800
14.327850 21.466650 11.284800
14.327850 -21.466650 11.284800
14.050050 -23.931750 11.284800
13.230750 -26.273350 11.284800
11.910950 -28.373850 11.284800
10.156750 -30.127950 11.284800
8.056230 -31.447850 11.284800
5.714690 -32.267150 11.284800
-3.249530 -32.544850 11.284800
-5.714690 -32.267150 11.284800
-8.056230 -31.447850 11.284800
-10.156740 -30.127950 11.284800
-11.910850 -28.373850 11.284800
-13.230750 -26.273350 11.284800
-14.050050 -23.931750 11.284800
-14.327850 -21.466650 11.284800
-14.327850 21.466650 11.284800
-14.050050 23.931850 11.284800
-13.230750 26.273350 11.284800
8.056230 31.447850 11.284800
10.156750 30.128050 11.284800
11.910950 28.373850 11.284800
13.230750 26.273350 11.284800
14.050050 23.931850 11.284800
-13.292550 26.303150 11.028700
6.671900 32.004450 11.028700
14.396450 21.466650 11.028700
14.396450 -21.466650 11.028700
14.116950 -23.947050 11.028700
13.787350 -24.888950 11.028700
13.292550 -26.303050 11.028700
10.199550 -30.181650 11.028700
11.964550 -28.416550 11.028700
9.777650 -30.446650 11.028700
6.671900 -32.004450 11.028700
8.086000 -31.509650 11.028700
-3.249530 -32.613550 11.028700
-6.671890 -32.004450 11.028700
-8.085990 -31.509650 11.028700
-9.777660 -30.446650 11.028700
-10.199510 -30.181650 11.028700
-11.964550 -28.416550 11.028700
-13.292550 -26.303050 11.028700
-13.787350 -24.888950 11.028700
-14.116950 -23.947050 11.028700
-14.396450 -21.466650 11.028700
-14.396450 21.466650 11.028700
-14.116950 23.947050 11.028700
-13.787350 24.889050 11.028700
8.086000 31.509650 11.028700
9.777650 30.446750 11.028700
10.199550 30.181650 11.028700
11.964550 28.416650 11.028700
13.292550 26.303150 11.028700
13.787350 24.889050 11.028700
14.116950 23.947050 11.028700
14.396450 21.466650 10.241000
14.396450 -21.466650 10.241000
13.850850 -24.911150 10.241000
12.267550 -28.018550 10.241000
6.694120 -32.067950 10.241000
5.729960 -32.334050 11.028700
-3.249530 -32.613550 10.241000
-5.729950 -32.334050 11.028700
-6.694110 -32.067950 10.241000
-9.801510 -30.484650 10.241000
-13.850850 -24.911150 10.241000
-14.396450 -21.466650 10.241000
-14.396450 21.466650 10.241000
-13.850850 24.911250 10.241000
9.801550 30.484650 10.241000
13.850850 24.911250 10.241000
9.801550 -30.484650 10.241000
-12.267550 -28.018550 10.241000
12.267550 28.018650 10.241000
